시도명,구시군명,읍면동명,투표구명,선거인수,투표수,"새누리당
박근혜","민주통합당
문재인","무소속
박종선","무소속
김소연","무소속
강지원","무소속
김순자",계,"무효
투표수",기권수
전국,합계,,,40507842,30721459,15773128,14692632,12854,16687,53303,46017,30594621,126838,9786383
서울특별시,합계,,,8393847,6307869,3024572,3227639,3559,3793,11829,5307,6276699,31170,2085978
서울특별시,종로구,소계,,141447,103189,49422,52747,73,86,211,97,102636,553,38258
서울특별시,종로구,재외투표,,2138,1626,798,807,1,0,5,6,1617,9,512
서울특별시,종로구,국내부재자투표,,2689,2507,1167,1274,2,3,6,7,2459,48,182
서울특별시,종로구,소계,,136620,99052,47457,50662,70,83,200,84,98556,496,37568
서울특별시,종로구,청운효자동,소계,11605,8907,4233,4598,4,10,18,4,8867,40,2698
서울특별시,종로구,,청운효자동제1투,3596,2631,1302,1307,1,4,8,1,2623,8,965
서울특별시,종로구,,청운효자동제2투,4068,3159,1576,1556,3,3,4,2,3144,15,909
서울특별시,종로구,,청운효자동제3투,3941,3117,1355,1735,0,3,6,1,3100,17,824
서울특별시,종로구,사직동,소계,8342,6040,3448,2551,4,5,10,2,6020,20,2302
서울특별시,종로구,,사직동제1투,3799,2637,1272,1346,2,2,4,1,2627,10,1162
서울특별시,종로구,,사직동제2투,4543,3403,2176,1205,2,3,6,1,3393,10,1140
서울특별시,종로구,삼청동,소계,2767,2032,1099,909,0,1,9,2,2020,12,735
서울특별시,종로구,,삼청동투표소,2767,2032,1099,909,0,1,9,2,2020,12,735
서울특별시,종로구,부암동,소계,8897,6688,3381,3256,3,6,9,3,6658,30,2209
서울특별시,종로구,,부암동제1투,3500,2460,1200,1239,1,2,4,1,2447,13,1040
서울특별시,종로구,,부암동제2투,2731,2162,1086,1058,2,3,3,2,2154,8,569
서울특별시,종로구,,부암동제3투,2666,2066,1095,959,0,1,2,0,2057,9,600
서울특별시,종로구,평창동,소계,15575,11753,6958,4700,1,8,31,7,11705,48,3822
서울특별시,종로구,,평창동제1투,3113,2222,1291,910,0,3,10,1,2215,7,891
서울특별시,종로구,,평창동제2투,4605,3448,2188,1230,1,3,8,1,3431,17,1157
서울특별시,종로구,,평창동제3투,2516,1912,1134,761,0,1,6,1,1903,9,604
서울특별시,종로구,,평창동제4투,2498,2010,1110,889,0,0,4,2,2005,5,488
서울특별시,종로구,,평창동제5투,2843,2161,1235,910,0,1,3,2,2151,10,682
서울특별시,종로구,무악동,소계,6589,5117,2502,2568,2,1,12,4,5089,28,1472
서울특별시,종로구,,무악동제1투,2358,1921,950,956,0,1,2,3,1912,9,437
서울특별시,종로구,,무악동제2투,4231,3196,1552,1612,2,0,10,1,3177,19,1035
서울특별시,종로구,교남동,소계,7414,5100,2384,2665,4,8,6,8,5075,25,2314
서울특별시,종로구,,교남동제1투,4349,2967,1360,1575,3,7,2,7,2954,13,1382
서울특별시,종로구,,교남동제2투,3065,2133,1024,1090,1,1,4,1,2121,12,932
서울특별시,종로구,가회동,소계,4476,3403,1665,1705,1,3,7,9,3390,13,1073
서울특별시,종로구,,가회동투표소,4476,3403,1665,1705,1,3,7,9,3390,13,1073
서울특별시,종로구,종로1·2·3·4가동,소계,7270,4440,2432,1957,7,4,10,4,4414,26,2830
서울특별시,종로구,,종로1·2·3·4가동제1투,3949,2073,1205,842,4,1,5,2,2059,14,1876
서울특별시,종로구,,종로1·2·3·4가동제2투,3321,2367,1227,1115,3,3,5,2,2355,12,954
서울특별시,종로구,종로5·6가동,소계,5213,3574,1715,1844,2,2,4,1,3568,6,1639
서울특별시,종로구,,종로5·6가동제1투,2410,1577,821,747,0,2,4,0,1574,3,833
서울특별시,종로구,,종로5·6가동제2투,2803,1997,894,1097,2,0,0,1,1994,3,806
서울특별시,종로구,이화동,소계,7697,5608,2318,3244,5,5,9,4,5585,23,2089
서울특별시,종로구,,이화동제1투,3950,3016,1204,1786,3,2,3,2,3000,16,934
서울특별시,종로구,,이화동제2투,3747,2592,1114,1458,2,3,6,2,2585,7,1155
서울특별시,종로구,혜화동,소계,15254,11642,4782,6728,6,15,33,13,11577,65,3612
서울특별시,종로구,,혜화동제1투,3537,2783,1143,1617,2,2,5,2,2771,12,754
서울특별시,종로구,,혜화동제2투,3081,2317,986,1308,2,0,6,1,2303,14,764
서울특별시,종로구,,혜화동제3투,3217,2487,1157,1304,1,5,5,3,2475,12,730
서울특별시,종로구,,혜화동제4투,2866,2138,716,1394,0,4,10,3,2127,11,728
서울특별시,종로구,,혜화동제5투,2553,1917,780,1105,1,4,7,4,1901,16,636
서울특별시,종로구,창신제1동,소계,5665,3680,1619,2018,7,1,12,5,3662,18,1985
서울특별시,종로구,,창신제1동제1투,1924,998,496,487,2,0,5,2,992,6,926
서울특별시,종로구,,창신제1동제2투,3741,2682,1123,1531,5,1,7,3,2670,12,1059
서울특별시,종로구,창신제2동,소계,9250,6435,2548,3811,8,4,11,5,6387,48,2815
서울특별시,종로구,,창신제2동제1투,2555,1625,658,948,0,2,7,0,1615,10,930
서울특별시,종로구,,창신제2동제2투,3296,2403,1000,1378,3,0,1,1,2383,20,893
서울특별시,종로구,,창신제2동제3투,3399,2407,890,1485,5,2,3,4,2389,18,992
서울특별시,종로구,창신제3동,소계,6620,5020,2134,2838,5,3,7,3,4990,30,1600
서울특별시,종로구,,창신제3동제1투,2583,1811,723,1058,2,1,2,1,1787,24,772
서울특별시,종로구,,창신제3동제2투,4037,3209,1411,1780,3,2,5,2,3203,6,828
서울특별시,종로구,숭인제1동,소계,6051,4261,1877,2343,4,2,5,7,4238,23,1790
서울특별시,종로구,,숭인제1동제1투,3398,2229,1037,1178,1,1,1,4,2222,7,1169
서울특별시,종로구,,숭인제1동제2투,2653,2032,840,1165,3,1,4,3,2016,16,621
서울특별시,종로구,숭인제2동,소계,7935,5352,2362,2927,7,5,7,3,5311,41,2583
서울특별시,종로구,,숭인제2동제1투,1763,1136,555,567,1,0,1,1,1125,11,627
서울특별시,종로구,,숭인제2동제2투,3407,2199,965,1209,3,3,3,2,2185,14,1208
서울특별시,종로구,,숭인제2동제3투,2765,2017,842,1151,3,2,3,0,2001,16,748
서울특별시,종로구,잘못 투입·구분된 투표지,,0,4,0,4,0,0,0,0,4,0,-4
서울특별시,중구,소계,,115277,83095,40289,41919,67,56,151,71,82553,542,32182
서울특별시,중구,재외투표,,1534,1162,658,490,0,2,2,0,1152,10,372
서울특별시,중구,국내부재자투표,,1986,1852,862,921,4,3,9,5,1804,48,134
서울특별시,중구,소계,,111757,80080,38768,40508,63,51,140,66,79596,484,31677
서울특별시,중구,소공동,소계,1153,782,375,399,2,1,2,2,781,1,371
서울특별시,중구,,소공동제1투,540,327,145,178,1,1,0,1,326,1,213
서울특별시,중구,,소공동제2투,613,455,230,221,1,0,2,1,455,0,158
서울특별시,중구,회현동,소계,5262,3204,1872,1295,3,3,2,4,3179,25,2058
서울특별시,중구,,회현동제1투,4043,2520,1467,1027,2,3,1,2,2502,18,1523
서울특별시,중구,,회현동제2투,1219,684,405,268,1,0,1,2,677,7,535
서울특별시,중구,명동,소계,3038,2008,1020,969,2,1,3,2,1997,11,1030
서울특별시,중구,,명동제1투,2689,1796,904,876,2,0,3,2,1787,9,893
서울특별시,중구,,명동제2투,349,212,116,93,0,1,0,0,210,2,137
서울특별시,중구,필동,소계,3986,2788,1421,1333,2,2,7,3,2768,20,1198
서울특별시,중구,,필동제1투,1966,1313,679,619,1,1,3,0,1303,10,653
서울특별시,중구,,필동제2투,2020,1475,742,714,1,1,4,3,1465,10,545
서울특별시,중구,장충동,소계,4775,3467,1521,1912,1,5,7,1,3447,20,1308
서울특별시,중구,,장충동제1투,2543,1800,908,873,1,4,3,1,1790,10,743
서울특별시,중구,,장충동제2투,2232,1667,613,1039,0,1,4,0,1657,10,565
서울특별시,중구,광희동,소계,4971,3344,1798,1513,3,2,6,2,3324,20,1627
서울특별시,중구,,광희동제1투,2622,1618,845,755,0,0,4,0,1604,14,1004
서울특별시,중구,,광희동제2투,2349,1726,953,758,3,2,2,2,1720,6,623
서울특별시,중구,을지로동,소계,1796,1127,669,446,1,1,1,2,1120,7,669
서울특별시,중구,,을지로동제1투,1001,577,377,195,0,1,0,1,574,3,424
서울특별시,중구,,을지로동제2투,795,550,292,251,1,0,1,1,546,4,245
서울특별시,중구,신당제1동,소계,6661,4533,2180,2303,6,2,9,1,4501,32,2128
서울특별시,중구,,신당제1동제1투,3009,1962,907,1032,3,1,3,1,1947,15,1047
서울특별시,중구,,신당제1동제2투,745,533,280,248,2,0,0,0,530,3,212
서울특별시,중구,,신당제1동제3투,2907,2038,993,1023,1,1,6,0,2024,14,869
서울특별시,중구,신당제2동,소계,13670,9734,4347,5296,5,10,8,7,9673,61,3936
서울특별시,중구,,신당제2동제1투,3609,2508,1190,1294,1,5,1,3,2494,14,1101
서울특별시,중구,,신당제2동제2투,3421,2473,1147,1305,1,2,3,1,2459,14,948
서울특별시,중구,,신당제2동제3투,3366,2368,981,1359,2,2,2,2,2348,20,998
서울특별시,중구,,신당제2동제4투,3274,2385,1029,1338,1,1,2,1,2372,13,889
서울특별시,중구,신당제3동,소계,15980,11778,5827,5844,10,7,21,10,11719,59,4202
서울특별시,중구,,신당제3동제1투,2390,1573,822,723,4,0,5,0,1554,19,817
서울특별시,중구,,신당제3동제2투,2378,1825,826,982,1,4,2,2,1817,8,553
서울특별시,중구,,신당제3동제3투,3588,2693,1443,1232,1,0,6,3,2685,8,895
서울특별시,중구,,신당제3동제4투,3743,2873,1469,1391,0,1,2,1,2864,9,870
서울특별시,중구,,신당제3동제5투,3881,2814,1267,1516,4,2,6,4,2799,15,1067
서울특별시,중구,신당제4동,소계,12780,9809,4627,5081,4,7,19,9,9747,62,2971
서울특별시,중구,,신당제4동제1투,1890,1366,598,750,1,2,3,2,1356,10,524
서울특별시,중구,,신당제4동제2투,2461,1663,732,914,1,2,5,0,1654,9,798
서울특별시,중구,,신당제4동제3투,2637,2200,1165,1021,0,0,1,1,2188,12,437
서울특별시,중구,,신당제4동제4투,2472,1963,829,1109,2,0,5,2,1947,16,509
서울특별시,중구,,신당제4동제5투,3320,2617,1303,1287,0,3,5,4,2602,15,703
서울특별시,중구,신당제5동,소계,8515,6047,2779,3208,4,2,13,10,6016,31,2468
서울특별시,중구,,신당제5동제1투,2627,1699,775,900,2,2,2,3,1684,15,928
서울특별시,중구,,신당제5동제2투,4304,3228,1485,1721,1,0,8,3,3218,10,1076
서울특별시,중구,,신당제5동제3투,1584,1120,519,587,1,0,3,4,1114,6,464
서울특별시,중구,신당제6동,소계,9491,7358,3656,3634,6,3,13,3,7315,43,2133
서울특별시,중구,,신당제6동제1투,1983,1416,698,696,2,3,4,1,1404,12,567
서울특별시,중구,,신당제6동제2투,2609,2132,1116,1002,1,0,5,0,2124,8,477
서울특별시,중구,,신당제6동제3투,2811,2248,1138,1093,1,0,4,0,2236,12,563
서울특별시,중구,,신당제6동제4투,2088,1562,704,843,2,0,0,2,1551,11,526
서울특별시,중구,황학동,소계,10423,7434,3526,3828,6,4,13,6,7383,51,2989
서울특별시,중구,,황학동제1투,4524,3038,1423,1579,4,2,6,0,3014,24,1486
서울특별시,중구,,황학동제2투,2042,1467,665,786,1,0,2,5,1459,8,575
서울특별시,중구,,황학동제3투,3857,2929,1438,1463,1,2,5,1,2910,19,928
서울특별시,중구,중림동,소계,9256,6667,3150,3447,8,1,16,4,6626,41,2589
서울특별시,중구,,중림동제1투,2421,1568,711,845,0,0,2,1,1559,9,853
서울특별시,중구,,중림동제2투,892,561,248,307,0,0,0,1,556,5,331
서울특별시,중구,,중림동제3투,3494,2516,1169,1323,6,0,3,1,2502,14,978
서울특별시,중구,,중림동제4투,2449,2022,1022,972,2,1,11,1,2009,13,427
서울특별시,중구,잘못 투입·구분된 투표지,,0,1,1,0,0,0,0,0,1,0,-1
서울특별시,용산구,소계,,206665,147849,76997,69572,87,96,261,121,147134,715,58816
서울특별시,용산구,재외투표,,2834,2181,1175,989,0,3,2,4,2173,8,653
서울특별시,용산구,국내부재자투표,,3678,3412,1752,1579,3,10,7,7,3358,54,266
서울특별시,용산구,소계,,200153,142240,74063,66995,84,83,252,110,141587,653,57913
서울특별시,용산구,후암동,소계,16097,11420,5135,6187,11,10,17,10,11370,50,4677
서울특별시,용산구,,후암동제1투,4399,2876,1200,1654,4,1,4,2,2865,11,1523
서울특별시,용산구,,후암동제2투,3797,2703,1208,1470,4,3,2,4,2691,12,1094
서울특별시,용산구,,후암동제3투,3925,2861,1369,1466,2,3,5,3,2848,13,1064
서울특별시,용산구,,후암동제4투,3976,2980,1358,1597,1,3,6,1,2966,14,996
서울특별시,용산구,용산2가동,소계,10761,7552,3634,3859,6,7,7,6,7519,33,3209
서울특별시,용산구,,용산2가동제1투,3574,2360,1134,1206,2,5,3,1,2351,9,1214
서울특별시,용산구,,용산2가동제2투,2444,1765,894,856,2,0,2,2,1756,9,679
서울특별시,용산구,,용산2가동제3투,2384,1740,849,880,0,1,1,1,1732,8,644
서울특별시,용산구,,용산2가동제4투,2359,1687,757,917,2,1,1,2,1680,7,672
서울특별시,용산구,남영동,소계,6874,4304,1999,2269,2,1,8,0,4279,25,2570
서울특별시,용산구,,남영동제1투,3775,2347,1075,1262,0,0,3,0,2340,7,1428
서울특별시,용산구,,남영동제2투,3099,1957,924,1007,2,1,5,0,1939,18,1142
서울특별시,용산구,청파동,소계,19260,13754,5751,7893,8,11,18,14,13695,59,5506
서울특별시,용산구,,청파동제1투,3382,2022,908,1098,1,1,1,3,2012,10,1360
서울특별시,용산구,,청파동제2투,2802,2016,829,1171,4,2,3,0,2009,7,786
서울특별시,용산구,,청파동제3투,3071,2286,953,1320,0,0,0,2,2275,11,785
서울특별시,용산구,,청파동제4투,4008,2961,1214,1720,1,3,5,3,2946,15,1047
서울특별시,용산구,,청파동제5투,2967,2167,917,1234,1,3,2,3,2160,7,800
서울특별시,용산구,,청파동제6투,3030,2302,930,1350,1,2,7,3,2293,9,728
서울특별시,용산구,원효로제1동,소계,10351,7656,3654,3935,4,3,14,6,7616,40,2695
서울특별시,용산구,,원효로제1동제1투,3538,2634,1192,1413,3,2,5,2,2617,17,904
서울특별시,용산구,,원효로제1동제2투,3197,2409,1116,1273,1,0,4,1,2395,14,788
서울특별시,용산구,,원효로제1동제3투,3616,2613,1346,1249,0,1,5,3,2604,9,1003
서울특별시,용산구,원효로제2동,소계,12391,9468,4718,4684,4,5,15,4,9430,38,2923
서울특별시,용산구,,원효로제2동제1투,5056,3849,1967,1860,0,1,6,2,3836,13,1207
서울특별시,용산구,,원효로제2동제2투,3676,2843,1496,1328,1,2,4,1,2832,11,833
서울특별시,용산구,,원효로제2동제3투,3659,2776,1255,1496,3,2,5,1,2762,14,883
서울특별시,용산구,효창동,소계,8952,6960,3317,3587,0,4,13,4,6925,35,1992
서울특별시,용산구,,효창동제1투,3458,2646,1237,1388,0,2,8,0,2635,11,812
서울특별시,용산구,,효창동제2투,2832,2277,1071,1191,0,1,2,3,2268,9,555
서울특별시,용산구,,효창동제3투,2662,2037,1009,1008,0,1,3,1,2022,15,625
서울특별시,용산구,용문동,소계,10395,7798,3686,4048,5,6,18,6,7769,29,2597
서울특별시,용산구,,용문동제1투,3935,2728,1217,1490,4,2,5,2,2720,8,1207
서울특별시,용산구,,용문동제2투,3139,2287,1102,1169,1,0,4,1,2277,10,852
서울특별시,용산구,,용문동제3투,3321,2783,1367,1389,0,4,9,3,2772,11,538
서울특별시,용산구,한강로동,소계,13285,9251,5509,3653,9,4,21,11,9207,44,4034
서울특별시,용산구,,한강로동제1투,2904,2107,1214,874,1,1,6,2,2098,9,797
서울특별시,용산구,,한강로동제2투,1727,718,391,317,0,0,1,3,712,6,1009
서울특별시,용산구,,한강로동제3투,1817,1297,638,644,3,0,2,3,1290,7,520
서울특별시,용산구,,한강로동제4투,4575,3488,2412,1050,2,1,9,1,3475,13,1087
서울특별시,용산구,,한강로동제5투,2262,1641,854,768,3,2,3,2,1632,9,621
서울특별시,용산구,이촌제1동,소계,20504,15484,9979,5400,4,6,36,6,15431,53,5020
서울특별시,용산구,,이촌제1동제1투,4555,3543,2563,958,0,1,9,0,3531,12,1012
서울특별시,용산구,,이촌제1동제2투,5815,3960,2319,1601,3,2,12,4,3941,19,1855
서울특별시,용산구,,이촌제1동제3투,3861,3040,2041,982,0,2,5,0,3030,10,821
서울특별시,용산구,,이촌제1동제4투,4145,3356,1943,1395,1,1,8,1,3349,7,789
서울특별시,용산구,,이촌제1동제5투,2128,1585,1113,464,0,0,2,1,1580,5,543
서울특별시,용산구,이촌제2동,소계,8544,6522,3408,3058,4,2,11,7,6490,32,2022
서울특별시,용산구,,이촌제2동제1투,2991,2158,1065,1077,2,1,2,4,2151,7,833
서울특별시,용산구,,이촌제2동제2투,2783,2172,1177,977,1,0,2,2,2159,13,611
서울특별시,용산구,,이촌제2동제3투,2770,2192,1166,1004,1,1,7,1,2180,12,578
서울특별시,용산구,이태원제1동,소계,7334,4678,2661,1967,3,5,5,6,4647,31,2656
서울특별시,용산구,,이태원제1동제1투,4311,2587,1461,1103,0,3,1,2,2570,17,1724
서울특별시,용산구,,이태원제1동제2투,3023,2091,1200,864,3,2,4,4,2077,14,932
서울특별시,용산구,이태원제2동,소계,9365,6463,3355,3057,3,3,9,8,6435,28,2902
서울특별시,용산구,,이태원제2동제1투,3681,2406,1233,1155,0,1,4,1,2394,12,1275
서울특별시,용산구,,이태원제2동제2투,3149,2242,1157,1064,2,2,4,4,2233,9,907
서울특별시,용산구,,이태원제2동제3투,2535,1815,965,838,1,0,1,3,1808,7,720
서울특별시,용산구,한남동,소계,20317,12956,6840,6010,9,4,24,10,12897,59,7361
서울특별시,용산구,,한남동제1투,3674,2610,1363,1215,4,0,4,4,2590,20,1064
서울특별시,용산구,,한남동제2투,3690,2409,1049,1336,4,1,8,1,2399,10,1281
서울특별시,용산구,,한남동제3투,4843,3257,2093,1149,0,2,5,1,3250,7,1586
서울특별시,용산구,,한남동제4투,3694,2495,1272,1206,1,0,5,2,2486,9,1199
서울특별시,용산구,,한남동제5투,4416,2185,1063,1104,0,1,2,2,2172,13,2231
서울특별시,용산구,서빙고동,소계,10940,8145,5396,2685,1,2,21,7,8112,33,2795
서울특별시,용산구,,서빙고동제1투,3198,2569,1715,837,0,2,5,0,2559,10,629
서울특별시,용산구,,서빙고동제2투,2883,2098,1104,971,1,0,3,5,2084,14,785
서울특별시,용산구,,서빙고동제3투,3003,2320,1876,428,0,0,8,1,2313,7,683
서울특별시,용산구,,서빙고동제4투,1856,1158,701,449,0,0,5,1,1156,2,698
서울특별시,용산구,보광동,소계,14783,9829,5021,4703,11,10,15,5,9765,64,4954
서울특별시,용산구,,보광동제1투,4262,2590,1364,1195,1,2,5,2,2569,21,1672
서울특별시,용산구,,보광동제2투,3484,2408,1131,1246,4,4,5,3,2393,15,1076
서울특별시,용산구,,보광동제3투,3933,2585,1262,1300,4,3,3,0,2572,13,1348
서울특별시,용산구,,보광동제4투,3104,2246,1264,962,2,1,2,0,2231,15,858
서울특별시,용산구,잘못 투입·구분된 투표지,,0,16,7,9,0,0,0,0,16,0,-16
서울특별시,성동구,소계,,249514,185566,88658,95239,112,113,315,159,184596,970,63948
서울특별시,성동구,재외투표,,2241,1638,705,914,1,3,4,1,1628,10,603
서울특별시,성동구,국내부재자투표,,4651,4354,2080,2174,4,8,7,11,4284,70,297
서울특별시,성동구,소계,,242622,179561,85870,92141,107,102,304,147,178671,890,63061
서울특별시,성동구,금호1가동,소계,12899,9686,4590,5014,7,6,17,5,9639,47,3213
서울특별시,성동구,,금호1가동제1투,4193,3014,1407,1587,1,1,3,2,3001,13,1179
서울특별시,성동구,,금호1가동제2투,4556,3443,1595,1813,3,1,6,1,3419,24,1113
서울특별시,성동구,,금호1가동제3투,4150,3229,1588,1614,3,4,8,2,3219,10,921
서울특별시,성동구,금호2·3가동,소계,18680,13284,6304,6840,9,3,22,10,13188,96,5396
서울특별시,성동구,,금호2·3가동제1투,5082,3716,1781,1893,1,1,6,3,3685,31,1366
서울특별시,성동구,,금호2·3가동제2투,4960,3257,1538,1689,4,0,7,3,3241,16,1703
서울특별시,성동구,,금호2·3가동제3투,5457,3739,1695,2000,3,1,6,2,3707,32,1718
서울특별시,성동구,,금호2·3가동제4투,3181,2572,1290,1258,1,1,3,2,2555,17,609
서울특별시,성동구,금호4가동,소계,11933,8824,4384,4383,7,3,11,4,8792,32,3109
서울특별시,성동구,,금호4가동제1투,3910,2795,1460,1319,2,1,5,1,2788,7,1115
서울특별시,성동구,,금호4가동제2투,3724,2951,1468,1463,3,2,4,3,2943,8,773
서울특별시,성동구,,금호4가동제3투,4299,3078,1456,1601,2,0,2,0,3061,17,1221
서울특별시,성동구,옥수동,소계,16218,11960,6579,5286,7,6,25,7,11910,50,4258
서울특별시,성동구,,옥수동제1투,961,512,221,284,2,0,0,1,508,4,449
서울특별시,성동구,,옥수동제2투,3797,2800,1620,1160,2,3,4,0,2789,11,997
서울특별시,성동구,,옥수동제3투,3988,3164,1624,1514,1,2,7,3,3151,13,824
서울특별시,성동구,,옥수동제4투,4268,2959,1771,1162,1,1,8,2,2945,14,1309
서울특별시,성동구,,옥수동제5투,3204,2525,1343,1166,1,0,6,1,2517,8,679
서울특별시,성동구,응봉동,소계,13529,10287,5199,5015,5,4,21,5,10249,38,3242
서울특별시,성동구,,응봉동제1투,4532,3198,1519,1655,1,1,6,2,3184,14,1334
서울특별시,성동구,,응봉동제2투,4949,3860,1998,1835,1,2,7,0,3843,17,1089
서울특별시,성동구,,응봉동제3투,4048,3229,1682,1525,3,1,8,3,3222,7,819
서울특별시,성동구,성수1가제1동,소계,14221,10637,5190,5376,4,8,18,5,10601,36,3584
서울특별시,성동구,,성수1가제1동제1투,3959,2710,1283,1412,1,1,4,1,2702,8,1249
서울특별시,성동구,,성수1가제1동제2투,4054,3242,1612,1608,2,1,6,2,3231,11,812
서울특별시,성동구,,성수1가제1동제3투,3285,2604,1324,1266,1,2,5,1,2599,5,681
서울특별시,성동구,,성수1가제1동제4투,2923,2081,971,1090,0,4,3,1,2069,12,842
서울특별시,성동구,성수1가제2동,소계,15249,11626,5338,6192,5,10,25,12,11582,44,3623
서울특별시,성동구,,성수1가제2동제1투,3441,2415,1114,1277,3,2,6,3,2405,10,1026
서울특별시,성동구,,성수1가제2동제2투,3101,2346,1137,1187,0,3,3,5,2335,11,755
서울특별시,성동구,,성수1가제2동제3투,4271,3318,1487,1810,1,1,8,1,3308,10,953
서울특별시,성동구,,성수1가제2동제4투,4436,3547,1600,1918,1,4,8,3,3534,13,889
서울특별시,성동구,성수2가제1동,소계,16961,12107,6125,5879,7,6,12,15,12044,63,4854
서울특별시,성동구,,성수2가제1동제1투,3965,2790,1429,1342,0,3,5,2,2781,9,1175
서울특별시,성동구,,성수2가제1동제2투,4578,3407,1779,1609,2,0,0,4,3394,13,1171
서울특별시,성동구,,성수2가제1동제3투,4338,2983,1476,1475,2,1,4,5,2963,20,1355
서울특별시,성동구,,성수2가제1동제4투,4080,2927,1441,1453,3,2,3,4,2906,21,1153
서울특별시,성동구,성수2가제3동,소계,10096,7502,3774,3669,1,5,9,8,7466,36,2594
서울특별시,성동구,,성수2가제3동제1투,4050,2831,1321,1482,1,2,4,5,2815,16,1219
서울특별시,성동구,,성수2가제3동제2투,4165,3376,1889,1462,0,1,4,2,3358,18,789
서울특별시,성동구,,성수2가제3동제3투,1881,1295,564,725,0,2,1,1,1293,2,586
서울특별시,성동구,왕십리도선동,소계,10745,7708,3766,3856,6,5,10,9,7652,56,3037
서울특별시,성동구,,왕십리도선동제1투,4129,2999,1404,1571,2,2,1,1,2981,18,1130
서울특별시,성동구,,왕십리도선동제2투,3369,2150,1053,1072,1,1,3,6,2136,14,1219
서울특별시,성동구,,왕십리도선동제3투,3247,2559,1309,1213,3,2,6,2,2535,24,688
서울특별시,성동구,왕십리제2동,소계,13759,10229,4521,5594,8,7,19,6,10155,74,3530
서울특별시,성동구,,왕십리제2동제1투,4980,3444,1461,1932,4,2,9,5,3413,31,1536
서울특별시,성동구,,왕십리제2동제2투,3728,2781,1278,1470,3,2,2,0,2755,26,947
서울특별시,성동구,,왕십리제2동제3투,1832,1415,672,732,1,2,1,0,1408,7,417
서울특별시,성동구,,왕십리제2동제4투,3219,2589,1110,1460,0,1,7,1,2579,10,630
서울특별시,성동구,행당제1동,소계,14402,10622,5136,5388,4,8,20,15,10571,51,3780
서울특별시,성동구,,행당제1동제1투,4052,2930,1502,1407,0,2,5,3,2919,11,1122
서울특별시,성동구,,행당제1동제2투,4703,3644,1800,1814,1,4,9,6,3634,10,1059
서울특별시,성동구,,행당제1동제3투,2549,1863,819,1025,3,0,4,0,1851,12,686
서울특별시,성동구,,행당제1동제4투,3098,2185,1015,1142,0,2,2,6,2167,18,913
서울특별시,성동구,행당제2동,소계,20640,16150,7469,8555,11,7,28,11,16081,69,4490
서울특별시,성동구,,행당제2동제1투,4560,3348,1652,1672,0,1,6,2,3333,15,1212
서울특별시,성동구,,행당제2동제2투,4055,3156,1401,1730,3,2,5,0,3141,15,899
서울특별시,성동구,,행당제2동제3투,4274,3327,1481,1819,2,3,4,3,3312,15,947
서울특별시,성동구,,행당제2동제4투,3709,3073,1440,1609,2,0,9,2,3062,11,636
서울특별시,성동구,,행당제2동제5투,4042,3246,1495,1725,4,1,4,4,3233,13,796
서울특별시,성동구,마장동,소계,20277,15384,7196,8057,7,9,25,14,15308,76,4893
서울특별시,성동구,,마장동제1투,3553,2627,1201,1403,1,2,6,1,2614,13,926
서울특별시,성동구,,마장동제2투,3347,2645,1294,1326,2,1,4,2,2629,16,702
서울특별시,성동구,,마장동제3투,3973,3148,1447,1685,0,2,4,1,3139,9,825
서울특별시,성동구,,마장동제4투,3096,2263,1067,1176,2,0,3,5,2253,10,833
서울특별시,성동구,,마장동제5투,3331,2372,1147,1199,1,3,3,4,2357,15,959
서울특별시,성동구,,마장동제6투,2977,2329,1040,1268,1,1,5,1,2316,13,648
서울특별시,성동구,사근동,소계,9157,6849,2783,3995,5,3,17,1,6804,45,2308
서울특별시,성동구,,사근동제1투,2651,2098,812,1264,2,1,6,0,2085,13,553
서울특별시,성동구,,사근동제2투,3192,2288,1023,1238,3,1,4,0,2269,19,904
서울특별시,성동구,,사근동제3투,3314,2463,948,1493,0,1,7,1,2450,13,851
서울특별시,성동구,송정동,소계,10041,6987,3204,3716,4,6,12,9,6951,36,3054
서울특별시,성동구,,송정동제1투,3598,2470,1076,1373,2,1,4,2,2458,12,1128
서울특별시,성동구,,송정동제2투,3274,2303,1073,1212,0,2,2,1,2290,13,971
서울특별시,성동구,,송정동제3투,3169,2214,1055,1131,2,3,6,6,2203,11,955
서울특별시,성동구,용답동,소계,13815,9719,4312,5326,10,6,13,11,9678,41,4096
서울특별시,성동구,,용답동제1투,3644,2367,1036,1308,4,1,4,4,2357,10,1277
서울특별시,성동구,,용답동제2투,3640,2619,1154,1442,3,0,4,3,2606,13,1021
서울특별시,성동구,,용답동제3투,3299,2376,1030,1334,2,2,2,1,2371,5,923
서울특별시,성동구,,용답동제4투,3232,2357,1092,1242,1,3,3,3,2344,13,875
서울특별시,성동구,잘못 투입·구분된 투표지,,0,13,3,10,0,0,0,0,13,0,-13
서울특별시,광진구,소계,,307590,231171,106675,122537,118,131,385,200,230046,1125,76419
서울특별시,광진구,재외투표,,2673,2055,848,1186,0,2,8,2,2046,9,618
서울특별시,광진구,국내부재자투표,,5924,5558,2577,2836,10,13,14,20,5470,88,366
서울특별시,광진구,소계,,298993,223526,103234,118499,108,116,363,178,222498,1028,75467
서울특별시,광진구,중곡제1동,소계,13959,10052,4411,5548,4,4,8,8,9983,69,3907
서울특별시,광진구,,중곡제1동제1투,3966,2728,1162,1550,1,1,3,2,2719,9,1238
서울특별시,광진구,,중곡제1동제2투,3031,2288,1002,1254,1,1,1,5,2264,24,743
서울특별시,광진구,,중곡제1동제3투,3657,2558,1160,1374,2,1,1,1,2539,19,1099
서울특별시,광진구,,중곡제1동제4투,3305,2478,1087,1370,0,1,3,0,2461,17,827
서울특별시,광진구,중곡제2동,소계,18621,13728,6104,7511,14,7,20,11,13667,61,4893
서울특별시,광진구,,중곡제2동제1투,3735,2621,1130,1468,3,4,2,1,2608,13,1114
서울특별시,광진구,,중곡제2동제2투,3892,2957,1305,1628,3,1,6,3,2946,11,935
서울특별시,광진구,,중곡제2동제3투,4067,3020,1370,1625,4,0,6,2,3007,13,1047
서울특별시,광진구,,중곡제2동제4투,3145,2265,1061,1185,1,0,3,3,2253,12,880
서울특별시,광진구,,중곡제2동제5투,3782,2865,1238,1605,3,2,3,2,2853,12,917
서울특별시,광진구,중곡제3동,소계,15437,11203,5099,6015,6,2,13,12,11147,56,4234
서울특별시,광진구,,중곡제3동제1투,2960,2238,1030,1188,2,0,6,1,2227,11,722
서울특별시,광진구,,중곡제3동제2투,2760,2073,948,1113,1,0,0,2,2064,9,687
서울특별시,광진구,,중곡제3동제3투,3230,2339,1053,1276,0,1,0,4,2334,5,891
서울특별시,광진구,,중곡제3동제4투,3702,2541,1128,1389,0,1,5,3,2526,15,1161
서울특별시,광진구,,중곡제3동제5투,2785,2012,940,1049,3,0,2,2,1996,16,773
서울특별시,광진구,중곡제4동,소계,25725,19235,8834,10242,10,8,27,16,19137,98,6490
서울특별시,광진구,,중곡제4동제1투,3157,2466,1166,1283,0,1,4,2,2456,10,691
서울특별시,광진구,,중곡제4동제2투,3504,2730,1208,1500,2,1,3,4,2718,12,774
서울특별시,광진구,,중곡제4동제3투,3642,2539,1225,1291,1,1,2,2,2522,17,1103
서울특별시,광진구,,중곡제4동제4투,3453,2536,1162,1351,1,2,3,2,2521,15,917
서울특별시,광진구,,중곡제4동제5투,3977,2938,1317,1595,0,1,8,1,2922,16,1039
서울특별시,광진구,,중곡제4동제6투,3927,2864,1332,1504,3,1,3,4,2847,17,1063
서울특별시,광진구,,중곡제4동제7투,4065,3162,1424,1718,3,1,4,1,3151,11,903
서울특별시,광진구,능동,소계,9389,7028,3099,3867,4,5,10,7,6992,36,2361
서울특별시,광진구,,능동제1투,2894,2050,923,1112,0,1,3,5,2044,6,844
서울특별시,광진구,,능동제2투,3109,2365,1034,1312,2,3,3,0,2354,11,744
서울특별시,광진구,,능동제3투,3386,2613,1142,1443,2,1,4,2,2594,19,773
서울특별시,광진구,구의제1동,소계,18926,13776,5875,7805,10,2,19,10,13721,55,5150
서울특별시,광진구,,구의제1동제1투,3818,2688,1205,1467,0,0,4,1,2677,11,1130
서울특별시,광진구,,구의제1동제2투,3824,2870,1200,1652,2,1,4,3,2862,8,954
서울특별시,광진구,,구의제1동제3투,4144,3092,1342,1739,0,0,3,1,3085,7,1052
서울특별시,광진구,,구의제1동제4투,3476,2585,1036,1519,5,1,3,2,2566,19,891
서울특별시,광진구,,구의제1동제5투,3664,2541,1092,1428,3,0,5,3,2531,10,1123
서울특별시,광진구,구의제2동,소계,21740,16227,7599,8502,3,13,22,14,16153,74,5513
서울특별시,광진구,,구의제2동제1투,3538,2536,1149,1362,1,1,4,3,2520,16,1002
서울특별시,광진구,,구의제2동제2투,2985,2164,1102,1044,1,2,6,1,2156,8,821
서울특별시,광진구,,구의제2동제3투,2798,2112,942,1150,0,1,3,1,2097,15,686
서울특별시,광진구,,구의제2동제4투,4170,3144,1492,1632,0,1,1,4,3130,14,1026
서울특별시,광진구,,구의제2동제5투,4069,3074,1441,1612,0,4,2,4,3063,11,995
서울특별시,광진구,,구의제2동제6투,4180,3197,1473,1702,1,4,6,1,3187,10,983
서울특별시,광진구,구의제3동,소계,23452,18768,9574,9065,4,6,35,17,18701,67,4684
서울특별시,광진구,,구의제3동제1투,2881,2461,1334,1114,0,0,4,3,2455,6,420
서울특별시,광진구,,구의제3동제2투,3544,2753,1227,1504,1,0,4,3,2739,14,791
서울특별시,광진구,,구의제3동제3투,3944,3025,1352,1654,1,3,5,1,3016,9,919
서울특별시,광진구,,구의제3동제4투,4900,3826,2035,1764,0,2,8,2,3811,15,1074
서울특별시,광진구,,구의제3동제5투,4248,3397,1734,1634,2,1,8,4,3383,14,851
서울특별시,광진구,,구의제3동제6투,3935,3306,1892,1395,0,0,6,4,3297,9,629
서울특별시,광진구,광장동,소계,25918,21066,11028,9917,3,11,47,9,21015,51,4852
서울특별시,광진구,,광장동제1투,4566,3359,1882,1457,1,0,6,2,3348,11,1207
서울특별시,광진구,,광장동제2투,3597,2831,1833,978,1,3,2,2,2819,12,766
서울특별시,광진구,,광장동제3투,4106,3454,1602,1837,1,1,9,1,3451,3,652
서울특별시,광진구,,광장동제4투,4308,3668,1705,1940,0,3,13,2,3663,5,640
서울특별시,광진구,,광장동제5투,4818,4007,1922,2062,0,2,10,2,3998,9,811
서울특별시,광진구,,광장동제6투,4523,3747,2084,1643,0,2,7,0,3736,11,776
서울특별시,광진구,자양제1동,소계,19879,14221,6175,7916,8,9,30,10,14148,73,5658
서울특별시,광진구,,자양제1동제1투,3556,2336,997,1316,0,1,11,1,2326,10,1220
서울특별시,광진구,,자양제1동제2투,2945,2128,951,1161,1,2,1,1,2117,11,817
서울특별시,광진구,,자양제1동제3투,4077,3046,1275,1733,1,2,10,4,3025,21,1031
서울특별시,광진구,,자양제1동제4투,2994,2217,999,1194,4,1,6,2,2206,11,777
서울특별시,광진구,,자양제1동제5투,3222,2303,962,1327,1,0,0,1,2291,12,919
서울특별시,광진구,,자양제1동제6투,3085,2191,991,1185,1,3,2,1,2183,8,894
서울특별시,광진구,자양제2동,소계,22936,17247,7927,9179,7,7,19,21,17160,87,5689
서울특별시,광진구,,자양제2동제1투,4377,3214,1476,1718,0,1,3,5,3203,11,1163
서울특별시,광진구,,자양제2동제2투,4235,3328,1732,1557,1,2,6,6,3304,24,907
서울특별시,광진구,,자양제2동제3투,3448,2594,1169,1401,1,0,0,4,2575,19,854
서울특별시,광진구,,자양제2동제4투,3723,2862,1310,1538,0,2,5,1,2856,6,861
서울특별시,광진구,,자양제2동제5투,3246,2410,1019,1369,1,1,2,2,2394,16,836
서울특별시,광진구,,자양제2동제6투,3907,2839,1221,1596,4,1,3,3,2828,11,1068
서울특별시,광진구,자양제3동,소계,24753,19925,9965,9806,5,16,35,14,19841,84,4828
서울특별시,광진구,,자양제3동제1투,3979,3053,1446,1574,1,3,4,3,3031,22,926
서울특별시,광진구,,자양제3동제2투,4299,3362,1668,1668,1,5,6,2,3350,12,937
서울특별시,광진구,,자양제3동제3투,3822,3172,1426,1732,0,2,3,2,3165,7,650
서울특별시,광진구,,자양제3동제4투,3478,2905,1324,1561,1,2,3,1,2892,13,573
서울특별시,광진구,,자양제3동제5투,3287,2757,1187,1551,1,2,9,2,2752,5,530
서울특별시,광진구,,자양제3동제6투,2099,1542,706,820,1,2,2,1,1532,10,557
서울특별시,광진구,,자양제3동제7투,3789,3134,2208,900,0,0,8,3,3119,15,655
서울특별시,광진구,자양제4동,소계,21675,15272,6820,8311,12,10,29,10,15192,80,6403
서울특별시,광진구,,자양제4동제1투,3462,2183,1030,1129,1,2,5,3,2170,13,1279
서울특별시,광진구,,자양제4동제2투,3680,2756,1308,1427,2,0,4,0,2741,15,924
서울특별시,광진구,,자양제4동제3투,3765,2668,1201,1445,5,1,6,1,2659,9,1097
서울특별시,광진구,,자양제4동제4투,3870,2671,1128,1514,2,2,3,4,2653,18,1199
서울특별시,광진구,,자양제4동제5투,3654,2577,1124,1426,1,3,7,2,2563,14,1077
서울특별시,광진구,,자양제4동제6투,3244,2417,1029,1370,1,2,4,0,2406,11,827
서울특별시,광진구,화양동,소계,18746,12830,5044,7665,10,9,23,10,12761,69,5916
서울특별시,광진구,,화양동제1투,4038,2422,963,1436,1,2,6,1,2409,13,1616
서울특별시,광진구,,화양동제2투,2968,2055,822,1212,4,2,3,2,2045,10,913
서울특별시,광진구,,화양동제3투,3758,2672,1060,1599,0,2,1,1,2663,9,1086
서울특별시,광진구,,화양동제4투,2856,2038,783,1228,3,2,4,1,2021,17,818
서울특별시,광진구,,화양동제5투,2974,2095,798,1274,1,0,6,2,2081,14,879
서울특별시,광진구,,화양동제6투,2152,1548,618,916,1,1,3,3,1542,6,604
서울특별시,광진구,군자동,소계,17837,12948,5680,7150,8,7,26,9,12880,68,4889
서울특별시,광진구,,군자동제1투,3837,2645,1090,1532,2,3,5,2,2634,11,1192
서울특별시,광진구,,군자동제2투,2347,1682,720,952,1,1,2,2,1678,4,665
서울특별시,광진구,,군자동제3투,2822,2070,890,1162,0,1,4,1,2058,12,752
서울특별시,광진구,,군자동제4투,3143,2251,1018,1207,1,0,2,3,2231,20,892
서울특별시,광진구,,군자동제5투,2719,2101,1012,1073,1,0,9,1,2096,5,618
서울특별시,광진구,,군자동제6투,2969,2199,950,1224,3,2,4,0,2183,16,770
서울특별시,광진구,잘못 투입·구분된 투표지,,0,32,16,16,0,0,0,0,32,0,-32
서울특별시,동대문구,소계,,305303,227177,107972,116909,164,151,398,196,225790,1387,78126
서울특별시,동대문구,재외투표,,2408,1800,781,998,4,1,5,1,1790,10,608
서울특별시,동대문구,국내부재자투표,,5693,5327,2383,2767,12,6,11,24,5203,124,366
서울특별시,동대문구,소계,,297202,220021,104792,113133,148,144,382,171,218770,1251,77181
서울특별시,동대문구,용신동,소계,27204,19282,9206,9910,7,8,29,13,19173,109,7922
서울특별시,동대문구,,용신동제1투,4577,3027,1454,1548,1,1,3,1,3008,19,1550
서울특별시,동대문구,,용신동제2투,3549,2711,1282,1406,1,1,4,1,2695,16,838
서울특별시,동대문구,,용신동제3투,3599,2532,1239,1265,2,3,4,3,2516,16,1067
서울특별시,동대문구,,용신동제4투,2010,1465,705,750,0,0,3,0,1458,7,545
서울특별시,동대문구,,용신동제5투,3077,2213,980,1219,0,0,2,2,2203,10,864
서울특별시,동대문구,,용신동제6투,3284,2319,1102,1195,1,2,7,0,2307,12,965
서울특별시,동대문구,,용신동제7투,3543,2342,1225,1095,0,1,4,3,2328,14,1201
서울특별시,동대문구,,용신동제8투,3565,2673,1219,1432,2,0,2,3,2658,15,892
서울특별시,동대문구,제기동,소계,23496,16899,8117,8584,14,10,35,14,16774,125,6597
서울특별시,동대문구,,제기동제1투,4699,2916,1622,1247,4,2,11,5,2891,25,1783
서울특별시,동대문구,,제기동제2투,4131,3085,1479,1580,2,2,8,2,3073,12,1046
서울특별시,동대문구,,제기동제3투,4529,3145,1472,1635,3,2,5,3,3120,25,1384
서울특별시,동대문구,,제기동제4투,3572,2625,1220,1376,3,2,4,0,2605,20,947
서울특별시,동대문구,,제기동제5투,3307,2561,1106,1423,0,2,6,1,2538,23,746
서울특별시,동대문구,,제기동제6투,3258,2567,1218,1323,2,0,1,3,2547,20,691
서울특별시,동대문구,전농제1동,소계,22202,15588,7560,7844,13,12,19,19,15467,121,6614
서울특별시,동대문구,,전농제1동제1투,4378,2816,1337,1448,1,0,5,1,2792,24,1562
서울특별시,동대문구,,전농제1동제2투,3240,2331,1088,1223,0,3,2,2,2318,13,909
서울특별시,동대문구,,전농제1동제3투,4222,2837,1460,1334,3,5,4,3,2809,28,1385
서울특별시,동대문구,,전농제1동제4투,3076,2217,1060,1136,3,1,2,4,2206,11,859
서울특별시,동대문구,,전농제1동제5투,3545,2618,1258,1330,4,3,3,4,2602,16,927
서울특별시,동대문구,,전농제1동제6투,3741,2769,1357,1373,2,0,3,5,2740,29,972
서울특별시,동대문구,전농제2동,소계,16861,13200,6521,6573,7,7,19,9,13136,64,3661
서울특별시,동대문구,,전농제2동제1투,2729,2138,1048,1074,0,0,3,2,2127,11,591
서울특별시,동대문구,,전농제2동제2투,3529,2891,1500,1368,3,2,3,1,2877,14,638
서울특별시,동대문구,,전농제2동제3투,3198,2465,1207,1241,0,1,2,3,2454,11,733
서울특별시,동대문구,,전농제2동제4투,4534,3559,1724,1803,3,4,8,3,3545,14,975
서울특별시,동대문구,,전농제2동제5투,2871,2147,1042,1087,1,0,3,0,2133,14,724
서울특별시,동대문구,답십리제1동,소계,16353,12084,5755,6210,4,4,23,9,12005,79,4269
서울특별시,동대문구,,답십리제1동제1투,2210,1291,623,652,1,1,5,1,1283,8,919
서울특별시,동대문구,,답십리제1동제2투,1653,1252,606,634,0,0,2,1,1243,9,401
서울특별시,동대문구,,답십리제1동제3투,2325,1762,838,914,0,0,4,0,1756,6,563
서울특별시,동대문구,,답십리제1동제4투,2174,1662,831,811,0,1,3,0,1646,16,512
서울특별시,동대문구,,답십리제1동제5투,3474,2814,1251,1540,2,0,6,1,2800,14,660
서울특별시,동대문구,,답십리제1동제6투,2786,2047,998,1026,0,2,2,3,2031,16,739
서울특별시,동대문구,,답십리제1동제7투,1731,1256,608,633,1,0,1,3,1246,10,475
서울특별시,동대문구,답십리제2동,소계,25466,19604,9206,10193,21,9,37,16,19482,122,5862
서울특별시,동대문구,,답십리제2동제1투,3453,2321,1065,1226,3,1,8,3,2306,15,1132
서울특별시,동대문구,,답십리제2동제2투,3699,2881,1350,1498,2,2,7,3,2862,19,818
서울특별시,동대문구,,답십리제2동제3투,2689,2143,1021,1103,1,1,3,1,2130,13,546
서울특별시,동대문구,,답십리제2동제4투,3477,2824,1274,1536,0,1,0,1,2812,12,653
서울특별시,동대문구,,답십리제2동제5투,3823,3083,1412,1627,9,2,8,3,3061,22,740
서울특별시,동대문구,,답십리제2동제6투,3956,3233,1577,1625,3,1,6,4,3216,17,723
서울특별시,동대문구,,답십리제2동제7투,4369,3119,1507,1578,3,1,5,1,3095,24,1250
서울특별시,동대문구,장안제1동,소계,30496,22725,11017,11529,13,14,24,11,22608,117,7771
서울특별시,동대문구,,장안제1동제1투,3796,2435,1132,1275,2,2,5,3,2419,16,1361
서울특별시,동대문구,,장안제1동제2투,4075,2975,1372,1575,3,0,2,3,2955,20,1100
서울특별시,동대문구,,장안제1동제3투,3947,2712,1240,1449,1,3,2,0,2695,17,1235
서울특별시,동대문구,,장안제1동제4투,4326,3262,1587,1649,1,3,2,0,3242,20,1064
서울특별시,동대문구,,장안제1동제5투,3334,2486,1206,1262,3,2,3,0,2476,10,848
서울특별시,동대문구,,장안제1동제6투,3923,2912,1353,1536,1,3,3,1,2897,15,1011
서울특별시,동대문구,,장안제1동제7투,3562,2975,1555,1408,1,0,3,0,2967,8,587
서울특별시,동대문구,,장안제1동제8투,3533,2968,1572,1375,1,1,4,4,2957,11,565
서울특별시,동대문구,장안제2동,소계,25928,19552,9431,9962,11,10,29,13,19456,96,6376
서울특별시,동대문구,,장안제2동제1투,2645,1753,906,832,0,1,1,2,1742,11,892
서울특별시,동대문구,,장안제2동제2투,3810,2915,1468,1421,1,0,5,2,2897,18,895
서울특별시,동대문구,,장안제2동제3투,2673,1968,962,986,5,1,1,2,1957,11,705
서울특별시,동대문구,,장안제2동제4투,3287,2423,1141,1261,2,2,3,1,2410,13,864
서울특별시,동대문구,,장안제2동제5투,3517,2556,1145,1382,1,4,7,2,2541,15,961
서울특별시,동대문구,,장안제2동제6투,2454,1841,918,915,0,1,3,1,1838,3,613
서울특별시,동대문구,,장안제2동제7투,4294,3638,1751,1862,2,0,6,3,3624,14,656
서울특별시,동대문구,,장안제2동제8투,3248,2458,1140,1303,0,1,3,0,2447,11,790
서울특별시,동대문구,청량리동,소계,20671,15093,8161,6761,8,15,30,17,14992,101,5578
서울특별시,동대문구,,청량리동제1투,3493,2151,1083,1047,0,2,2,4,2138,13,1342
서울특별시,동대문구,,청량리동제2투,3743,3033,1574,1437,2,4,4,1,3022,11,710
서울특별시,동대문구,,청량리동제3투,3001,2125,1103,989,2,4,4,3,2105,20,876
서울특별시,동대문구,,청량리동제4투,2896,2005,1119,859,1,1,2,2,1984,21,891
서울특별시,동대문구,,청량리동제5투,3429,2629,1430,1162,2,3,8,4,2609,20,800
서울특별시,동대문구,,청량리동제6투,4109,3150,1852,1267,1,1,10,3,3134,16,959
서울특별시,동대문구,회기동,소계,9328,6919,3038,3822,2,6,13,2,6883,36,2409
서울특별시,동대문구,,회기동제1투,3532,2464,1099,1344,0,4,4,1,2452,12,1068
서울특별시,동대문구,,회기동제2투,3134,2443,1089,1342,1,2,1,0,2435,8,691
서울특별시,동대문구,,회기동제3투,2662,2012,850,1136,1,0,8,1,1996,16,650
서울특별시,동대문구,휘경제1동,소계,14136,10140,4644,5405,6,7,15,6,10083,57,3996
서울특별시,동대문구,,휘경제1동제1투,3830,2571,1261,1283,4,1,4,0,2553,18,1259
서울특별시,동대문구,,휘경제1동제2투,2885,2010,907,1085,0,1,2,0,1995,15,875
서울특별시,동대문구,,휘경제1동제3투,3554,2513,947,1544,0,4,7,2,2504,9,1041
서울특별시,동대문구,,휘경제1동제4투,3867,3046,1529,1493,2,1,2,4,3031,15,821
서울특별시,동대문구,휘경제2동,소계,20625,15953,7215,8613,9,13,31,13,15894,59,4672
서울특별시,동대문구,,휘경제2동제1투,2855,2063,941,1111,1,1,2,1,2057,6,792
서울특별시,동대문구,,휘경제2동제2투,2944,2461,1070,1368,2,3,7,2,2452,9,483
서울특별시,동대문구,,휘경제2동제3투,3799,2833,1207,1600,1,2,7,0,2817,16,966
서울특별시,동대문구,,휘경제2동제4투,4348,3209,1396,1790,2,3,3,3,3197,12,1139
서울특별시,동대문구,,휘경제2동제5투,3556,2937,1415,1499,3,2,7,3,2929,8,619
서울특별시,동대문구,,휘경제2동제6투,3123,2450,1186,1245,0,2,5,4,2442,8,673
서울특별시,동대문구,이문제1동,소계,26184,18943,8510,10223,23,21,52,18,18847,96,7241
서울특별시,동대문구,,이문제1동제1투,3544,2227,1026,1178,2,3,3,3,2215,12,1317
서울특별시,동대문구,,이문제1동제2투,3002,2237,1021,1185,4,0,7,2,2219,18,765
서울특별시,동대문구,,이문제1동제3투,2510,1814,785,1007,1,0,6,4,1803,11,696
서울특별시,동대문구,,이문제1동제4투,3213,2226,956,1251,3,2,5,3,2220,6,987
서울특별시,동대문구,,이문제1동제5투,2888,2308,1073,1212,2,4,3,0,2294,14,580
서울특별시,동대문구,,이문제1동제6투,3099,2323,979,1318,2,6,4,2,2311,12,776
서울특별시,동대문구,,이문제1동제7투,2627,2059,1033,1003,2,2,10,1,2051,8,568
서울특별시,동대문구,,이문제1동제8투,2448,1791,732,1038,2,0,9,2,1783,8,657
서울특별시,동대문구,,이문제1동제9투,2853,1958,905,1031,5,4,5,1,1951,7,895
서울특별시,동대문구,이문제2동,소계,18252,14039,6411,7504,10,8,26,11,13970,69,4213
서울특별시,동대문구,,이문제2동제1투,3579,2395,1125,1245,2,1,2,3,2378,17,1184
서울특별시,동대문구,,이문제2동제2투,3653,2599,1169,1401,3,2,2,3,2580,19,1054
서울특별시,동대문구,,이문제2동제3투,3797,3016,1318,1669,1,3,9,2,3002,14,781
서울특별시,동대문구,,이문제2동제4투,3451,2868,1310,1539,2,1,9,2,2863,5,583
서울특별시,동대문구,,이문제2동제5투,3772,3161,1489,1650,2,1,4,1,3147,14,611
서울특별시,동대문구,잘못 투입·구분된 투표지,,0,29,16,11,0,0,0,0,27,2,-29
서울특별시,중랑구,소계,,348329,253369,121391,129630,152,138,364,255,251930,1439,94960
서울특별시,중랑구,재외투표,,1851,1317,495,805,1,0,2,1,1304,13,534
서울특별시,중랑구,국내부재자투표,,6853,6556,3028,3283,12,21,18,39,6401,155,297
서울특별시,중랑구,소계,,339625,245464,117852,125526,139,117,344,215,244193,1271,94161
서울특별시,중랑구,면목본동,소계,30005,20793,9790,10808,8,12,29,22,20669,124,9212
서울특별시,중랑구,,면목본동제1투,5350,3475,1648,1803,2,1,3,8,3465,10,1875
서울특별시,중랑구,,면목본동제2투,4175,2917,1330,1549,0,3,4,7,2893,24,1258
서울특별시,중랑구,,면목본동제3투,4353,3132,1452,1654,1,1,3,3,3114,18,1221
서울특별시,중랑구,,면목본동제4투,3932,2756,1340,1391,0,4,8,2,2745,11,1176
서울특별시,중랑구,,면목본동제5투,4038,2814,1364,1426,3,2,5,1,2801,13,1224
서울특별시,중랑구,,면목본동제6투,4428,3073,1413,1626,2,0,4,0,3045,28,1355
서울특별시,중랑구,,면목본동제7투,3729,2626,1243,1359,0,1,2,1,2606,20,1103
서울특별시,중랑구,면목제2동,소계,22544,15754,7364,8273,6,7,15,8,15673,81,6790
서울특별시,중랑구,,면목제2동제1투,5184,3416,1659,1733,1,3,2,2,3400,16,1768
서울특별시,중랑구,,면목제2동제2투,4286,3167,1450,1694,2,0,5,2,3153,14,1119
서울특별시,중랑구,,면목제2동제3투,4573,3204,1515,1662,1,3,3,2,3186,18,1369
서울특별시,중랑구,,면목제2동제4투,4312,2971,1386,1570,1,0,2,2,2961,10,1341
서울특별시,중랑구,,면목제2동제5투,4189,2996,1354,1614,1,1,3,0,2973,23,1193
서울특별시,중랑구,면목제3·8동,소계,24234,17295,8195,8963,5,1,21,20,17205,90,6939
서울특별시,중랑구,,면목제3·8동제1투,4165,2661,1265,1378,1,0,2,0,2646,15,1504
서울특별시,중랑구,,면목제3·8동제2투,3308,2367,1067,1283,1,0,4,1,2356,11,941
서울특별시,중랑구,,면목제3·8동제3투,3400,2402,1074,1306,0,0,3,5,2388,14,998
서울특별시,중랑구,,면목제3·8동제4투,3469,2565,1150,1390,0,0,4,2,2546,19,904
서울특별시,중랑구,,면목제3·8동제5투,3858,3000,1455,1528,0,0,2,4,2989,11,858
서울특별시,중랑구,,면목제3·8동제6투,2954,2050,1032,999,2,1,1,3,2038,12,904
서울특별시,중랑구,,면목제3·8동제7투,3080,2250,1152,1079,1,0,5,5,2242,8,830
서울특별시,중랑구,면목제4동,소계,18291,13043,6018,6903,12,8,20,13,12974,69,5248
서울특별시,중랑구,,면목제4동제1투,3347,2369,1104,1237,2,1,4,2,2350,19,978
서울특별시,중랑구,,면목제4동제2투,4322,3198,1488,1684,1,2,2,5,3182,16,1124
서울특별시,중랑구,,면목제4동제3투,3669,2718,1240,1463,4,1,1,1,2710,8,951
서울특별시,중랑구,,면목제4동제4투,3252,2070,888,1173,2,1,0,0,2064,6,1182
서울특별시,중랑구,,면목제4동제5투,3701,2688,1298,1346,3,3,13,5,2668,20,1013
서울특별시,중랑구,면목제5동,소계,11552,7997,3616,4295,6,6,19,10,7952,45,3555
서울특별시,중랑구,,면목제5동제1투,4122,2763,1238,1494,1,2,7,2,2744,19,1359
서울특별시,중랑구,,면목제5동제2투,3461,2437,1127,1278,4,2,8,5,2424,13,1024
서울특별시,중랑구,,면목제5동제3투,3969,2797,1251,1523,1,2,4,3,2784,13,1172
서울특별시,중랑구,면목제7동,소계,21215,15207,7254,7824,11,6,19,12,15126,81,6008
서울특별시,중랑구,,면목제7동제1투,4098,2666,1168,1478,0,0,2,1,2649,17,1432
서울특별시,중랑구,,면목제7동제2투,4427,3150,1519,1597,3,3,4,5,3131,19,1277
서울특별시,중랑구,,면목제7동제3투,4175,3001,1430,1545,6,0,3,1,2985,16,1174
서울특별시,중랑구,,면목제7동제4투,4315,3272,1625,1625,1,2,6,2,3261,11,1043
서울특별시,중랑구,,면목제7동제5투,4200,3118,1512,1579,1,1,4,3,3100,18,1082
서울특별시,중랑구,상봉제1동,소계,19680,14749,7001,7624,11,2,27,16,14681,68,4931
서울특별시,중랑구,,상봉제1동제1투,4854,3301,1646,1615,5,1,4,5,3276,25,1553
서울특별시,중랑구,,상봉제1동제2투,4727,3733,1776,1935,1,0,11,1,3724,9,994
서울특별시,중랑구,,상봉제1동제3투,5053,3939,1832,2077,2,1,7,5,3924,15,1114
서울특별시,중랑구,,상봉제1동제4투,5046,3776,1747,1997,3,0,5,5,3757,19,1270
서울특별시,중랑구,상봉제2동,소계,15847,10826,5228,5517,5,4,9,6,10769,57,5021
서울특별시,중랑구,,상봉제2동제1투,4330,2821,1349,1455,2,0,0,3,2809,12,1509
서울특별시,중랑구,,상봉제2동제2투,4479,3192,1622,1544,1,3,2,1,3173,19,1287
서울특별시,중랑구,,상봉제2동제3투,4278,2948,1425,1497,0,1,7,1,2931,17,1330
서울특별시,중랑구,,상봉제2동제4투,2760,1865,832,1021,2,0,0,1,1856,9,895
서울특별시,중랑구,중화제1동,소계,17240,12834,6009,6716,6,5,25,14,12775,59,4406
서울특별시,중랑구,,중화제1동제1투,4516,3185,1558,1605,1,0,4,3,3171,14,1331
서울특별시,중랑구,,중화제1동제2투,4346,3147,1482,1633,0,2,8,2,3127,20,1199
서울특별시,중랑구,,중화제1동제3투,4608,3386,1599,1758,2,1,7,5,3372,14,1222
서울특별시,중랑구,,중화제1동제4투,3770,3116,1370,1720,3,2,6,4,3105,11,654
서울특별시,중랑구,중화제2동,소계,25857,17571,8412,8988,13,13,22,16,17464,107,8286
서울특별시,중랑구,,중화제2동제1투,3214,1954,954,982,2,1,1,1,1941,13,1260
서울특별시,중랑구,,중화제2동제2투,3078,2271,1057,1189,1,3,2,1,2253,18,807
서울특별시,중랑구,,중화제2동제3투,3812,2607,1295,1285,0,1,6,3,2590,17,1205
서울특별시,중랑구,,중화제2동제4투,4245,2938,1306,1597,1,4,4,4,2916,22,1307
서울특별시,중랑구,,중화제2동제5투,3912,2628,1284,1324,2,1,1,3,2615,13,1284
서울특별시,중랑구,,중화제2동제6투,3598,2521,1200,1298,1,0,3,2,2504,17,1077
서울특별시,중랑구,,중화제2동제7투,3998,2652,1316,1313,6,3,5,2,2645,7,1346
서울특별시,중랑구,묵제1동,소계,28695,21741,10452,11118,6,10,30,18,21634,107,6954
서울특별시,중랑구,,묵제1동제1투,3372,2651,1261,1372,1,1,3,2,2640,11,721
서울특별시,중랑구,,묵제1동제2투,3873,2809,1369,1416,1,0,3,1,2790,19,1064
서울특별시,중랑구,,묵제1동제3투,3476,2860,1627,1197,0,2,8,3,2837,23,616
서울특별시,중랑구,,묵제1동제4투,4642,3595,1569,2002,1,4,6,4,3586,9,1047
서울특별시,중랑구,,묵제1동제5투,5071,3796,1723,2050,1,0,2,2,3778,18,1275
서울특별시,중랑구,,묵제1동제6투,4438,3435,1714,1698,0,2,5,4,3423,12,1003
서울특별시,중랑구,,묵제1동제7투,3823,2595,1189,1383,2,1,3,2,2580,15,1228
서울특별시,중랑구,묵제2동,소계,16380,11815,5670,6050,7,8,15,12,11762,53,4565
서울특별시,중랑구,,묵제2동제1투,4479,3213,1511,1681,0,1,5,1,3199,14,1266
서울특별시,중랑구,,묵제2동제2투,3840,2718,1274,1422,2,2,2,5,2707,11,1122
서울특별시,중랑구,,묵제2동제3투,3863,2852,1421,1405,2,3,2,5,2838,14,1011
서울특별시,중랑구,,묵제2동제4투,4198,3032,1464,1542,3,2,6,1,3018,14,1166
서울특별시,중랑구,망우본동,소계,28309,20202,10768,9274,11,7,21,17,20098,104,8107
서울특별시,중랑구,,망우본동제1투,4438,2887,1574,1296,2,0,2,1,2875,12,1551
서울특별시,중랑구,,망우본동제2투,4238,3171,1689,1460,2,2,3,1,3157,14,1067
서울특별시,중랑구,,망우본동제3투,3815,2815,1545,1240,2,1,4,4,2796,19,1000
서울특별시,중랑구,,망우본동제4투,3202,2376,1268,1089,1,0,2,2,2362,14,826
서울특별시,중랑구,,망우본동제5투,3555,2550,1303,1224,1,1,3,3,2535,15,1005
서울특별시,중랑구,,망우본동제6투,4173,2859,1583,1254,0,3,2,1,2843,16,1314
서울특별시,중랑구,,망우본동제7투,4888,3544,1806,1711,3,0,5,5,3530,14,1344
서울특별시,중랑구,망우제3동,소계,15564,10720,5382,5236,8,10,10,6,10652,68,4844
서울특별시,중랑구,,망우제3동제1투,3359,2237,1127,1088,2,2,1,1,2221,16,1122
서울특별시,중랑구,,망우제3동제2투,4151,2867,1466,1369,3,2,6,1,2847,20,1284
서울특별시,중랑구,,망우제3동제3투,4397,3057,1521,1516,0,3,1,2,3043,14,1340
서울특별시,중랑구,,망우제3동제4투,3657,2559,1268,1263,3,3,2,2,2541,18,1098
서울특별시,중랑구,신내제1동,소계,24791,19535,9527,9851,13,11,39,11,19452,83,5256
서울특별시,중랑구,,신내제1동제1투,4389,3338,1647,1667,3,0,5,4,3326,12,1051
서울특별시,중랑구,,신내제1동제2투,3007,2496,1244,1239,0,1,4,0,2488,8,511
서울특별시,중랑구,,신내제1동제3투,3251,2598,1240,1335,1,2,9,1,2588,10,653
서울특별시,중랑구,,신내제1동제4투,4015,3174,1412,1739,2,3,5,1,3162,12,841
서울특별시,중랑구,,신내제1동제5투,3890,3125,1491,1610,1,1,5,3,3111,14,765
서울특별시,중랑구,,신내제1동제6투,2831,2062,1070,967,4,1,4,1,2047,15,769
서울특별시,중랑구,,신내제1동제7투,3408,2742,1423,1294,2,3,7,1,2730,12,666
서울특별시,중랑구,신내제2동,소계,19421,15382,7166,8086,11,7,23,14,15307,75,4039
서울특별시,중랑구,,신내제2동제1투,3716,2926,1437,1466,0,3,9,3,2918,8,790
서울특별시,중랑구,,신내제2동제2투,3647,2952,1222,1709,1,0,3,5,2940,12,695
서울특별시,중랑구,,신내제2동제3투,4204,3491,1727,1738,2,1,2,2,3472,19,713
서울특별시,중랑구,,신내제2동제4투,3937,3046,1366,1651,0,1,6,2,3026,20,891
서울특별시,중랑구,,신내제2동제5투,3917,2967,1414,1522,8,2,3,2,2951,16,950
서울특별시,중랑구,잘못 투입·구분된 투표지,,0,32,16,16,0,0,0,0,32,0,-32
서울특별시,성북구,소계,,396699,295525,134557,158429,174,181,459,251,294051,1474,101174
서울특별시,성북구,재외투표,,3457,2525,1013,1489,0,2,6,1,2511,14,932
서울특별시,성북구,국내부재자투표,,7809,7282,3266,3839,9,5,14,23,7156,126,527
서울특별시,성북구,소계,,385433,285665,130252,153074,165,174,439,227,284331,1334,99768
서울특별시,성북구,성북동,소계,15768,11512,5421,5988,6,12,25,7,11459,53,4256
서울특별시,성북구,,성북동제1투,4407,3308,1413,1874,1,2,3,1,3294,14,1099
서울특별시,성북구,,성북동제2투,4559,3027,1521,1472,2,4,6,1,3006,21,1532
서울특별시,성북구,,성북동제3투,3257,2511,1380,1106,2,3,5,4,2500,11,746
서울특별시,성북구,,성북동제4투,3545,2666,1107,1536,1,3,11,1,2659,7,879
서울특별시,성북구,삼선동,소계,22973,16841,7237,9454,9,14,23,16,16753,88,6132
서울특별시,성북구,,삼선동제1투,5097,3561,1655,1878,1,2,3,7,3546,15,1536
서울특별시,성북구,,삼선동제2투,3722,2643,1125,1488,2,4,3,3,2625,18,1079
서울특별시,성북구,,삼선동제3투,4107,3252,1327,1900,2,3,5,1,3238,14,855
서울특별시,성북구,,삼선동제4투,5397,4066,1779,2256,1,4,5,3,4048,18,1331
서울특별시,성북구,,삼선동제5투,4650,3319,1351,1932,3,1,7,2,3296,23,1331
서울특별시,성북구,동선동,소계,13735,10041,4264,5692,9,5,14,9,9993,48,3694
서울특별시,성북구,,동선동제1투,2869,1951,817,1113,3,2,2,2,1939,12,918
서울특별시,성북구,,동선동제2투,3595,2601,1021,1567,3,0,2,1,2594,7,994
서울특별시,성북구,,동선동제3투,3239,2426,1079,1323,2,1,3,2,2410,16,813
서울특별시,성북구,,동선동제4투,4032,3063,1347,1689,1,2,7,4,3050,13,969
서울특별시,성북구,돈암제1동,소계,13196,10248,4797,5367,7,7,15,14,10207,41,2948
서울특별시,성북구,,돈암제1동제1투,3330,2553,1126,1407,0,2,6,4,2545,8,777
서울특별시,성북구,,돈암제1동제2투,3393,2615,1291,1305,1,0,2,4,2603,12,778
서울특별시,성북구,,돈암제1동제3투,3282,2718,1303,1395,2,4,3,3,2710,8,564
서울특별시,성북구,,돈암제1동제4투,3191,2362,1077,1260,4,1,4,3,2349,13,829
서울특별시,성북구,돈암제2동,소계,17439,13939,6665,7171,10,11,28,11,13896,43,3500
서울특별시,성북구,,돈암제2동제1투,3460,2668,1273,1377,0,1,9,4,2664,4,792
서울특별시,성북구,,돈암제2동제2투,3529,2932,1382,1525,1,1,6,4,2919,13,597
서울특별시,성북구,,돈암제2동제3투,3321,2727,1077,1631,4,5,5,2,2724,3,594
서울특별시,성북구,,돈암제2동제4투,3828,3122,1719,1383,0,3,2,0,3107,15,706
서울특별시,성북구,,돈암제2동제5투,3301,2490,1214,1255,5,1,6,1,2482,8,811
서울특별시,성북구,안암동,소계,14268,10397,4444,5857,0,9,16,14,10340,57,3871
서울특별시,성북구,,안암동제1투,3302,2210,981,1209,0,2,1,4,2197,13,1092
서울특별시,성북구,,안암동제2투,3201,2336,878,1432,0,2,4,4,2320,16,865
서울특별시,성북구,,안암동제3투,4386,3292,1411,1852,0,3,7,4,3277,15,1094
서울특별시,성북구,,안암동제4투,3379,2559,1174,1364,0,2,4,2,2546,13,820
서울특별시,성북구,보문동,소계,11809,8371,3778,4513,2,6,18,6,8323,48,3438
서울특별시,성북구,,보문동제1투,5000,3373,1506,1838,0,2,10,4,3360,13,1627
서울특별시,성북구,,보문동제2투,4478,3300,1527,1737,2,3,6,2,3277,23,1178
서울특별시,성북구,,보문동제3투,2331,1698,745,938,0,1,2,0,1686,12,633
서울특별시,성북구,정릉제1동,소계,15875,12221,5520,6600,5,7,23,12,12167,54,3654
서울특별시,성북구,,정릉제1동제1투,4431,3391,1532,1836,1,2,4,2,3377,14,1040
서울특별시,성북구,,정릉제1동제2투,4557,3418,1624,1760,3,3,7,3,3400,18,1139
서울특별시,성북구,,정릉제1동제3투,3316,2552,1166,1357,0,1,7,5,2536,16,764
서울특별시,성북구,,정릉제1동제4투,3571,2860,1198,1647,1,1,5,2,2854,6,711
서울특별시,성북구,정릉제2동,소계,19416,14042,6666,7276,8,11,20,6,13987,55,5374
서울특별시,성북구,,정릉제2동제1투,4575,3547,1681,1844,2,3,4,2,3536,11,1028
서울특별시,성북구,,정릉제2동제2투,4816,3475,1612,1830,1,4,8,4,3459,16,1341
서울특별시,성북구,,정릉제2동제3투,4946,3416,1670,1729,1,2,2,0,3404,12,1530
서울특별시,성북구,,정릉제2동제4투,5079,3604,1703,1873,4,2,6,0,3588,16,1475
서울특별시,성북구,정릉제3동,소계,14379,10289,5037,5146,7,8,23,4,10225,64,4090
서울특별시,성북구,,정릉제3동제1투,4602,3213,1539,1642,1,3,6,1,3192,21,1389
서울특별시,성북구,,정릉제3동제2투,2367,1633,843,767,3,1,2,2,1618,15,734
서울특별시,성북구,,정릉제3동제3투,4037,2960,1414,1515,1,1,12,1,2944,16,1077
서울특별시,성북구,,정릉제3동제4투,3373,2483,1241,1222,2,3,3,0,2471,12,890
서울특별시,성북구,정릉제4동,소계,21987,16243,7414,8694,11,11,24,15,16169,74,5744
서울특별시,성북구,,정릉제4동제1투,3965,3097,1478,1587,3,0,12,2,3082,15,868
서울특별시,성북구,,정릉제4동제2투,5304,3752,1681,2037,2,6,2,4,3732,20,1552
서울특별시,성북구,,정릉제4동제3투,4741,3243,1491,1727,3,1,6,2,3230,13,1498
서울특별시,성북구,,정릉제4동제4투,2828,2098,1082,1002,1,1,1,2,2089,9,730
서울특별시,성북구,,정릉제4동제5투,5149,4053,1682,2341,2,3,3,5,4036,17,1096
서울특별시,성북구,길음제1동,소계,27544,21935,9570,12227,9,6,37,14,21863,72,5609
서울특별시,성북구,,길음제1동제1투,4270,3524,1473,2030,2,2,6,2,3515,9,746
서울특별시,성북구,,길음제1동제2투,4962,3816,1630,2167,0,0,6,1,3804,12,1146
서울특별시,성북구,,길음제1동제3투,4731,3515,1412,2072,2,0,6,5,3497,18,1216
서울특별시,성북구,,길음제1동제4투,4738,3722,1799,1900,3,3,6,1,3712,10,1016
서울특별시,성북구,,길음제1동제5투,3741,3110,1383,1713,0,0,3,1,3100,10,631
서울특별시,성북구,,길음제1동제6투,2614,2179,905,1256,1,0,8,1,2171,8,435
서울특별시,성북구,,길음제1동제7투,2488,2069,968,1089,1,1,2,3,2064,5,419
서울특별시,성북구,길음제2동,소계,17084,12095,5570,6417,4,3,21,11,12026,69,4989
서울특별시,성북구,,길음제2동제1투,3767,2419,1094,1295,2,0,5,4,2400,19,1348
서울특별시,성북구,,길음제2동제2투,5244,3734,1799,1901,1,0,8,2,3711,23,1510
서울특별시,성북구,,길음제2동제3투,4005,2655,1231,1400,0,3,1,2,2637,18,1350
서울특별시,성북구,,길음제2동제4투,4068,3287,1446,1821,1,0,7,3,3278,9,781
서울특별시,성북구,종암동,소계,33835,25721,11318,14204,14,19,32,23,25610,111,8114
서울특별시,성북구,,종암동제1투,4696,3598,1577,2003,1,0,6,1,3588,10,1098
서울특별시,성북구,,종암동제2투,4541,3593,1610,1963,2,3,3,1,3582,11,948
서울특별시,성북구,,종암동제3투,4316,3362,1556,1777,2,3,4,1,3343,19,954
서울특별시,성북구,,종암동제4투,4373,3388,1431,1921,2,6,4,10,3374,14,985
서울특별시,성북구,,종암동제5투,3487,2227,1077,1130,2,1,1,2,2213,14,1260
서울특별시,성북구,,종암동제6투,4300,3494,1497,1968,2,1,7,2,3477,17,806
서울특별시,성북구,,종암동제7투,4554,3246,1408,1815,1,4,1,2,3231,15,1308
서울특별시,성북구,,종암동제8투,3568,2813,1162,1627,2,1,6,4,2802,11,755
서울특별시,성북구,월곡제1동,소계,22760,17249,7224,9869,13,8,26,13,17153,96,5511
서울특별시,성북구,,월곡제1동제1투,4390,3131,1311,1803,1,0,3,3,3121,10,1259
서울특별시,성북구,,월곡제1동제2투,3301,2337,937,1369,1,1,5,0,2313,24,964
서울특별시,성북구,,월곡제1동제3투,3506,2565,1181,1359,3,1,2,5,2551,14,941
서울특별시,성북구,,월곡제1동제4투,3131,2464,1074,1364,1,3,5,2,2449,15,667
서울특별시,성북구,,월곡제1동제5투,3795,2993,1274,1695,3,2,3,1,2978,15,802
서울특별시,성북구,,월곡제1동제6투,4637,3759,1447,2279,4,1,8,2,3741,18,878
서울특별시,성북구,월곡제2동,소계,17439,13149,6081,6970,12,8,13,9,13093,56,4290
서울특별시,성북구,,월곡제2동제1투,4616,3233,1479,1720,5,3,2,5,3214,19,1383
서울특별시,성북구,,월곡제2동제2투,4175,3318,1539,1760,4,2,4,0,3309,9,857
서울특별시,성북구,,월곡제2동제3투,4111,3007,1370,1614,2,0,6,3,2995,12,1104
서울특별시,성북구,,월곡제2동제4투,4537,3591,1693,1876,1,3,1,1,3575,16,946
서울특별시,성북구,장위제1동,소계,21006,14600,6694,7782,9,7,18,8,14518,82,6406
서울특별시,성북구,,장위제1동제1투,4263,2758,1286,1456,1,1,1,2,2747,11,1505
서울특별시,성북구,,장위제1동제2투,3348,2378,1113,1240,4,2,4,1,2364,14,970
서울특별시,성북구,,장위제1동제3투,3643,2600,1245,1329,0,2,3,0,2579,21,1043
서울특별시,성북구,,장위제1동제4투,3013,2120,1005,1101,0,1,1,2,2110,10,893
서울특별시,성북구,,장위제1동제5투,2988,2123,944,1159,4,1,5,0,2113,10,865
서울특별시,성북구,,장위제1동제6투,3751,2621,1101,1497,0,0,4,3,2605,16,1130
서울특별시,성북구,장위제2동,소계,18621,13118,6491,6516,12,6,17,13,13055,63,5503
서울특별시,성북구,,장위제2동제1투,3885,2888,1432,1433,2,3,3,4,2877,11,997
서울특별시,성북구,,장위제2동제2투,3711,2455,1250,1174,2,0,8,5,2439,16,1256
서울특별시,성북구,,장위제2동제3투,3214,2315,1142,1158,0,2,2,0,2304,11,899
서울특별시,성북구,,장위제2동제4투,3845,2669,1389,1261,4,0,1,1,2656,13,1176
서울특별시,성북구,,장위제2동제5투,3966,2791,1278,1490,4,1,3,3,2779,12,1175
서울특별시,성북구,장위제3동,소계,15448,11150,5461,5587,8,5,12,6,11079,71,4298
서울특별시,성북구,,장위제3동제1투,4054,2772,1410,1327,3,1,3,2,2746,26,1282
서울특별시,성북구,,장위제3동제2투,3919,2793,1345,1414,2,3,4,2,2770,23,1126
서울특별시,성북구,,장위제3동제3투,3736,2614,1301,1297,2,0,4,0,2604,10,1122
서울특별시,성북구,,장위제3동제4투,3739,2971,1405,1549,1,1,1,2,2959,12,768
서울특별시,성북구,석관동,소계,30851,22504,10600,11744,10,11,34,16,22415,89,8347
서울특별시,성북구,,석관동제1투,4707,3124,1452,1656,0,0,3,1,3112,12,1583
서울특별시,성북구,,석관동제2투,3754,2714,1277,1412,1,3,5,1,2699,15,1040
서울특별시,성북구,,석관동제3투,4839,3403,1642,1731,2,1,4,3,3383,20,1436
서울특별시,성북구,,석관동제4투,3216,2370,1196,1161,2,0,3,2,2364,6,846
서울특별시,성북구,,석관동제5투,5112,4137,1969,2146,2,2,5,4,4128,9,975
서울특별시,성북구,,석관동제6투,2814,1987,920,1050,1,3,3,0,1977,10,827
서울특별시,성북구,,석관동제7투,4140,3068,1355,1693,0,1,9,2,3060,8,1072
서울특별시,성북구,,석관동제8투,2269,1701,789,895,2,1,2,3,1692,9,568
서울특별시,성북구,잘못 투입·구분된 투표지,,0,53,26,27,0,0,0,0,53,0,-53
서울특별시,강북구,소계,,286118,207927,94479,111470,169,110,341,171,206740,1187,78191
서울특별시,강북구,재외투표,,1870,1369,549,807,2,1,2,0,1361,8,501
서울특별시,강북구,국내부재자투표,,5126,4847,2179,2514,5,6,6,24,4734,113,279
서울특별시,강북구,소계,,279122,201687,91744,108132,162,103,333,147,200621,1066,77435
서울특별시,강북구,삼양동,소계,25442,17854,7659,10016,11,7,32,22,17747,107,7588
서울특별시,강북구,,삼양동제1투,3929,2394,1018,1362,0,0,3,2,2385,9,1535
서울특별시,강북구,,삼양동제2투,3269,2359,1036,1293,1,2,5,6,2343,16,910
서울특별시,강북구,,삼양동제3투,3195,2202,935,1247,1,1,3,2,2189,13,993
서울특별시,강북구,,삼양동제4투,3703,2617,1150,1439,4,1,5,3,2602,15,1086
서울특별시,강북구,,삼양동제5투,3705,2748,1135,1589,0,1,6,2,2733,15,957
서울특별시,강북구,,삼양동제6투,2812,1936,812,1101,4,1,4,1,1923,13,876
서울특별시,강북구,,삼양동제7투,1903,1308,615,680,0,0,0,1,1296,12,595
서울특별시,강북구,,삼양동제8투,2926,2290,958,1305,1,1,6,5,2276,14,636
서울특별시,강북구,미아동,소계,19823,14304,6400,7786,10,11,25,6,14238,66,5519
서울특별시,강북구,,미아동제1투,4094,2759,1162,1583,2,1,5,0,2753,6,1335
서울특별시,강북구,,미아동제2투,2130,1557,667,872,2,2,6,0,1549,8,573
서울특별시,강북구,,미아동제3투,4007,2948,1415,1508,1,2,2,4,2932,16,1059
서울특별시,강북구,,미아동제4투,3241,2365,1110,1229,3,1,8,1,2352,13,876
서울특별시,강북구,,미아동제5투,3109,2314,1022,1271,0,3,4,1,2301,13,795
서울특별시,강북구,,미아동제6투,3242,2361,1024,1323,2,2,0,0,2351,10,881
서울특별시,강북구,송중동,소계,28048,19937,8761,11021,15,10,26,15,19848,89,8111
서울특별시,강북구,,송중동제1투,2905,1740,789,936,1,0,1,4,1731,9,1165
서울특별시,강북구,,송중동제2투,3306,2300,1015,1261,2,3,5,1,2287,13,1006
서울특별시,강북구,,송중동제3투,3783,2751,1224,1515,0,2,1,3,2745,6,1032
서울특별시,강북구,,송중동제4투,3957,2912,1260,1629,2,2,4,1,2898,14,1045
서울특별시,강북구,,송중동제5투,3829,2838,1175,1645,1,1,4,3,2829,9,991
서울특별시,강북구,,송중동제6투,2968,2098,954,1125,3,0,3,0,2085,13,870
서울특별시,강북구,,송중동제7투,3567,2662,1201,1439,1,2,3,1,2647,15,905
서울특별시,강북구,,송중동제8투,3733,2636,1143,1471,5,0,5,2,2626,10,1097
서울특별시,강북구,송천동,소계,26658,18960,8316,10453,18,10,40,14,18851,109,7698
서울특별시,강북구,,송천동제1투,4067,2532,1106,1401,2,1,7,2,2519,13,1535
서울특별시,강북구,,송천동제2투,3134,2214,925,1267,6,2,2,2,2204,10,920
서울특별시,강북구,,송천동제3투,3092,2277,959,1292,0,3,8,2,2264,13,815
서울특별시,강북구,,송천동제4투,3122,2360,1056,1284,0,1,4,0,2345,15,762
서울특별시,강북구,,송천동제5투,3326,2408,1050,1325,2,0,3,4,2384,24,918
서울특별시,강북구,,송천동제6투,2972,2117,963,1132,3,1,4,1,2104,13,855
서울특별시,강북구,,송천동제7투,3417,2490,1119,1346,3,2,8,2,2480,10,927
서울특별시,강북구,,송천동제8투,3528,2562,1138,1406,2,0,4,1,2551,11,966
서울특별시,강북구,삼각산동,소계,25048,19784,8132,11507,9,6,43,8,19705,79,5264
서울특별시,강북구,,삼각산동제1투,3380,2676,1129,1528,1,2,7,1,2668,8,704
서울특별시,강북구,,삼각산동제2투,3590,2232,979,1230,2,0,4,0,2215,17,1358
서울특별시,강북구,,삼각산동제3투,3739,3085,1188,1879,3,0,5,2,3077,8,654
서울특별시,강북구,,삼각산동제4투,2707,2235,1005,1215,0,0,3,1,2224,11,472
서울특별시,강북구,,삼각산동제5투,3593,2990,1177,1793,1,1,4,0,2976,14,603
서울특별시,강북구,,삼각산동제6투,2763,2254,951,1291,1,1,5,0,2249,5,509
서울특별시,강북구,,삼각산동제7투,2689,2216,881,1315,0,1,10,2,2209,7,473
서울특별시,강북구,,삼각산동제8투,2587,2096,822,1256,1,1,5,2,2087,9,491
서울특별시,강북구,번제1동,소계,17274,11950,5519,6334,9,5,11,7,11885,65,5324
서울특별시,강북구,,번제1동제1투,4018,2546,1195,1335,0,1,1,1,2533,13,1472
서울특별시,강북구,,번제1동제2투,3219,2381,1062,1292,2,1,4,3,2364,17,838
서울특별시,강북구,,번제1동제3투,3863,2669,1265,1384,2,1,4,2,2658,11,1194
서울특별시,강북구,,번제1동제4투,3545,2511,1114,1382,4,1,2,1,2504,7,1034
서울특별시,강북구,,번제1동제5투,2629,1843,883,941,1,1,0,0,1826,17,786
서울특별시,강북구,번제2동,소계,16046,11757,5229,6423,15,8,21,11,11707,50,4289
서울특별시,강북구,,번제2동제1투,3758,2938,1351,1568,1,2,6,1,2929,9,820
서울특별시,강북구,,번제2동제2투,2823,2060,924,1108,3,2,4,5,2046,14,763
서울특별시,강북구,,번제2동제3투,3483,2493,1137,1337,8,1,4,0,2487,6,990
서울특별시,강북구,,번제2동제4투,2972,2131,952,1148,2,3,5,5,2115,16,841
서울특별시,강북구,,번제2동제5투,3010,2135,865,1262,1,0,2,0,2130,5,875
서울특별시,강북구,번제3동,소계,17162,12857,5831,6889,14,7,21,13,12775,82,4305
서울특별시,강북구,,번제3동제1투,3143,2196,1057,1113,1,1,5,2,2179,17,947
서울특별시,강북구,,번제3동제2투,3753,2932,1244,1673,1,0,5,1,2924,8,821
서울특별시,강북구,,번제3동제3투,2731,1970,887,1048,2,3,4,4,1948,22,761
서울특별시,강북구,,번제3동제4투,3680,2794,1296,1460,6,0,3,5,2770,24,886
서울특별시,강북구,,번제3동제5투,3855,2965,1347,1595,4,3,4,1,2954,11,890
서울특별시,강북구,수유제1동,소계,19092,13444,6100,7228,12,5,17,11,13373,71,5648
서울특별시,강북구,,수유제1동제1투,3847,2554,1162,1369,2,1,2,2,2538,16,1293
서울특별시,강북구,,수유제1동제2투,3954,2825,1221,1574,0,1,4,3,2803,22,1129
서울특별시,강북구,,수유제1동제3투,3345,2404,1050,1341,0,0,2,2,2395,9,941
서울특별시,강북구,,수유제1동제4투,3553,2566,1208,1334,3,1,5,3,2554,12,987
서울특별시,강북구,,수유제1동제5투,4393,3095,1459,1610,7,2,4,1,3083,12,1298
서울특별시,강북구,수유제2동,소계,19067,14285,7224,6926,15,5,28,9,14207,78,4782
서울특별시,강북구,,수유제2동제1투,4224,3177,1629,1519,3,1,6,1,3159,18,1047
서울특별시,강북구,,수유제2동제2투,4106,2972,1465,1479,4,2,6,3,2959,13,1134
서울특별시,강북구,,수유제2동제3투,3630,2972,1605,1339,1,1,7,4,2957,15,658
서울특별시,강북구,,수유제2동제4투,3371,2464,1179,1273,3,1,2,0,2458,6,907
서울특별시,강북구,,수유제2동제5투,3736,2700,1346,1316,4,0,7,1,2674,26,1036
서울특별시,강북구,수유제3동,소계,20137,13971,6698,7155,11,5,20,8,13897,74,6166
서울특별시,강북구,,수유제3동제1투,2496,1752,823,917,2,1,2,0,1745,7,744
서울특별시,강북구,,수유제3동제2투,3476,2412,1162,1224,2,0,5,1,2394,18,1064
서울특별시,강북구,,수유제3동제3투,3464,2340,1140,1182,2,2,1,1,2328,12,1124
서울특별시,강북구,,수유제3동제4투,3238,2393,1128,1244,1,0,5,2,2380,13,845
서울특별시,강북구,,수유제3동제5투,3944,2526,1205,1296,1,1,4,3,2510,16,1418
서울특별시,강북구,,수유제3동제6투,3519,2548,1240,1292,3,1,3,1,2540,8,971
서울특별시,강북구,우이동,소계,17733,12760,6370,6260,11,8,21,11,12681,79,4973
서울특별시,강북구,,우이동제1투,4811,3217,1687,1497,4,2,8,2,3200,17,1594
서울특별시,강북구,,우이동제2투,4560,3361,1628,1702,1,1,4,7,3343,18,1199
서울특별시,강북구,,우이동제3투,4340,3163,1505,1619,4,4,7,1,3140,23,1177
서울특별시,강북구,,우이동제4투,4022,3019,1550,1442,2,1,2,1,2998,21,1003
서울특별시,강북구,인수동,소계,27592,19824,9505,10134,12,16,28,12,19707,117,7768
서울특별시,강북구,,인수동제1투,3353,2212,1092,1101,1,2,4,2,2202,10,1141
서울특별시,강북구,,인수동제2투,3181,2380,1136,1226,0,1,3,1,2367,13,801
서울특별시,강북구,,인수동제3투,3204,2375,1141,1209,4,2,1,0,2357,18,829
서울특별시,강북구,,인수동제4투,2953,2169,1081,1071,1,6,0,0,2159,10,784
서울특별시,강북구,,인수동제5투,3249,2137,1037,1083,1,0,6,1,2128,9,1112
서울특별시,강북구,,인수동제6투,3726,2724,1323,1376,2,3,4,4,2712,12,1002
서울특별시,강북구,,인수동제7투,3663,2737,1268,1444,2,1,4,3,2722,15,926
서울특별시,강북구,,인수동제8투,4263,3090,1427,1624,1,1,6,1,3060,30,1173
서울특별시,강북구,잘못 투입·구분된 투표지,,0,24,7,17,0,0,0,0,24,0,-24
서울특별시,도봉구,소계,,296521,225230,106942,116266,128,150,404,193,224083,1147,71291
서울특별시,도봉구,재외투표,,1957,1415,563,839,1,0,1,1,1405,10,542
서울특별시,도봉구,국내부재자투표,,6469,6088,2871,3036,9,16,15,17,5964,124,381
서울특별시,도봉구,소계,,288095,217712,103499,112386,118,134,388,175,216700,1012,70383
서울특별시,도봉구,쌍문1동,소계,17713,12950,6125,6700,9,4,27,9,12874,76,4763
서울특별시,도봉구,,쌍문1동제1투,3514,2370,1065,1281,5,0,1,5,2357,13,1144
서울특별시,도봉구,,쌍문1동제2투,3752,2676,1239,1413,1,1,4,1,2659,17,1076
서울특별시,도봉구,,쌍문1동제3투,3661,2806,1303,1480,1,2,4,2,2792,14,855
서울특별시,도봉구,,쌍문1동제4투,3204,2461,1185,1253,0,0,8,1,2447,14,743
서울특별시,도봉구,,쌍문1동제5투,3582,2637,1333,1273,2,1,10,0,2619,18,945
서울특별시,도봉구,쌍문2동,소계,17440,12795,6075,6599,9,16,23,10,12732,63,4645
서울특별시,도봉구,,쌍문2동제1투,4142,2812,1316,1468,1,2,3,3,2793,19,1330
서울특별시,도봉구,,쌍문2동제2투,3747,2708,1323,1351,4,5,8,5,2696,12,1039
서울특별시,도봉구,,쌍문2동제3투,2848,2145,1077,1048,2,0,6,1,2134,11,703
서울특별시,도봉구,,쌍문2동제4투,3388,2719,1282,1416,0,6,4,1,2709,10,669
서울특별시,도봉구,,쌍문2동제5투,3315,2411,1077,1316,2,3,2,0,2400,11,904
서울특별시,도봉구,쌍문3동,소계,15295,11308,5239,5977,1,5,19,11,11252,56,3987
서울특별시,도봉구,,쌍문3동제1투,4648,3403,1612,1769,0,0,4,0,3385,18,1245
서울특별시,도봉구,,쌍문3동제2투,3894,2855,1244,1589,0,3,4,5,2845,10,1039
서울특별시,도봉구,,쌍문3동제3투,3301,2380,1103,1252,1,2,4,3,2365,15,921
서울특별시,도봉구,,쌍문3동제4투,3452,2670,1280,1367,0,0,7,3,2657,13,782
서울특별시,도봉구,쌍문4동,소계,16781,13056,6343,6624,6,4,23,10,13010,46,3725
서울특별시,도봉구,,쌍문4동제1투,4135,3134,1514,1605,2,0,3,1,3125,9,1001
서울특별시,도봉구,,쌍문4동제2투,4299,3449,1663,1763,1,1,3,2,3433,16,850
서울특별시,도봉구,,쌍문4동제3투,3792,3019,1492,1498,1,1,10,5,3007,12,773
서울특별시,도봉구,,쌍문4동제4투,4555,3454,1674,1758,2,2,7,2,3445,9,1101
서울특별시,도봉구,방학1동,소계,25875,18983,9436,9395,8,9,32,16,18896,87,6892
서울특별시,도봉구,,방학1동제1투,3939,2618,1212,1377,3,2,5,5,2604,14,1321
서울특별시,도봉구,,방학1동제2투,3647,2662,1342,1290,1,3,4,1,2641,21,985
서울특별시,도봉구,,방학1동제3투,3932,2758,1267,1464,0,1,6,2,2740,18,1174
서울특별시,도봉구,,방학1동제4투,4475,3230,1614,1593,2,0,4,3,3216,14,1245
서울특별시,도봉구,,방학1동제5투,5045,3811,1863,1929,0,1,5,0,3798,13,1234
서울특별시,도봉구,,방학1동제6투,4837,3904,2138,1742,2,2,8,5,3897,7,933
서울특별시,도봉구,방학2동,소계,19098,13415,6371,6904,14,5,17,13,13324,91,5683
서울특별시,도봉구,,방학2동제1투,3563,2343,1117,1205,1,0,5,3,2331,12,1220
서울특별시,도봉구,,방학2동제2투,2889,2146,1019,1103,1,0,4,2,2129,17,743
서울특별시,도봉구,,방학2동제3투,3007,2176,1048,1101,3,3,1,3,2159,17,831
서울특별시,도봉구,,방학2동제4투,3183,2272,1089,1163,3,2,3,1,2261,11,911
서울특별시,도봉구,,방학2동제5투,3095,2126,1015,1089,2,0,2,2,2110,16,969
서울특별시,도봉구,,방학2동제6투,3361,2352,1083,1243,4,0,2,2,2334,18,1009
서울특별시,도봉구,방학3동,소계,24508,19376,9312,9923,10,17,32,7,19301,75,5132
서울특별시,도봉구,,방학3동제1투,3778,2956,1309,1628,2,0,6,1,2946,10,822
서울특별시,도봉구,,방학3동제2투,3713,2929,1426,1483,1,6,3,0,2919,10,784
서울특별시,도봉구,,방학3동제3투,4299,3250,1662,1568,1,2,4,1,3238,12,1049
서울특별시,도봉구,,방학3동제4투,3216,2482,1193,1267,1,1,7,0,2469,13,734
서울특별시,도봉구,,방학3동제5투,2935,2389,1196,1175,4,1,4,3,2383,6,546
서울특별시,도봉구,,방학3동제6투,3103,2559,1153,1384,1,3,6,1,2548,11,544
서울특별시,도봉구,,방학3동제7투,3464,2811,1373,1418,0,4,2,1,2798,13,653
서울특별시,도봉구,창1동,소계,22273,17310,7882,9294,8,9,30,11,17234,76,4963
서울특별시,도봉구,,창1동제1투,4215,3225,1509,1692,1,3,6,4,3215,10,990
서울특별시,도봉구,,창1동제2투,3023,2118,971,1133,2,1,3,0,2110,8,905
서울특별시,도봉구,,창1동제3투,3156,2314,1076,1217,2,0,2,2,2299,15,842
서울특별시,도봉구,,창1동제4투,4244,3413,1528,1857,1,0,9,2,3397,16,831
서울특별시,도봉구,,창1동제5투,4245,3554,1668,1866,0,1,6,1,3542,12,691
서울특별시,도봉구,,창1동제6투,3390,2686,1130,1529,2,4,4,2,2671,15,704
서울특별시,도봉구,창2동,소계,24866,18534,8497,9888,11,14,26,12,18448,86,6332
서울특별시,도봉구,,창2동제1투,3644,2662,1256,1388,1,1,3,1,2650,12,982
서울특별시,도봉구,,창2동제2투,4521,3255,1526,1702,1,3,4,3,3239,16,1266
서울특별시,도봉구,,창2동제3투,4041,3176,1396,1746,3,3,5,3,3156,20,865
서울특별시,도봉구,,창2동제4투,3837,3081,1499,1560,0,3,8,1,3071,10,756
서울특별시,도봉구,,창2동제5투,4548,3343,1433,1884,3,3,5,3,3331,12,1205
서울특별시,도봉구,,창2동제6투,4275,3017,1387,1608,3,1,1,1,3001,16,1258
서울특별시,도봉구,창3동,소계,12805,9113,4290,4734,4,8,15,8,9059,54,3692
서울특별시,도봉구,,창3동제1투,3041,2075,1055,1000,0,3,1,3,2062,13,966
서울특별시,도봉구,,창3동제2투,4129,2943,1304,1614,1,3,6,0,2928,15,1186
서울특별시,도봉구,,창3동제3투,2565,1776,817,940,1,0,3,2,1763,13,789
서울특별시,도봉구,,창3동제4투,3070,2319,1114,1180,2,2,5,3,2306,13,751
서울특별시,도봉구,창4동,소계,23489,18951,8641,10154,12,16,50,11,18884,67,4538
서울특별시,도봉구,,창4동제1투,3983,3102,1300,1778,2,1,13,1,3095,7,881
서울특별시,도봉구,,창4동제2투,3306,2491,1038,1424,0,6,3,2,2473,18,815
서울특별시,도봉구,,창4동제3투,4368,3503,1761,1711,5,2,8,2,3489,14,865
서울특별시,도봉구,,창4동제4투,4175,3534,1646,1864,3,2,8,4,3527,7,641
서울특별시,도봉구,,창4동제5투,3552,2896,1317,1560,1,2,5,2,2887,9,656
서울특별시,도봉구,,창4동제6투,4105,3425,1579,1817,1,3,13,0,3413,12,680
서울특별시,도봉구,창5동,소계,22050,17391,8506,8760,7,9,31,21,17334,57,4659
서울특별시,도봉구,,창5동제1투,3563,2757,1224,1514,0,2,5,4,2749,8,806
서울특별시,도봉구,,창5동제2투,3103,2432,1034,1376,2,2,3,4,2421,11,671
서울특별시,도봉구,,창5동제3투,3564,2793,1289,1483,1,1,4,5,2783,10,771
서울특별시,도봉구,,창5동제4투,4101,3071,1494,1555,2,3,0,4,3058,13,1030
서울특별시,도봉구,,창5동제5투,2231,1914,1060,842,0,0,4,1,1907,7,317
서울특별시,도봉구,,창5동제6투,3307,2772,1573,1179,1,0,10,3,2766,6,535
서울특별시,도봉구,,창5동제7투,2181,1652,832,811,1,1,5,0,1650,2,529
서울특별시,도봉구,도봉1동,소계,20465,14797,7487,7160,11,9,22,22,14711,86,5668
서울특별시,도봉구,,도봉1동제1투,3376,2147,1088,1041,1,1,2,3,2136,11,1229
서울특별시,도봉구,,도봉1동제2투,4755,3614,1863,1715,5,1,6,5,3595,19,1141
서울특별시,도봉구,,도봉1동제3투,2641,1924,911,985,0,3,7,7,1913,11,717
서울특별시,도봉구,,도봉1동제4투,2009,1474,787,672,0,2,1,4,1466,8,535
서울특별시,도봉구,,도봉1동제5투,3003,2332,1244,1068,1,1,2,1,2317,15,671
서울특별시,도봉구,,도봉1동제6투,4681,3306,1594,1679,4,1,4,2,3284,22,1375
서울특별시,도봉구,도봉2동,소계,25437,19733,9295,10274,8,9,41,14,19641,92,5704
서울특별시,도봉구,,도봉2동제1투,3186,2098,968,1110,0,3,4,3,2088,10,1088
서울특별시,도봉구,,도봉2동제2투,3353,2676,1290,1364,1,2,4,2,2663,13,677
서울특별시,도봉구,,도봉2동제3투,3095,2146,1017,1104,1,1,4,3,2130,16,949
서울특별시,도봉구,,도봉2동제4투,3367,2627,1122,1486,1,0,5,0,2614,13,740
서울특별시,도봉구,,도봉2동제5투,3928,3193,1559,1613,1,1,6,3,3183,10,735
서울특별시,도봉구,,도봉2동제6투,3993,3269,1513,1729,3,1,5,2,3253,16,724
서울특별시,도봉구,,도봉2동제7투,4515,3724,1826,1868,1,1,13,1,3710,14,791
서울특별시,도봉구,잘못 투입·구분된 투표지,,0,15,9,5,0,0,0,0,14,1,-15
서울특별시,노원구,소계,,473741,368003,170114,194546,220,203,689,326,366098,1905,105738
서울특별시,노원구,재외투표,,3316,2373,908,1430,1,4,6,3,2352,21,943
서울특별시,노원구,국내부재자투표,,12033,11257,5292,5677,17,20,29,33,11068,189,776
서울특별시,노원구,소계,,458392,354329,163889,187421,202,179,654,290,352635,1694,104063
서울특별시,노원구,월계1동,소계,18607,14090,6597,7385,10,6,14,10,14022,68,4517
서울특별시,노원구,,월계1동제1투,4006,3015,1425,1574,2,2,2,3,3008,7,991
서울특별시,노원구,,월계1동제2투,3591,2782,1363,1394,2,0,2,3,2764,18,809
서울특별시,노원구,,월계1동제3투,4640,3601,1637,1937,2,2,4,1,3583,18,1039
서울특별시,노원구,,월계1동제4투,3899,2944,1324,1598,3,2,3,2,2932,12,955
서울특별시,노원구,,월계1동제5투,2471,1748,848,882,1,0,3,1,1735,13,723
서울특별시,노원구,월계2동,소계,24427,18218,8683,9359,10,11,32,21,18116,102,6209
서울특별시,노원구,,월계2동제1투,4442,3214,1668,1516,4,0,8,2,3198,16,1228
서울특별시,노원구,,월계2동제2투,3825,2920,1255,1651,0,2,3,3,2914,6,905
서울특별시,노원구,,월계2동제3투,3830,3052,1458,1563,1,1,8,6,3037,15,778
서울특별시,노원구,,월계2동제4투,5005,3892,1723,2131,0,4,5,3,3866,26,1113
서울특별시,노원구,,월계2동제5투,4049,2756,1421,1295,3,4,3,3,2729,27,1293
서울특별시,노원구,,월계2동제6투,3276,2384,1158,1203,2,0,5,4,2372,12,892
서울특별시,노원구,월계3동,소계,28201,22373,10120,12062,16,11,30,24,22263,110,5828
서울특별시,노원구,,월계3동제1투,2709,1994,842,1140,1,0,1,2,1986,8,715
서울특별시,노원구,,월계3동제2투,3255,2662,1167,1477,0,5,3,1,2653,9,593
서울특별시,노원구,,월계3동제3투,3227,2614,1165,1432,1,0,4,2,2604,10,613
서울특별시,노원구,,월계3동제4투,3535,2889,1156,1709,1,1,3,4,2874,15,646
서울특별시,노원구,,월계3동제5투,3849,3221,1489,1715,0,0,6,2,3212,9,628
서울특별시,노원구,,월계3동제6투,3749,3142,1596,1528,0,1,4,3,3132,10,607
서울특별시,노원구,,월계3동제7투,2140,1769,792,967,3,0,1,0,1763,6,371
서울특별시,노원구,,월계3동제8투,2701,1943,841,1071,3,3,5,5,1928,15,758
서울특별시,노원구,,월계3동제9투,3036,2139,1072,1023,7,1,3,5,2111,28,897
서울특별시,노원구,공릉1동,소계,32454,24620,11181,13235,9,12,37,19,24493,127,7834
서울특별시,노원구,,공릉1동제1투,3354,2358,1129,1213,1,3,4,2,2352,6,996
서울특별시,노원구,,공릉1동제2투,4932,3774,1692,2061,3,0,6,2,3764,10,1158
서울특별시,노원구,,공릉1동제3투,3913,2599,1132,1447,1,4,2,1,2587,12,1314
서울특별시,노원구,,공릉1동제4투,3574,2677,1243,1403,0,2,9,2,2659,18,897
서울특별시,노원구,,공릉1동제5투,3225,2369,1168,1158,2,0,2,6,2336,33,856
서울특별시,노원구,,공릉1동제6투,2633,1997,903,1078,0,1,1,4,1987,10,636
서울특별시,노원구,,공릉1동제7투,3589,2874,1306,1551,1,1,3,0,2862,12,715
서울특별시,노원구,,공릉1동제8투,3494,2809,1170,1620,0,0,4,1,2795,14,685
서울특별시,노원구,,공릉1동제9투,3740,3163,1438,1704,1,1,6,1,3151,12,577
서울특별시,노원구,공릉2동,소계,34945,27736,13076,14425,16,13,65,21,27616,120,7209
서울특별시,노원구,,공릉2동제1투,4506,3460,1433,2003,0,1,7,3,3447,13,1046
서울특별시,노원구,,공릉2동제2투,3994,3303,1612,1669,2,1,8,0,3292,11,691
서울특별시,노원구,,공릉2동제3투,4107,3236,1467,1734,2,3,11,4,3221,15,871
서울특별시,노원구,,공릉2동제4투,4288,3440,1576,1837,2,2,7,0,3424,16,848
서울특별시,노원구,,공릉2동제5투,4258,3479,1634,1813,4,2,7,1,3461,18,779
서울특별시,노원구,,공릉2동제6투,4214,3254,1555,1674,1,1,8,2,3241,13,960
서울특별시,노원구,,공릉2동제7투,4006,3087,1414,1639,2,1,11,5,3072,15,919
서울특별시,노원구,,공릉2동제8투,5572,4477,2385,2056,3,2,6,6,4458,19,1095
서울특별시,노원구,하계1동,소계,23646,18445,9041,9220,11,11,42,20,18345,100,5201
서울특별시,노원구,,하계1동제1투,3969,3178,1779,1376,0,1,10,2,3168,10,791
서울특별시,노원구,,하계1동제2투,3783,2899,1338,1506,6,6,4,5,2865,34,884
서울특별시,노원구,,하계1동제3투,3896,2809,1461,1312,3,2,6,4,2788,21,1087
서울특별시,노원구,,하계1동제4투,4068,3227,1520,1686,1,1,7,4,3219,8,841
서울특별시,노원구,,하계1동제5투,4601,3604,1754,1817,0,0,10,4,3585,19,997
서울특별시,노원구,,하계1동제6투,3329,2728,1189,1523,1,1,5,1,2720,8,601
서울특별시,노원구,하계2동,소계,19106,15247,6984,8131,12,11,30,7,15175,72,3859
서울특별시,노원구,,하계2동제1투,4059,3087,1262,1794,3,1,2,3,3065,22,972
서울특별시,노원구,,하계2동제2투,2937,2086,1003,1049,5,4,7,2,2070,16,851
서울특별시,노원구,,하계2동제3투,4284,3641,1778,1847,2,1,4,0,3632,9,643
서울특별시,노원구,,하계2동제4투,3871,3166,1377,1763,1,3,10,1,3155,11,705
서울특별시,노원구,,하계2동제5투,3955,3267,1564,1678,1,2,7,1,3253,14,688
서울특별시,노원구,중계본동,소계,21189,16601,8024,8449,7,6,37,11,16534,67,4588
서울특별시,노원구,,중계본동제1투,3247,2434,1266,1153,4,2,2,1,2428,6,813
서울특별시,노원구,,중계본동제2투,2743,1719,848,852,0,1,1,2,1704,15,1024
서울특별시,노원구,,중계본동제3투,4159,3425,1520,1884,1,1,4,1,3411,14,734
서울특별시,노원구,,중계본동제4투,3827,3180,1456,1695,1,0,9,3,3164,16,647
서울특별시,노원구,,중계본동제5투,3187,2498,1210,1268,1,1,12,2,2494,4,689
서울특별시,노원구,,중계본동제6투,4026,3345,1724,1597,0,1,9,2,3333,12,681
서울특별시,노원구,중계1동,소계,20546,16707,7546,9046,9,6,34,7,16648,59,3839
서울특별시,노원구,,중계1동제1투,4284,3367,1473,1867,2,1,8,2,3353,14,917
서울특별시,노원구,,중계1동제2투,4164,3293,1487,1790,0,1,2,1,3281,12,871
서울특별시,노원구,,중계1동제3투,3767,3145,1382,1746,2,1,5,1,3137,8,622
서울특별시,노원구,,중계1동제4투,4331,3618,1589,2004,2,2,8,1,3606,12,713
서울특별시,노원구,,중계1동제5투,4000,3284,1615,1639,3,1,11,2,3271,13,716
서울특별시,노원구,중계2·3동,소계,32542,25109,11372,13472,20,13,51,32,24960,149,7433
서울특별시,노원구,,중계2·3동제1투,3391,2731,1167,1547,0,1,7,1,2723,8,660
서울특별시,노원구,,중계2·3동제2투,3743,3127,1504,1597,2,0,7,1,3111,16,616
서울특별시,노원구,,중계2·3동제3투,2953,2327,919,1382,2,2,4,6,2315,12,626
서울특별시,노원구,,중계2·3동제4투,3058,2251,921,1307,1,3,3,4,2239,12,807
서울특별시,노원구,,중계2·3동제5투,3786,2917,1272,1623,2,0,8,2,2907,10,869
서울특별시,노원구,,중계2·3동제6투,3205,2622,1068,1533,1,2,4,1,2609,13,583
서울특별시,노원구,,중계2·3동제7투,2752,2145,1099,1016,5,1,7,2,2130,15,607
서울특별시,노원구,,중계2·3동제8투,3301,2435,1121,1279,3,3,1,3,2410,25,866
서울특별시,노원구,,중계2·3동제9투,2303,1682,895,755,2,1,4,5,1662,20,621
서울특별시,노원구,,중계2·3동제10투,4050,2872,1406,1433,2,0,6,7,2854,18,1178
서울특별시,노원구,중계4동,소계,17418,13531,6244,7156,15,6,27,11,13459,72,3887
서울특별시,노원구,,중계4동제1투,4639,3442,1458,1959,2,2,4,1,3426,16,1197
서울특별시,노원구,,중계4동제2투,4072,3078,1506,1525,4,4,5,6,3050,28,994
서울특별시,노원구,,중계4동제3투,4329,3580,1668,1882,4,0,8,3,3565,15,749
서울특별시,노원구,,중계4동제4투,4378,3431,1612,1790,5,0,10,1,3418,13,947
서울특별시,노원구,상계1동,소계,34463,26512,12625,13654,7,22,51,26,26385,127,7951
서울특별시,노원구,,상계1동제1투,5098,3444,1559,1856,2,4,4,1,3426,18,1654
서울특별시,노원구,,상계1동제2투,3862,3001,1284,1692,1,1,10,2,2990,11,861
서울특별시,노원구,,상계1동제3투,4684,3742,1529,2176,1,6,10,4,3726,16,942
서울특별시,노원구,,상계1동제4투,4411,3416,1951,1430,1,5,9,5,3401,15,995
서울특별시,노원구,,상계1동제5투,4133,3168,1465,1667,0,3,6,4,3145,23,965
서울특별시,노원구,,상계1동제6투,4203,3411,1680,1707,1,1,4,1,3394,17,792
서울특별시,노원구,,상계1동제7투,3899,3027,1539,1460,1,1,2,6,3009,18,872
서울특별시,노원구,,상계1동제8투,4173,3303,1618,1666,0,1,6,3,3294,9,870
서울특별시,노원구,상계2동,소계,17929,13388,6531,6739,5,8,24,6,13313,75,4541
서울특별시,노원구,,상계2동제1투,4869,3356,1604,1706,3,4,15,2,3334,22,1513
서울특별시,노원구,,상계2동제2투,4477,3356,1679,1657,1,2,2,0,3341,15,1121
서울특별시,노원구,,상계2동제3투,4520,3448,1690,1739,1,0,0,0,3430,18,1072
서울특별시,노원구,,상계2동제4투,4063,3228,1558,1637,0,2,7,4,3208,20,835
서울특별시,노원구,상계3·4동,소계,31670,22579,10838,11502,26,9,41,22,22438,141,9091
서울특별시,노원구,,상계3·4동제1투,3117,2096,1065,1006,2,0,4,5,2082,14,1021
서울특별시,노원구,,상계3·4동제2투,3129,2251,1156,1075,3,0,6,2,2242,9,878
서울특별시,노원구,,상계3·4동제3투,3326,2739,1309,1411,2,1,5,4,2732,7,587
서울특별시,노원구,,상계3·4동제4투,3269,2430,1151,1254,4,3,4,0,2416,14,839
서울특별시,노원구,,상계3·4동제5투,3113,2167,1075,1070,5,1,1,2,2154,13,946
서울특별시,노원구,,상계3·4동제6투,3268,2599,1260,1307,4,2,8,1,2582,17,669
서울특별시,노원구,,상계3·4동제7투,3734,2622,1161,1435,1,1,3,1,2602,20,1112
서울특별시,노원구,,상계3·4동제8투,4543,2821,1299,1482,3,1,6,4,2795,26,1722
서울특별시,노원구,,상계3·4동제9투,4171,2854,1362,1462,2,0,4,3,2833,21,1317
서울특별시,노원구,상계5동,소계,19348,14344,6915,7293,7,9,23,14,14261,83,5004
서울특별시,노원구,,상계5동제1투,3838,2535,1234,1279,0,3,4,2,2522,13,1303
서울특별시,노원구,,상계5동제2투,4200,3164,1523,1610,5,1,2,1,3142,22,1036
서울특별시,노원구,,상계5동제3투,3533,2580,1285,1268,0,2,4,3,2562,18,953
서울특별시,노원구,,상계5동제4투,4153,3295,1560,1711,1,0,6,4,3282,13,858
서울특별시,노원구,,상계5동제5투,3624,2770,1313,1425,1,3,7,4,2753,17,854
서울특별시,노원구,상계6·7동,소계,28158,22086,9819,12113,9,5,49,10,22005,81,6072
서울특별시,노원구,,상계6·7동제1투,3969,3151,1421,1708,0,0,7,2,3138,13,818
서울특별시,노원구,,상계6·7동제2투,3947,3094,1395,1676,0,1,6,1,3079,15,853
서울특별시,노원구,,상계6·7동제3투,3973,3214,1402,1785,5,2,10,3,3207,7,759
서울특별시,노원구,,상계6·7동제4투,3758,3001,1331,1648,0,1,11,1,2992,9,757
서울특별시,노원구,,상계6·7동제5투,4368,3279,1434,1825,1,0,3,1,3264,15,1089
서울특별시,노원구,,상계6·7동제6투,4270,3149,1343,1780,2,1,9,1,3136,13,1121
서울특별시,노원구,,상계6·7동제7투,3873,3198,1493,1691,1,0,3,1,3189,9,675
서울특별시,노원구,상계8동,소계,19206,15400,6069,9227,8,9,32,10,15355,45,3806
서울특별시,노원구,,상계8동제1투,3588,2869,1251,1597,1,6,4,3,2862,7,719
서울특별시,노원구,,상계8동제2투,4037,3270,1341,1905,2,1,11,1,3261,9,767
서울특별시,노원구,,상계8동제3투,3986,3185,1343,1821,2,0,4,3,3173,12,801
서울특별시,노원구,,상계8동제4투,3631,2823,751,2056,2,0,6,2,2817,6,808
서울특별시,노원구,,상계8동제5투,3964,3253,1383,1848,1,2,7,1,3242,11,711
서울특별시,노원구,상계9동,소계,18544,14738,6580,8066,3,3,18,14,14684,54,3806
서울특별시,노원구,,상계9동제1투,4580,3566,1637,1907,2,1,4,3,3554,12,1014
서울특별시,노원구,,상계9동제2투,4822,3978,1835,2117,0,0,8,4,3964,14,844
서울특별시,노원구,,상계9동제3투,4273,3314,1424,1868,0,0,4,3,3299,15,959
서울특별시,노원구,,상계9동제4투,4869,3880,1684,2174,1,2,2,4,3867,13,989
서울특별시,노원구,상계10동,소계,15993,12605,5644,6887,2,8,17,5,12563,42,3388
서울특별시,노원구,,상계10동제1투,4261,3406,1814,1573,0,2,7,2,3398,8,855
서울특별시,노원구,,상계10동제2투,3762,2907,1235,1654,1,4,2,0,2896,11,855
서울특별시,노원구,,상계10동제3투,3893,3036,1208,1812,0,1,2,0,3023,13,857
서울특별시,노원구,,상계10동제4투,4077,3256,1387,1848,1,1,6,3,3246,10,821
서울특별시,노원구,잘못 투입·구분된 투표지,,0,44,25,18,0,0,0,0,43,1,-44
서울특별시,은평구,소계,,409466,300923,135878,162177,213,212,543,270,299293,1630,108543
서울특별시,은평구,재외투표,,3007,2226,893,1308,0,4,10,1,2216,10,781
서울특별시,은평구,국내부재자투표,,8328,7817,3601,3991,11,15,21,20,7659,158,511
서울특별시,은평구,소계,,398131,290861,131372,156871,202,193,512,249,289399,1462,107270
서울특별시,은평구,녹번동,소계,27062,19086,8508,10381,20,18,34,23,18984,102,7976
서울특별시,은평구,,녹번동제1투,4990,3199,1389,1778,3,3,3,5,3181,18,1791
서울특별시,은평구,,녹번동제2투,3981,2988,1409,1546,0,2,8,4,2969,19,993
서울특별시,은평구,,녹번동제3투,3444,2416,1003,1386,8,1,0,4,2402,14,1028
서울특별시,은평구,,녹번동제4투,3838,2822,1318,1479,1,2,6,2,2808,14,1016
서울특별시,은평구,,녹번동제5투,2076,1397,637,742,2,2,4,0,1387,10,679
서울특별시,은평구,,녹번동제6투,4223,2950,1318,1603,2,3,4,5,2935,15,1273
서울특별시,은평구,,녹번동제7투,4510,3314,1434,1847,4,5,9,3,3302,12,1196
서울특별시,은평구,응암제1동,소계,25156,17943,7843,9946,8,11,31,13,17852,91,7213
서울특별시,은평구,,응암제1동제1투,4295,2966,1304,1638,0,1,9,2,2954,12,1329
서울특별시,은평구,,응암제1동제2투,3323,2445,1097,1332,0,0,1,1,2431,14,878
서울특별시,은평구,,응암제1동제3투,3841,2682,1189,1463,1,3,7,3,2666,16,1159
서울특별시,은평구,,응암제1동제4투,4131,3048,1372,1646,1,0,5,4,3028,20,1083
서울특별시,은평구,,응암제1동제5투,4760,3348,1494,1825,3,6,4,2,3334,14,1412
서울특별시,은평구,,응암제1동제6투,4806,3454,1387,2042,3,1,5,1,3439,15,1352
서울특별시,은평구,응암제2동,소계,20736,14814,6521,8132,10,9,30,20,14722,92,5922
서울특별시,은평구,,응암제2동제1투,5397,3646,1560,2053,3,1,7,4,3628,18,1751
서울특별시,은평구,,응암제2동제2투,3808,2591,1211,1343,1,0,4,5,2564,27,1217
서울특별시,은평구,,응암제2동제3투,4153,3088,1298,1758,4,2,4,3,3069,19,1065
서울특별시,은평구,,응암제2동제4투,3856,2893,1234,1632,1,3,9,4,2883,10,963
서울특별시,은평구,,응암제2동제5투,3522,2596,1218,1346,1,3,6,4,2578,18,926
서울특별시,은평구,응암제3동,소계,22725,15886,6985,8738,16,8,24,21,15792,94,6839
서울특별시,은평구,,응암제3동제1투,4583,3105,1305,1779,3,0,5,4,3096,9,1478
서울특별시,은평구,,응암제3동제2투,3977,2787,1258,1497,2,0,1,4,2762,25,1190
서울특별시,은평구,,응암제3동제3투,4308,2982,1214,1741,2,2,6,4,2969,13,1326
서울특별시,은평구,,응암제3동제4투,3003,2015,909,1081,5,0,4,5,2004,11,988
서울특별시,은평구,,응암제3동제5투,3280,2482,1138,1318,2,2,3,2,2465,17,798
서울특별시,은평구,,응암제3동제6투,3574,2515,1161,1322,2,4,5,2,2496,19,1059
서울특별시,은평구,증산동,소계,16945,12779,5784,6865,11,15,18,12,12705,74,4166
서울특별시,은평구,,증산동제1투,4157,2979,1327,1619,3,2,5,4,2960,19,1178
서울특별시,은평구,,증산동제2투,4484,3412,1541,1833,3,3,3,4,3387,25,1072
서울특별시,은평구,,증산동제3투,4011,3073,1443,1608,2,3,2,3,3061,12,938
서울특별시,은평구,,증산동제4투,4293,3315,1473,1805,3,7,8,1,3297,18,978
서울특별시,은평구,수색동,소계,16109,11980,5693,6148,11,7,23,13,11895,85,4129
서울특별시,은평구,,수색동제1투,2946,2103,999,1083,1,1,4,2,2090,13,843
서울특별시,은평구,,수색동제2투,3276,2481,1171,1272,2,2,6,3,2456,25,795
서울특별시,은평구,,수색동제3투,3569,2602,1214,1353,6,2,3,4,2582,20,967
서울특별시,은평구,,수색동제4투,3022,2144,1055,1062,2,1,5,1,2126,18,878
서울특별시,은평구,,수색동제5투,3296,2650,1254,1378,0,1,5,3,2641,9,646
서울특별시,은평구,신사제1동,소계,22368,16840,7237,9465,12,15,21,15,16765,75,5528
서울특별시,은평구,,신사제1동제1투,4982,3572,1479,2052,5,8,3,6,3553,19,1410
서울특별시,은평구,,신사제1동제2투,4578,3524,1500,1992,2,5,7,2,3508,16,1054
서울특별시,은평구,,신사제1동제3투,4715,3461,1422,2005,3,2,5,4,3441,20,1254
서울특별시,은평구,,신사제1동제4투,3229,2478,1088,1374,1,0,3,1,2467,11,751
서울특별시,은평구,,신사제1동제5투,4864,3805,1748,2042,1,0,3,2,3796,9,1059
서울특별시,은평구,신사제2동,소계,18205,13353,5935,7315,11,10,18,7,13296,57,4852
서울특별시,은평구,,신사제2동제1투,3276,2471,1109,1345,0,2,1,0,2457,14,805
서울특별시,은평구,,신사제2동제2투,3900,2961,1352,1591,5,2,4,1,2955,6,939
서울특별시,은평구,,신사제2동제3투,3851,2627,1128,1470,4,5,3,1,2611,16,1224
서울특별시,은평구,,신사제2동제4투,3407,2612,1166,1426,1,0,6,3,2602,10,795
서울특별시,은평구,,신사제2동제5투,3771,2682,1180,1483,1,1,4,2,2671,11,1089
서울특별시,은평구,갈현제2동,소계,22430,16203,7696,8382,7,9,25,20,16139,64,6227
서울특별시,은평구,,갈현제2동제1투,4826,3317,1511,1781,2,0,3,4,3301,16,1509
서울특별시,은평구,,갈현제2동제2투,4466,3313,1620,1666,3,2,4,7,3302,11,1153
서울특별시,은평구,,갈현제2동제3투,5049,3546,1663,1847,0,2,7,3,3522,24,1503
서울특별시,은평구,,갈현제2동제4투,3897,2855,1427,1410,2,3,5,1,2848,7,1042
서울특별시,은평구,,갈현제2동제5투,4192,3172,1475,1678,0,2,6,5,3166,6,1020
서울특별시,은평구,구산동,소계,26827,18848,9038,9614,13,7,40,20,18732,116,7979
서울특별시,은평구,,구산동제1투,5700,3697,1716,1945,0,2,11,2,3676,21,2003
서울특별시,은평구,,구산동제2투,4860,3584,1660,1892,0,1,6,1,3560,24,1276
서울특별시,은평구,,구산동제3투,4444,2712,1334,1320,5,4,5,8,2676,36,1732
서울특별시,은평구,,구산동제4투,2424,1821,850,963,2,0,2,1,1818,3,603
서울특별시,은평구,,구산동제5투,4827,3637,1778,1822,3,0,14,3,3620,17,1190
서울특별시,은평구,,구산동제6투,4572,3397,1700,1672,3,0,2,5,3382,15,1175
서울특별시,은평구,갈현제1동,소계,21081,15036,6974,7937,6,13,30,7,14967,69,6045
서울특별시,은평구,,갈현제1동제1투,3972,2716,1263,1425,1,2,5,1,2697,19,1256
서울특별시,은평구,,갈현제1동제2투,3813,2740,1316,1400,1,4,3,2,2726,14,1073
서울특별시,은평구,,갈현제1동제3투,4239,3090,1370,1691,1,2,13,1,3078,12,1149
서울특별시,은평구,,갈현제1동제4투,4640,3264,1557,1686,1,0,6,2,3252,12,1376
서울특별시,은평구,,갈현제1동제5투,4417,3226,1468,1735,2,5,3,1,3214,12,1191
서울특별시,은평구,진관동,소계,35773,28713,12725,15788,16,21,59,19,28628,85,7060
서울특별시,은평구,,진관동제1투,3888,3124,1416,1677,2,4,11,2,3112,12,764
서울특별시,은평구,,진관동제2투,3749,3056,1413,1620,1,3,7,0,3044,12,693
서울특별시,은평구,,진관동제3투,3459,2780,1279,1487,2,1,2,0,2771,9,679
서울특별시,은평구,,진관동제4투,4934,3525,1634,1859,2,5,9,2,3511,14,1409
서울특별시,은평구,,진관동제5투,3523,2895,1268,1607,4,0,6,4,2889,6,628
서울특별시,은평구,,진관동제6투,4265,3517,1729,1759,2,3,9,3,3505,12,748
서울특별시,은평구,,진관동제7투,2591,2087,974,1102,0,2,4,2,2084,3,504
서울특별시,은평구,,진관동제8투,2564,2125,954,1161,0,1,5,3,2124,1,439
서울특별시,은평구,,진관동제9투,3441,2870,1103,1752,2,2,2,1,2862,8,571
서울특별시,은평구,,진관동제10투,3359,2734,955,1764,1,0,4,2,2726,8,625
서울특별시,은평구,불광제1동,소계,33221,25026,11517,13314,11,16,45,17,24920,106,8195
서울특별시,은평구,,불광제1동제1투,3197,1872,864,994,0,2,4,0,1864,8,1325
서울특별시,은평구,,불광제1동제2투,4967,4084,1905,2148,3,2,11,1,4070,14,883
서울특별시,은평구,,불광제1동제3투,4257,3112,1372,1711,2,1,2,4,3092,20,1145
서울특별시,은평구,,불광제1동제4투,3203,2687,1374,1288,1,3,6,1,2673,14,516
서울특별시,은평구,,불광제1동제5투,4597,3693,1558,2110,1,2,10,2,3683,10,904
서울특별시,은평구,,불광제1동제6투,3754,2736,1275,1448,0,1,2,1,2727,9,1018
서울특별시,은평구,,불광제1동제7투,5512,4117,1903,2186,2,2,4,4,4101,16,1395
서울특별시,은평구,,불광제1동제8투,3734,2725,1266,1429,2,3,6,4,2710,15,1009
서울특별시,은평구,불광제2동,소계,25065,17956,8510,9273,13,10,38,14,17858,98,7109
서울특별시,은평구,,불광제2동제1투,3557,2412,1192,1196,1,1,5,1,2396,16,1145
서울특별시,은평구,,불광제2동제2투,3668,2610,1251,1329,2,2,10,0,2594,16,1058
서울특별시,은평구,,불광제2동제3투,3954,2858,1317,1515,3,5,4,2,2846,12,1096
서울특별시,은평구,,불광제2동제4투,3204,2234,999,1208,3,0,5,4,2219,15,970
서울특별시,은평구,,불광제2동제5투,3889,2798,1261,1517,2,0,5,5,2790,8,1091
서울특별시,은평구,,불광제2동제6투,2996,2249,1104,1127,0,0,3,1,2235,14,747
서울특별시,은평구,,불광제2동제7투,3797,2795,1386,1381,2,2,6,1,2778,17,1002
서울특별시,은평구,대조동,소계,25821,18322,8152,9988,17,13,35,8,18213,109,7499
서울특별시,은평구,,대조동제1투,4697,3449,1578,1834,4,0,5,4,3425,24,1248
서울특별시,은평구,,대조동제2투,5169,3530,1515,1978,2,4,6,2,3507,23,1639
서울특별시,은평구,,대조동제3투,4272,3039,1424,1587,5,2,8,1,3027,12,1233
서울특별시,은평구,,대조동제4투,4022,2837,1238,1567,2,2,4,1,2814,23,1185
서울특별시,은평구,,대조동제5투,3066,2104,907,1177,3,2,3,0,2092,12,962
서울특별시,은평구,,대조동제6투,4595,3363,1490,1845,1,3,9,0,3348,15,1232
서울특별시,은평구,역촌동,소계,38607,28076,12254,15585,20,11,41,20,27931,145,10531
서울특별시,은평구,,역촌동제1투,5240,3382,1471,1885,1,1,5,0,3363,19,1858
서울특별시,은평구,,역촌동제2투,4481,3426,1470,1925,2,1,7,2,3407,19,1055
서울특별시,은평구,,역촌동제3투,4128,3088,1403,1662,0,2,2,3,3072,16,1040
서울특별시,은평구,,역촌동제4투,4511,3252,1442,1783,3,1,4,3,3236,16,1259
서울특별시,은평구,,역촌동제5투,3661,2656,1169,1457,2,1,6,3,2638,18,1005
서울특별시,은평구,,역촌동제6투,3239,2363,1132,1209,3,1,5,1,2351,12,876
서울특별시,은평구,,역촌동제7투,3644,2643,1183,1438,1,1,5,2,2630,13,1001
서울특별시,은평구,,역촌동제8투,4640,3484,1390,2066,4,2,4,4,3470,14,1156
서울특별시,은평구,,역촌동제9투,5063,3782,1594,2160,4,1,3,2,3764,18,1281
서울특별시,은평구,잘못 투입·구분된 투표지,,0,19,12,7,0,0,0,0,19,0,-19
서울특별시,서대문구,소계,,261540,196130,88811,105412,156,147,378,154,195058,1072,65410
서울특별시,서대문구,재외투표,,2703,1995,837,1134,0,5,5,2,1983,12,708
서울특별시,서대문구,국내부재자투표,,5259,4898,2218,2573,3,6,15,5,4820,78,361
서울특별시,서대문구,소계,,253578,189232,85754,101702,153,136,358,147,188250,982,64346
서울특별시,서대문구,충현동,소계,16759,11940,5760,6060,11,8,26,8,11873,67,4819
서울특별시,서대문구,,충현동제1투,4257,2801,1372,1414,3,0,3,1,2793,8,1456
서울특별시,서대문구,,충현동제2투,3993,2904,1437,1423,4,1,10,2,2877,27,1089
서울특별시,서대문구,,충현동제3투,1378,1015,535,476,0,0,1,0,1012,3,363
서울특별시,서대문구,,충현동제4투,3802,2815,1345,1441,2,6,4,3,2801,14,987
서울특별시,서대문구,,충현동제5투,3329,2405,1071,1306,2,1,8,2,2390,15,924
서울특별시,서대문구,천연동,소계,15993,12360,5655,6588,11,4,27,11,12296,64,3633
서울특별시,서대문구,,천연동제1투,3848,2742,1358,1359,1,2,7,3,2730,12,1106
서울특별시,서대문구,,천연동제2투,3928,3063,1293,1741,2,1,3,3,3043,20,865
서울특별시,서대문구,,천연동제3투,3405,2671,1180,1465,2,1,8,3,2659,12,734
서울특별시,서대문구,,천연동제4투,802,607,229,374,0,0,2,0,605,2,195
서울특별시,서대문구,,천연동제5투,4010,3277,1595,1649,6,0,7,2,3259,18,733
서울특별시,서대문구,북아현동,소계,9051,6568,2858,3641,9,7,9,7,6531,37,2483
서울특별시,서대문구,,북아현동제1투,3475,2432,1140,1267,3,3,4,1,2418,14,1043
서울특별시,서대문구,,북아현동제2투,2844,2032,817,1187,6,1,3,3,2017,15,812
서울특별시,서대문구,,북아현동제3투,2732,2104,901,1187,0,3,2,3,2096,8,628
서울특별시,서대문구,신촌동,소계,15947,11180,4602,6483,6,11,22,6,11130,50,4767
서울특별시,서대문구,,신촌동제1투,2327,1663,758,894,0,3,5,0,1660,3,664
서울특별시,서대문구,,신촌동제2투,3319,2173,1043,1107,1,3,5,2,2161,12,1146
서울특별시,서대문구,,신촌동제3투,2789,1881,795,1069,3,2,3,1,1873,8,908
서울특별시,서대문구,,신촌동제4투,3922,2790,1072,1689,2,3,4,3,2773,17,1132
서울특별시,서대문구,,신촌동제5투,3590,2673,934,1724,0,0,5,0,2663,10,917
서울특별시,서대문구,연희동,소계,33644,25154,11617,13304,21,17,49,21,25029,125,8490
서울특별시,서대문구,,연희동제1투,4351,2791,1402,1368,1,0,5,3,2779,12,1560
서울특별시,서대문구,,연희동제2투,2740,2156,1134,1007,0,1,6,0,2148,8,584
서울특별시,서대문구,,연희동제3투,3632,2700,1270,1413,0,2,0,4,2689,11,932
서울특별시,서대문구,,연희동제4투,4170,3061,1363,1666,5,3,5,3,3045,16,1109
서울특별시,서대문구,,연희동제5투,3806,2823,1271,1517,2,2,6,4,2802,21,983
서울특별시,서대문구,,연희동제6투,3483,2749,1282,1438,4,2,8,1,2735,14,734
서울특별시,서대문구,,연희동제7투,3810,3011,1573,1420,1,1,7,0,3002,9,799
서울특별시,서대문구,,연희동제8투,3759,2882,1153,1698,0,3,9,5,2868,14,877
서울특별시,서대문구,,연희동제9투,3893,2981,1169,1777,8,3,3,1,2961,20,912
서울특별시,서대문구,홍제제1동,소계,22125,16779,7481,9143,15,13,25,12,16689,90,5346
서울특별시,서대문구,,홍제제1동제1투,3001,1999,926,1058,1,0,1,1,1987,12,1002
서울특별시,서대문구,,홍제제1동제2투,3515,2775,1308,1439,2,2,8,0,2759,16,740
서울특별시,서대문구,,홍제제1동제3투,3093,2387,1133,1232,3,3,2,1,2374,13,706
서울특별시,서대문구,,홍제제1동제4투,2758,2103,906,1183,2,2,1,2,2096,7,655
서울특별시,서대문구,,홍제제1동제5투,3441,2578,1066,1490,4,3,3,4,2570,8,863
서울특별시,서대문구,,홍제제1동제6투,3509,2813,1209,1582,1,2,7,2,2803,10,696
서울특별시,서대문구,,홍제제1동제7투,2808,2124,933,1159,2,1,3,2,2100,24,684
서울특별시,서대문구,홍제제2동,소계,12586,9896,4745,5060,7,6,24,4,9846,50,2690
서울특별시,서대문구,,홍제제2동제1투,2491,1722,799,907,1,2,6,0,1715,7,769
서울특별시,서대문구,,홍제제2동제2투,3853,3174,1616,1539,2,0,4,1,3162,12,679
서울특별시,서대문구,,홍제제2동제3투,3235,2627,1247,1343,4,3,11,2,2610,17,608
서울특별시,서대문구,,홍제제2동제4투,3007,2373,1083,1271,0,1,3,1,2359,14,634
서울특별시,서대문구,홍제제3동,소계,16417,12269,5347,6784,12,10,29,12,12194,75,4148
서울특별시,서대문구,,홍제제3동제1투,3364,2277,1015,1231,4,1,6,2,2259,18,1087
서울특별시,서대문구,,홍제제3동제2투,3110,2364,1103,1238,1,1,7,3,2353,11,746
서울특별시,서대문구,,홍제제3동제3투,3758,3045,1270,1748,2,4,6,3,3033,12,713
서울특별시,서대문구,,홍제제3동제4투,3108,2310,947,1331,2,1,8,2,2291,19,798
서울특별시,서대문구,,홍제제3동제5투,3077,2273,1012,1236,3,3,2,2,2258,15,804
서울특별시,서대문구,홍은제1동,소계,21171,15906,7218,8524,17,14,27,23,15823,83,5265
서울특별시,서대문구,,홍은제1동제1투,3786,2540,1105,1407,1,4,4,2,2523,17,1246
서울특별시,서대문구,,홍은제1동제2투,3038,2332,1112,1189,5,3,3,4,2316,16,706
서울특별시,서대문구,,홍은제1동제3투,3848,3129,1555,1551,0,1,4,3,3114,15,719
서울특별시,서대문구,,홍은제1동제4투,2854,2158,860,1275,3,2,5,1,2146,12,696
서울특별시,서대문구,,홍은제1동제5투,3888,3031,1371,1632,5,1,8,5,3022,9,857
서울특별시,서대문구,,홍은제1동제6투,3757,2716,1215,1470,3,3,3,8,2702,14,1041
서울특별시,서대문구,홍은제2동,소계,23717,17477,8212,9116,9,8,35,11,17391,86,6240
서울특별시,서대문구,,홍은제2동제1투,4524,3126,1471,1625,2,1,7,1,3107,19,1398
서울특별시,서대문구,,홍은제2동제2투,3469,2683,1217,1447,0,0,10,2,2676,7,786
서울특별시,서대문구,,홍은제2동제3투,4207,3241,1646,1570,2,0,5,2,3225,16,966
서울특별시,서대문구,,홍은제2동제4투,3375,2439,1111,1310,1,4,4,3,2433,6,936
서울특별시,서대문구,,홍은제2동제5투,3777,2755,1218,1506,3,3,4,1,2735,20,1022
서울특별시,서대문구,,홍은제2동제6투,4365,3233,1549,1658,1,0,5,2,3215,18,1132
서울특별시,서대문구,남가좌제1동,소계,3328,2218,1059,1133,1,0,5,1,2199,19,1110
서울특별시,서대문구,,남가좌제1동제1투,1660,1285,597,676,1,0,2,1,1277,8,375
서울특별시,서대문구,,남가좌제1동제2투,1668,933,462,457,0,0,3,0,922,11,735
서울특별시,서대문구,남가좌제2동,소계,24477,18263,8368,9702,17,17,37,8,18149,114,6214
서울특별시,서대문구,,남가좌제2동제1투,4009,2649,1192,1426,1,0,8,1,2628,21,1360
서울특별시,서대문구,,남가좌제2동제2투,2885,2161,1017,1120,0,4,5,2,2148,13,724
서울특별시,서대문구,,남가좌제2동제3투,3516,2873,1409,1431,2,2,6,0,2850,23,643
서울특별시,서대문구,,남가좌제2동제4투,3888,2899,1289,1577,7,2,4,0,2879,20,989
서울특별시,서대문구,,남가좌제2동제5투,3273,2387,1108,1255,2,2,3,4,2374,13,886
서울특별시,서대문구,,남가좌제2동제6투,3198,2623,1211,1386,3,3,8,0,2611,12,575
서울특별시,서대문구,,남가좌제2동제7투,3708,2671,1142,1507,2,4,3,1,2659,12,1037
서울특별시,서대문구,북가좌제1동,소계,11114,8712,3846,4793,4,5,17,9,8674,38,2402
서울특별시,서대문구,,북가좌제1동제1투,1030,876,329,542,1,1,2,0,875,1,154
서울특별시,서대문구,,북가좌제1동제2투,2789,2127,931,1175,1,0,6,3,2116,11,662
서울특별시,서대문구,,북가좌제1동제3투,1662,1403,713,675,0,1,4,3,1396,7,259
서울특별시,서대문구,,북가좌제1동제4투,3101,2336,1037,1282,2,2,3,2,2328,8,765
서울특별시,서대문구,,북가좌제1동제5투,1207,1042,422,611,0,1,2,0,1036,6,165
서울특별시,서대문구,,북가좌제1동제6투,1325,928,414,508,0,0,0,1,923,5,397
서울특별시,서대문구,북가좌제2동,소계,27249,20510,8986,11371,13,16,26,14,20426,84,6739
서울특별시,서대문구,,북가좌제2동제1투,4379,3011,1256,1712,1,3,11,3,2986,25,1368
서울특별시,서대문구,,북가좌제2동제2투,4284,3182,1366,1795,4,0,2,2,3169,13,1102
서울특별시,서대문구,,북가좌제2동제3투,3235,2453,1073,1362,2,3,1,1,2442,11,782
서울특별시,서대문구,,북가좌제2동제4투,4040,3268,1561,1691,3,1,4,1,3261,7,772
서울특별시,서대문구,,북가좌제2동제5투,3249,2526,1121,1390,1,3,2,4,2521,5,723
서울특별시,서대문구,,북가좌제2동제6투,3733,2764,1175,1578,0,1,3,1,2758,6,969
서울특별시,서대문구,,북가좌제2동제7투,4329,3306,1434,1843,2,5,3,2,3289,17,1023
서울특별시,서대문구,잘못 투입·구분된 투표지,,0,5,2,3,0,0,0,0,5,0,-5
서울특별시,마포구,소계,,319501,243026,106921,133849,114,246,460,262,241852,1174,76475
서울특별시,마포구,재외투표,,3315,2487,1059,1399,2,2,6,7,2475,12,828
서울특별시,마포구,국내부재자투표,,5859,5454,2430,2878,4,8,16,16,5352,102,405
서울특별시,마포구,소계,,310327,235069,103427,129561,108,236,438,239,234009,1060,75258
서울특별시,마포구,공덕동,소계,29982,22271,10047,12017,20,10,48,19,22161,110,7711
서울특별시,마포구,,공덕동제1투,3205,2336,1028,1283,3,3,3,2,2322,14,869
서울특별시,마포구,,공덕동제2투,2587,1893,890,981,3,0,4,0,1878,15,694
서울특별시,마포구,,공덕동제3투,2548,1765,825,923,2,0,4,1,1755,10,783
서울특별시,마포구,,공덕동제4투,4195,2561,1058,1473,2,2,7,6,2548,13,1634
서울특별시,마포구,,공덕동제5투,3551,2757,1169,1564,1,1,5,2,2742,15,794
서울특별시,마포구,,공덕동제6투,2739,2217,1058,1135,1,2,9,2,2207,10,522
서울특별시,마포구,,공덕동제7투,3574,2694,1224,1452,5,1,0,3,2685,9,880
서울특별시,마포구,,공덕동제8투,3276,2683,1235,1428,2,1,7,2,2675,8,593
서울특별시,마포구,,공덕동제9투,4307,3365,1560,1778,1,0,9,1,3349,16,942
서울특별시,마포구,아현동,소계,15662,11644,5789,5751,3,8,25,14,11590,54,4018
서울특별시,마포구,,아현동제1투,3483,2349,1264,1063,1,2,6,2,2338,11,1134
서울특별시,마포구,,아현동제2투,2920,2444,1145,1282,1,1,3,3,2435,9,476
서울특별시,마포구,,아현동제3투,3278,2704,1266,1420,1,2,6,1,2696,8,574
서울특별시,마포구,,아현동제4투,3076,2117,1068,1029,0,1,4,2,2104,13,959
서울특별시,마포구,,아현동제5투,2905,2030,1046,957,0,2,6,6,2017,13,875
서울특별시,마포구,도화동,소계,18751,14717,7419,7168,2,14,32,19,14654,63,4034
서울특별시,마포구,,도화동제1투,2691,2012,920,1078,0,2,2,4,2006,6,679
서울특별시,마포구,,도화동제2투,3003,2455,1267,1172,0,1,3,4,2447,8,548
서울특별시,마포구,,도화동제3투,2308,1943,1031,890,0,1,6,2,1930,13,365
서울특별시,마포구,,도화동제4투,2295,1929,1004,912,1,1,2,1,1921,8,366
서울특별시,마포구,,도화동제5투,2940,1910,924,956,0,4,7,4,1895,15,1030
서울특별시,마포구,,도화동제6투,2995,2492,1396,1074,0,2,10,3,2485,7,503
서울특별시,마포구,,도화동제7투,2519,1976,877,1086,1,3,2,1,1970,6,543
서울특별시,마포구,용강동,소계,14976,11797,5707,5983,7,6,28,8,11739,58,3179
서울특별시,마포구,,용강동제1투,1927,1385,637,731,1,1,4,0,1374,11,542
서울특별시,마포구,,용강동제2투,3323,2623,1242,1355,2,2,7,3,2611,12,700
서울특별시,마포구,,용강동제3투,3673,2899,1454,1421,1,2,4,2,2884,15,774
서울특별시,마포구,,용강동제4투,2945,2451,1188,1247,0,1,5,1,2442,9,494
서울특별시,마포구,,용강동제5투,3108,2439,1186,1229,3,0,8,2,2428,11,669
서울특별시,마포구,대흥동,소계,12597,8686,3654,4942,3,5,14,13,8631,55,3911
서울특별시,마포구,,대흥동제1투,2032,1489,696,778,0,0,1,3,1478,11,543
서울특별시,마포구,,대흥동제2투,2574,1823,764,1036,2,2,4,3,1811,12,751
서울특별시,마포구,,대흥동제3투,4117,2640,1059,1557,0,1,4,6,2627,13,1477
서울특별시,마포구,,대흥동제4투,3874,2734,1135,1571,1,2,5,1,2715,19,1140
서울특별시,마포구,염리동,소계,14463,10453,4715,5640,6,6,21,7,10395,58,4010
서울특별시,마포구,,염리동제1투,2761,1867,922,926,1,1,5,1,1856,11,894
서울특별시,마포구,,염리동제2투,3016,2101,934,1145,1,0,7,0,2087,14,915
서울특별시,마포구,,염리동제3투,2891,1987,878,1091,2,0,3,3,1977,10,904
서울특별시,마포구,,염리동제4투,2767,2071,829,1222,1,5,2,1,2060,11,696
서울특별시,마포구,,염리동제5투,3028,2427,1152,1256,1,0,4,2,2415,12,601
서울특별시,마포구,신수동,소계,17486,13628,6416,7098,4,16,26,14,13574,54,3858
서울특별시,마포구,,신수동제1투,3332,2406,1109,1278,1,2,4,2,2396,10,926
서울특별시,마포구,,신수동제2투,3769,2933,1414,1500,2,2,5,2,2925,8,836
서울특별시,마포구,,신수동제3투,3430,2648,1138,1488,1,4,5,4,2640,8,782
서울특별시,마포구,,신수동제4투,3515,2799,1339,1433,0,2,7,3,2784,15,716
서울특별시,마포구,,신수동제5투,3440,2842,1416,1399,0,6,5,3,2829,13,598
서울특별시,마포구,서강동,소계,20526,15848,6876,8841,6,17,33,23,15796,52,4678
서울특별시,마포구,,서강동제1투,3852,2851,1302,1524,2,1,6,4,2839,12,1001
서울특별시,마포구,,서강동제2투,3649,2905,1361,1522,0,2,9,4,2898,7,744
서울특별시,마포구,,서강동제3투,3758,2908,1184,1695,0,6,7,5,2897,11,850
서울특별시,마포구,,서강동제4투,3023,2339,892,1432,2,2,1,5,2334,5,684
서울특별시,마포구,,서강동제5투,4057,3129,1226,1880,1,5,5,3,3120,9,928
서울특별시,마포구,,서강동제6투,2187,1716,911,788,1,1,5,2,1708,8,471
서울특별시,마포구,서교동,소계,24690,18013,7177,10673,10,27,29,25,17941,72,6677
서울특별시,마포구,,서교동제1투,3411,2461,1061,1380,2,4,3,2,2452,9,950
서울특별시,마포구,,서교동제2투,3804,2892,1256,1619,1,3,4,4,2887,5,912
서울특별시,마포구,,서교동제3투,3990,2627,985,1620,2,5,6,1,2619,8,1363
서울특별시,마포구,,서교동제4투,3906,2959,1177,1749,1,5,5,8,2945,14,947
서울특별시,마포구,,서교동제5투,2862,2103,844,1247,0,1,2,2,2096,7,759
서울특별시,마포구,,서교동제6투,3014,2250,852,1376,3,4,5,4,2244,6,764
서울특별시,마포구,,서교동제7투,3703,2721,1002,1682,1,5,4,4,2698,23,982
서울특별시,마포구,합정동,소계,16726,12547,5346,7086,3,25,21,7,12488,59,4179
서울특별시,마포구,,합정동제1투,3436,2338,908,1409,1,6,4,0,2328,10,1098
서울특별시,마포구,,합정동제2투,3368,2607,1072,1515,0,7,3,1,2598,9,761
서울특별시,마포구,,합정동제3투,2990,2305,962,1326,0,5,2,0,2295,10,685
서울특별시,마포구,,합정동제4투,3429,2617,1214,1375,2,3,7,3,2604,13,812
서울특별시,마포구,,합정동제5투,3503,2680,1190,1461,0,4,5,3,2663,17,823
서울특별시,마포구,망원1동,소계,19700,14473,5934,8418,2,20,16,8,14398,75,5227
서울특별시,마포구,,망원1동제1투,3869,2682,1116,1538,0,4,2,4,2664,18,1187
서울특별시,마포구,,망원1동제2투,4028,3063,1239,1800,2,5,1,0,3047,16,965
서울특별시,마포구,,망원1동제3투,3824,2840,1119,1700,0,2,4,1,2826,14,984
서울특별시,마포구,,망원1동제4투,4467,3216,1336,1860,0,5,3,1,3205,11,1251
서울특별시,마포구,,망원1동제5투,3512,2672,1124,1520,0,4,6,2,2656,16,840
서울특별시,마포구,망원2동,소계,16658,12915,5318,7487,14,7,21,12,12859,56,3743
서울특별시,마포구,,망원2동제1투,3672,2744,1141,1587,3,1,4,1,2737,7,928
서울특별시,마포구,,망원2동제2투,2989,2318,942,1356,2,1,2,2,2305,13,671
서울특별시,마포구,,망원2동제3투,3639,2832,1174,1626,1,2,7,3,2813,19,807
서울특별시,마포구,,망원2동제4투,3517,2731,1145,1562,6,2,5,2,2722,9,786
서울특별시,마포구,,망원2동제5투,2841,2290,916,1356,2,1,3,4,2282,8,551
서울특별시,마포구,연남동,소계,16216,12037,5063,6863,9,15,19,11,11980,57,4179
서울특별시,마포구,,연남동제1투,3891,2747,1212,1511,1,1,3,1,2729,18,1144
서울특별시,마포구,,연남동제2투,3707,2849,1149,1670,1,8,5,2,2835,14,858
서울특별시,마포구,,연남동제3투,4108,3063,1265,1767,3,5,7,5,3052,11,1045
서울특별시,마포구,,연남동제4투,4510,3378,1437,1915,4,1,4,3,3364,14,1132
서울특별시,마포구,성산1동,소계,17005,12659,5318,7215,8,22,28,13,12604,55,4346
서울특별시,마포구,,성산1동제1투,3233,2236,915,1290,3,2,4,2,2216,20,997
서울특별시,마포구,,성산1동제2투,3639,2831,1131,1673,2,7,4,3,2820,11,808
서울특별시,마포구,,성산1동제3투,3071,2272,950,1303,0,3,5,3,2264,8,799
서울특별시,마포구,,성산1동제4투,3439,2562,1155,1381,1,5,6,3,2551,11,877
서울특별시,마포구,,성산1동제5투,3623,2758,1167,1568,2,5,9,2,2753,5,865
서울특별시,마포구,성산2동,소계,31161,24367,10417,13745,5,21,35,33,24256,111,6794
서울특별시,마포구,,성산2동제1투,4080,3369,1654,1692,1,2,5,3,3357,12,711
서울특별시,마포구,,성산2동제2투,4138,2978,1297,1658,0,4,4,3,2966,12,1160
서울특별시,마포구,,성산2동제3투,4413,3376,1330,2022,1,4,2,3,3362,14,1037
서울특별시,마포구,,성산2동제4투,3895,3047,1261,1765,1,0,1,5,3033,14,848
서울특별시,마포구,,성산2동제5투,1704,1244,623,588,1,3,1,7,1223,21,460
서울특별시,마포구,,성산2동제6투,2011,1484,671,792,0,1,3,5,1472,12,527
서울특별시,마포구,,성산2동제7투,3292,2754,1158,1583,0,0,4,2,2747,7,538
서울특별시,마포구,,성산2동제8투,3880,3082,1187,1871,1,4,8,2,3073,9,798
서울특별시,마포구,,성산2동제9투,3748,3033,1236,1774,0,3,7,3,3023,10,715
서울특별시,마포구,상암동,소계,23728,19014,8231,10634,6,17,42,13,18943,71,4714
서울특별시,마포구,,상암동제1투,3692,2643,1273,1346,0,1,7,4,2631,12,1049
서울특별시,마포구,,상암동제2투,3230,2528,1133,1375,2,2,4,1,2517,11,702
서울특별시,마포구,,상암동제3투,2615,2203,950,1236,0,4,7,1,2198,5,412
서울특별시,마포구,,상암동제4투,4098,3482,1631,1822,0,1,9,0,3463,19,616
서울특별시,마포구,,상암동제5투,3498,2833,1194,1618,1,5,5,2,2825,8,665
서울특별시,마포구,,상암동제6투,2978,2430,940,1473,2,1,4,2,2422,8,548
서울특별시,마포구,,상암동제7투,3617,2895,1110,1764,1,3,6,3,2887,8,722
서울특별시,마포구,잘못 투입·구분된 투표지,,0,16,5,11,0,0,0,0,16,0,-16
서울특별시,양천구,소계,,390352,298957,141933,154539,164,152,576,248,297612,1345,91395
서울특별시,양천구,재외투표,,3422,2494,996,1477,0,2,6,2,2483,11,928
서울특별시,양천구,국내부재자투표,,8987,8408,4067,4142,12,12,18,29,8280,128,579
서울특별시,양천구,소계,,377943,288023,136857,148905,152,138,552,217,286821,1202,89920
서울특별시,양천구,목1동,소계,23704,19060,9983,8945,2,11,43,9,18993,67,4644
서울특별시,양천구,,목1동제1투,4010,3221,1626,1574,0,1,8,1,3210,11,789
서울특별시,양천구,,목1동제2투,4288,3540,1852,1668,1,0,6,2,3529,11,748
서울특별시,양천구,,목1동제3투,3841,2981,1428,1527,0,2,8,2,2967,14,860
서울특별시,양천구,,목1동제4투,3658,3074,1495,1559,0,3,6,1,3064,10,584
서울특별시,양천구,,목1동제5투,4128,3234,1692,1515,1,3,8,2,3221,13,894
서울특별시,양천구,,목1동제6투,3779,3010,1890,1102,0,2,7,1,3002,8,769
서울특별시,양천구,목2동,소계,24994,18907,8520,10241,8,10,35,16,18830,77,6087
서울특별시,양천구,,목2동제1투,4224,2975,1304,1648,1,3,3,1,2960,15,1249
서울특별시,양천구,,목2동제2투,4321,3355,1648,1674,1,3,7,4,3337,18,966
서울특별시,양천구,,목2동제3투,4158,3184,1335,1832,3,1,6,1,3178,6,974
서울특별시,양천구,,목2동제4투,4483,3542,1695,1833,0,0,4,0,3532,10,941
서울특별시,양천구,,목2동제5투,4258,3278,1382,1866,1,2,9,5,3265,13,980
서울특별시,양천구,,목2동제6투,3550,2573,1156,1388,2,1,6,5,2558,15,977
서울특별시,양천구,목3동,소계,18549,13894,6712,7047,6,9,30,11,13815,79,4655
서울특별시,양천구,,목3동제1투,3525,2880,1616,1243,0,2,4,2,2867,13,645
서울특별시,양천구,,목3동제2투,3579,2624,1218,1385,0,1,5,3,2612,12,955
서울특별시,양천구,,목3동제3투,4094,2805,1361,1413,1,2,3,3,2783,22,1289
서울특별시,양천구,,목3동제4투,3821,2827,1245,1545,3,3,8,3,2807,20,994
서울특별시,양천구,,목3동제5투,3530,2758,1272,1461,2,1,10,0,2746,12,772
서울특별시,양천구,목4동,소계,20831,15871,7372,8389,9,3,26,14,15813,58,4960
서울특별시,양천구,,목4동제1투,3523,2553,1253,1286,0,1,6,0,2546,7,970
서울특별시,양천구,,목4동제2투,3100,2234,1057,1158,4,1,3,5,2228,6,866
서울특별시,양천구,,목4동제3투,3835,3037,1467,1550,0,0,7,3,3027,10,798
서울특별시,양천구,,목4동제4투,3334,2571,1114,1439,1,0,1,1,2556,15,763
서울특별시,양천구,,목4동제5투,3233,2449,1136,1293,2,0,4,2,2437,12,784
서울특별시,양천구,,목4동제6투,3806,3027,1345,1663,2,1,5,3,3019,8,779
서울특별시,양천구,목5동,소계,32192,26432,14786,11466,7,10,71,18,26358,74,5760
서울특별시,양천구,,목5동제1투,3522,2720,1595,1107,1,0,8,4,2715,5,802
서울특별시,양천구,,목5동제2투,3866,3205,1773,1414,0,0,12,2,3201,4,661
서울특별시,양천구,,목5동제3투,4168,3351,1852,1475,0,4,8,3,3342,9,817
서울특별시,양천구,,목5동제4투,3382,2830,1718,1100,1,0,5,2,2826,4,552
서울특별시,양천구,,목5동제5투,3666,2981,1726,1231,2,0,8,1,2968,13,685
서울특별시,양천구,,목5동제6투,2773,2372,1309,1053,0,1,4,1,2368,4,401
서울특별시,양천구,,목5동제7투,3482,2900,1688,1184,1,0,10,2,2885,15,582
서울특별시,양천구,,목5동제8투,3207,2617,1451,1143,0,2,13,0,2609,8,590
서울특별시,양천구,,목5동제9투,4126,3456,1674,1759,2,3,3,3,3444,12,670
서울특별시,양천구,신월1동,소계,19962,13757,6165,7475,12,6,20,14,13692,65,6205
서울특별시,양천구,,신월1동제1투,4567,3049,1329,1694,4,0,5,4,3036,13,1518
서울특별시,양천구,,신월1동제2투,3958,2792,1287,1485,2,2,6,3,2785,7,1166
서울특별시,양천구,,신월1동제3투,3358,2310,1030,1260,1,2,2,2,2297,13,1048
서울특별시,양천구,,신월1동제4투,3767,2590,1170,1392,4,1,5,3,2575,15,1177
서울특별시,양천구,,신월1동제5투,4312,3016,1349,1644,1,1,2,2,2999,17,1296
서울특별시,양천구,신월2동,소계,16610,12369,5632,6634,7,8,18,6,12305,64,4241
서울특별시,양천구,,신월2동제1투,3706,2659,1217,1417,3,4,3,1,2645,14,1047
서울특별시,양천구,,신월2동제2투,2776,2105,967,1125,2,1,2,1,2098,7,671
서울특별시,양천구,,신월2동제3투,3334,2496,1089,1391,1,1,5,1,2488,8,838
서울특별시,양천구,,신월2동제4투,3782,2893,1351,1514,0,2,4,2,2873,20,889
서울특별시,양천구,,신월2동제5투,3012,2216,1008,1187,1,0,4,1,2201,15,796
서울특별시,양천구,신월3동,소계,14454,9695,4358,5232,8,6,18,13,9635,60,4759
서울특별시,양천구,,신월3동제1투,3678,2331,1069,1233,4,2,6,4,2318,13,1347
서울특별시,양천구,,신월3동제2투,3383,2371,1038,1307,2,1,6,4,2358,13,1012
서울특별시,양천구,,신월3동제3투,3799,2485,1094,1366,1,2,3,1,2467,18,1314
서울특별시,양천구,,신월3동제4투,3594,2508,1157,1326,1,1,3,4,2492,16,1086
서울특별시,양천구,신월4동,소계,14846,11485,5085,6307,6,7,23,3,11431,54,3361
서울특별시,양천구,,신월4동제1투,4554,3421,1558,1839,0,1,5,1,3404,17,1133
서울특별시,양천구,,신월4동제2투,3635,2874,1252,1597,4,2,8,0,2863,11,761
서울특별시,양천구,,신월4동제3투,3745,2901,1275,1603,1,3,5,0,2887,14,844
서울특별시,양천구,,신월4동제4투,2912,2289,1000,1268,1,1,5,2,2277,12,623
서울특별시,양천구,신월5동,소계,12660,9138,4149,4910,8,4,12,11,9094,44,3522
서울특별시,양천구,,신월5동제1투,4031,3001,1404,1575,3,1,2,4,2989,12,1030
서울특별시,양천구,,신월5동제2투,4468,3132,1413,1696,3,1,3,4,3120,12,1336
서울특별시,양천구,,신월5동제3투,4161,3005,1332,1639,2,2,7,3,2985,20,1156
서울특별시,양천구,신월6동,소계,10519,7563,3537,3959,6,4,12,6,7524,39,2956
서울특별시,양천구,,신월6동제1투,3887,2714,1221,1472,1,1,4,0,2699,15,1173
서울특별시,양천구,,신월6동제2투,2820,2069,1035,1018,1,0,4,2,2060,9,751
서울특별시,양천구,,신월6동제3투,3812,2780,1281,1469,4,3,4,4,2765,15,1032
서울특별시,양천구,신월7동,소계,19892,14779,6698,7975,8,13,19,7,14720,59,5113
서울특별시,양천구,,신월7동제1투,3898,2686,1251,1414,2,3,2,1,2673,13,1212
서울특별시,양천구,,신월7동제2투,3253,2428,1112,1295,2,2,5,0,2416,12,825
서울특별시,양천구,,신월7동제3투,3131,2257,1022,1224,0,1,1,1,2249,8,874
서울특별시,양천구,,신월7동제4투,2901,2137,1002,1117,1,3,3,3,2129,8,764
서울특별시,양천구,,신월7동제5투,3532,2781,1212,1549,3,3,5,2,2774,7,751
서울특별시,양천구,,신월7동제6투,3177,2490,1099,1376,0,1,3,0,2479,11,687
서울특별시,양천구,신정1동,소계,14295,11416,5931,5399,9,2,18,4,11363,53,2879
서울특별시,양천구,,신정1동제1투,1155,653,295,348,3,0,0,0,646,7,502
서울특별시,양천구,,신정1동제2투,1227,861,405,445,0,0,0,1,851,10,366
서울특별시,양천구,,신정1동제3투,3123,2533,1263,1255,1,2,4,0,2525,8,590
서울특별시,양천구,,신정1동제4투,2962,2458,1411,1030,2,0,6,2,2451,7,504
서울특별시,양천구,,신정1동제5투,2973,2527,1303,1205,1,0,4,0,2513,14,446
서울특별시,양천구,,신정1동제6투,2855,2384,1254,1116,2,0,4,1,2377,7,471
서울특별시,양천구,신정2동,소계,16616,12858,6014,6728,4,6,30,21,12803,55,3758
서울특별시,양천구,,신정2동제1투,4606,3410,1548,1817,1,3,10,6,3385,25,1196
서울특별시,양천구,,신정2동제2투,3847,3031,1441,1567,0,2,5,7,3022,9,816
서울특별시,양천구,,신정2동제3투,4300,3389,1538,1825,3,1,9,5,3381,8,911
서울특별시,양천구,,신정2동제4투,3863,3028,1487,1519,0,0,6,3,3015,13,835
서울특별시,양천구,신정3동,소계,43074,32922,14355,18293,20,16,68,28,32780,142,10152
서울특별시,양천구,,신정3동제1투,3456,2748,1124,1602,2,3,5,3,2739,9,708
서울특별시,양천구,,신정3동제2투,2820,1931,857,1052,1,1,4,2,1917,14,889
서울특별시,양천구,,신정3동제3투,2994,2023,922,1082,3,2,3,0,2012,11,971
서울특별시,양천구,,신정3동제4투,2871,1888,918,949,2,0,4,3,1876,12,983
서울특별시,양천구,,신정3동제5투,3140,2025,1017,989,1,2,3,1,2013,12,1115
서울특별시,양천구,,신정3동제6투,3300,2466,998,1439,4,2,4,4,2451,15,834
서울특별시,양천구,,신정3동제7투,4131,3394,1494,1879,2,1,10,0,3386,8,737
서울특별시,양천구,,신정3동제8투,3368,2692,1148,1521,1,1,6,2,2679,13,676
서울특별시,양천구,,신정3동제9투,3552,2823,1289,1513,0,0,8,2,2812,11,729
서울특별시,양천구,,신정3동제10투,3100,2565,1253,1292,2,1,6,3,2557,8,535
서울특별시,양천구,,신정3동제11투,3058,2383,960,1411,0,0,4,1,2376,7,675
서울특별시,양천구,,신정3동제12투,2797,2219,903,1300,0,2,5,3,2213,6,578
서울특별시,양천구,,신정3동제13투,2294,1920,746,1159,1,1,1,3,1911,9,374
서울특별시,양천구,,신정3동제14투,2193,1845,726,1105,1,0,5,1,1838,7,348
서울특별시,양천구,신정4동,소계,30337,22356,9746,12466,14,6,25,11,22268,88,7981
서울특별시,양천구,,신정4동제1투,4295,3045,1263,1763,3,0,4,0,3033,12,1250
서울특별시,양천구,,신정4동제2투,3397,2547,1139,1396,2,0,4,2,2543,4,850
서울특별시,양천구,,신정4동제3투,3337,2455,1099,1338,1,0,3,1,2442,13,882
서울특별시,양천구,,신정4동제4투,3613,2790,1194,1579,1,0,2,1,2777,13,823
서울특별시,양천구,,신정4동제5투,4141,3114,1371,1719,3,2,6,1,3102,12,1027
서울특별시,양천구,,신정4동제6투,3744,2660,1153,1477,1,2,3,2,2638,22,1084
서울특별시,양천구,,신정4동제7투,3482,2535,1088,1436,1,0,0,2,2527,8,947
서울특별시,양천구,,신정4동제8투,4328,3210,1439,1758,2,2,3,2,3206,4,1118
서울특별시,양천구,신정6동,소계,19222,16005,8251,7653,2,4,41,6,15957,48,3217
서울특별시,양천구,,신정6동제1투,3271,2701,1491,1191,2,1,10,1,2696,5,570
서울특별시,양천구,,신정6동제2투,2656,2195,1198,984,0,1,5,0,2188,7,461
서울특별시,양천구,,신정6동제3투,4071,3426,1855,1540,0,0,13,3,3411,15,645
서울특별시,양천구,,신정6동제4투,3772,3139,1429,1696,0,0,3,1,3129,10,633
서울특별시,양천구,,신정6동제5투,3184,2720,1236,1468,0,1,9,1,2715,5,464
서울특별시,양천구,,신정6동제6투,2268,1824,1042,774,0,1,1,0,1818,6,444
서울특별시,양천구,신정7동,소계,25186,19516,9563,9786,16,13,43,19,19440,76,5670
서울특별시,양천구,,신정7동제1투,3186,2366,1189,1161,2,2,6,1,2361,5,820
서울특별시,양천구,,신정7동제2투,4140,3299,1701,1581,1,2,5,1,3291,8,841
서울특별시,양천구,,신정7동제3투,4772,3442,1735,1669,5,4,4,4,3421,21,1330
서울특별시,양천구,,신정7동제4투,3600,2966,1259,1694,0,1,6,1,2961,5,634
서울특별시,양천구,,신정7동제5투,2940,2139,1093,1011,4,2,8,6,2124,15,801
서울특별시,양천구,,신정7동제6투,3050,2316,1174,1119,3,0,5,5,2306,10,734
서울특별시,양천구,,신정7동제7투,3498,2988,1412,1551,1,2,9,1,2976,12,510
서울특별시,양천구,잘못 투입·구분된 투표지,,0,32,13,15,0,0,0,0,28,4,-32
서울특별시,강서구,소계,,463571,350023,162212,184866,173,186,617,317,348371,1652,113548
서울특별시,강서구,재외투표,,3653,2661,1048,1589,1,1,5,3,2647,14,992
서울특별시,강서구,국내부재자투표,,9581,8933,4202,4485,6,11,26,32,8762,171,648
서울특별시,강서구,소계,,450337,338409,156949,178785,166,174,586,282,336942,1467,111928
서울특별시,강서구,염창동,소계,31220,25367,11442,13743,4,11,62,19,25281,86,5853
서울특별시,강서구,,염창동제1투,4107,3235,1551,1658,1,2,9,3,3224,11,872
서울특별시,강서구,,염창동제2투,3652,3051,1459,1566,1,3,8,4,3041,10,601
서울특별시,강서구,,염창동제3투,4601,3739,1635,2080,0,1,8,2,3726,13,862
서울특별시,강서구,,염창동제4투,4045,3341,1418,1902,0,0,11,1,3332,9,704
서울특별시,강서구,,염창동제5투,3749,2900,1255,1622,2,2,9,2,2892,8,849
서울특별시,강서구,,염창동제6투,4196,3387,1466,1902,0,2,6,1,3377,10,809
서울특별시,강서구,,염창동제7투,3161,2625,1170,1439,0,1,6,4,2620,5,536
서울특별시,강서구,,염창동제8투,3709,3089,1488,1574,0,0,5,2,3069,20,620
서울특별시,강서구,등촌제1동,소계,17797,13652,6103,7467,6,7,21,8,13612,40,4145
서울특별시,강서구,,등촌제1동제1투,3969,3188,1422,1750,1,2,3,2,3180,8,781
서울특별시,강서구,,등촌제1동제2투,5112,3846,1909,1904,3,0,8,2,3826,20,1266
서울특별시,강서구,,등촌제1동제3투,4419,3411,1482,1914,0,2,7,2,3407,4,1008
서울특별시,강서구,,등촌제1동제4투,4297,3207,1290,1899,2,3,3,2,3199,8,1090
서울특별시,강서구,등촌제2동,소계,17527,13622,6754,6769,12,8,25,4,13572,50,3905
서울특별시,강서구,,등촌제2동제1투,4052,3115,1423,1669,4,2,5,1,3104,11,937
서울특별시,강서구,,등촌제2동제2투,4734,3625,1646,1943,3,3,10,3,3608,17,1109
서울특별시,강서구,,등촌제2동제3투,4214,3083,1488,1571,3,1,7,0,3070,13,1131
서울특별시,강서구,,등촌제2동제4투,4527,3799,2197,1586,2,2,3,0,3790,9,728
서울특별시,강서구,등촌제3동,소계,29630,22770,10559,11963,17,19,48,26,22632,138,6860
서울특별시,강서구,,등촌제3동제1투,3400,2419,1149,1225,5,4,9,5,2397,22,981
서울특별시,강서구,,등촌제3동제2투,4060,3377,1547,1804,0,2,6,4,3363,14,683
서울특별시,강서구,,등촌제3동제3투,3987,3280,1554,1705,1,1,9,0,3270,10,707
서울특별시,강서구,,등촌제3동제4투,2914,2065,1028,997,3,3,5,4,2040,25,849
서울특별시,강서구,,등촌제3동제5투,2920,2126,945,1148,2,2,6,4,2107,19,794
서울특별시,강서구,,등촌제3동제6투,3455,2499,1233,1256,0,2,1,0,2492,7,956
서울특별시,강서구,,등촌제3동제7투,3642,3046,1276,1750,2,2,6,3,3039,7,596
서울특별시,강서구,,등촌제3동제8투,2914,2059,1035,983,3,3,1,5,2030,29,855
서울특별시,강서구,,등촌제3동제9투,2338,1899,792,1095,1,0,5,1,1894,5,439
서울특별시,강서구,화곡본동,소계,29005,20382,8349,11896,12,11,29,12,20309,73,8623
서울특별시,강서구,,화곡본동제1투,5074,3463,1450,1989,5,1,6,1,3452,11,1611
서울특별시,강서구,,화곡본동제2투,5202,3485,1438,2022,2,2,2,1,3467,18,1717
서울특별시,강서구,,화곡본동제3투,4827,3479,1426,2032,1,0,5,3,3467,12,1348
서울특별시,강서구,,화곡본동제4투,3856,2916,1229,1666,0,1,7,0,2903,13,940
서울특별시,강서구,,화곡본동제5투,4956,3461,1353,2091,2,2,2,3,3453,8,1495
서울특별시,강서구,,화곡본동제6투,5090,3578,1453,2096,2,5,7,4,3567,11,1512
서울특별시,강서구,화곡제1동,소계,42593,30305,13174,16904,16,16,47,21,30178,127,12288
서울특별시,강서구,,화곡제1동제1투,5065,3140,1373,1752,1,0,6,2,3134,6,1925
서울특별시,강서구,,화곡제1동제2투,4618,3354,1365,1961,0,1,4,2,3333,21,1264
서울특별시,강서구,,화곡제1동제3투,5012,3522,1535,1962,0,3,3,4,3507,15,1490
서울특별시,강서구,,화곡제1동제4투,4555,3267,1535,1705,4,3,7,2,3256,11,1288
서울특별시,강서구,,화곡제1동제5투,3618,2759,1256,1475,1,4,10,0,2746,13,859
서울특별시,강서구,,화곡제1동제6투,3965,2836,1191,1622,3,1,3,3,2823,13,1129
서울특별시,강서구,,화곡제1동제7투,3969,2863,1242,1603,2,1,4,3,2855,8,1106
서울특별시,강서구,,화곡제1동제8투,3870,2805,1248,1543,1,2,4,1,2799,6,1065
서울특별시,강서구,,화곡제1동제9투,3788,2742,1164,1557,3,0,3,2,2729,13,1046
서울특별시,강서구,,화곡제1동제10투,4133,3017,1265,1724,1,1,3,2,2996,21,1116
서울특별시,강서구,화곡제2동,소계,16081,11474,4955,6442,6,4,15,6,11428,46,4607
서울특별시,강서구,,화곡제2동제1투,3049,2258,1015,1223,1,0,4,0,2243,15,791
서울특별시,강서구,,화곡제2동제2투,3898,2607,1129,1459,2,2,4,1,2597,10,1291
서울특별시,강서구,,화곡제2동제3투,4408,3224,1333,1872,2,0,5,3,3215,9,1184
서울특별시,강서구,,화곡제2동제4투,4726,3385,1478,1888,1,2,2,2,3373,12,1341
서울특별시,강서구,화곡제3동,소계,19551,15280,7764,7424,5,6,23,10,15232,48,4271
서울특별시,강서구,,화곡제3동제1투,3637,2752,1264,1474,0,2,2,0,2742,10,885
서울특별시,강서구,,화곡제3동제2투,4134,2903,1388,1499,2,1,1,1,2892,11,1231
서울특별시,강서구,,화곡제3동제3투,3914,3120,1438,1664,1,0,5,2,3110,10,794
서울특별시,강서구,,화곡제3동제4투,3889,3271,2027,1222,0,1,10,1,3261,10,618
서울특별시,강서구,,화곡제3동제5투,3977,3234,1647,1565,2,2,5,6,3227,7,743
서울특별시,강서구,화곡제4동,소계,18618,13198,5837,7257,6,8,26,6,13140,58,5420
서울특별시,강서구,,화곡제4동제1투,3872,2796,1236,1545,1,1,1,1,2785,11,1076
서울특별시,강서구,,화곡제4동제2투,3614,2517,1118,1377,2,1,6,1,2505,12,1097
서울특별시,강서구,,화곡제4동제3투,4330,2908,1271,1616,2,2,7,0,2898,10,1422
서울특별시,강서구,,화곡제4동제4투,3074,2204,958,1219,0,3,4,3,2187,17,870
서울특별시,강서구,,화곡제4동제5투,3728,2773,1254,1500,1,1,8,1,2765,8,955
서울특별시,강서구,화곡제6동,소계,20136,14994,7585,7283,3,5,30,10,14916,78,5142
서울특별시,강서구,,화곡제6동제1투,4859,3405,1750,1630,0,0,9,3,3392,13,1454
서울특별시,강서구,,화곡제6동제2투,3591,2562,1191,1328,3,2,2,3,2529,33,1029
서울특별시,강서구,,화곡제6동제3투,3662,2728,1300,1410,0,2,5,1,2718,10,934
서울특별시,강서구,,화곡제6동제4투,4940,3661,1699,1934,0,0,11,1,3645,16,1279
서울특별시,강서구,,화곡제6동제5투,3084,2638,1645,981,0,1,3,2,2632,6,446
서울특별시,강서구,화곡제8동,소계,22246,16290,6662,9522,2,16,20,14,16236,54,5956
서울특별시,강서구,,화곡제8동제1투,5224,3660,1516,2124,1,5,3,2,3651,9,1564
서울특별시,강서구,,화곡제8동제2투,4142,3103,1308,1773,0,3,4,5,3093,10,1039
서울특별시,강서구,,화곡제8동제3투,4280,3160,1332,1808,0,3,3,2,3148,12,1120
서울특별시,강서구,,화곡제8동제4투,3929,2907,1120,1767,0,3,2,4,2896,11,1022
서울특별시,강서구,,화곡제8동제5투,4671,3460,1386,2050,1,2,8,1,3448,12,1211
서울특별시,강서구,우장산동,소계,29969,23293,11194,11937,11,7,37,15,23201,92,6676
서울특별시,강서구,,우장산동제1투,5050,3665,1687,1958,0,0,10,3,3658,7,1385
서울특별시,강서구,,우장산동제2투,3715,2754,1227,1504,0,2,5,1,2739,15,961
서울특별시,강서구,,우장산동제3투,3083,2177,1005,1150,2,1,2,3,2163,14,906
서울특별시,강서구,,우장산동제4투,4074,3404,1667,1721,1,0,6,2,3397,7,670
서울특별시,강서구,,우장산동제5투,4567,3648,1750,1871,4,2,1,1,3629,19,919
서울특별시,강서구,,우장산동제6투,4816,3904,2031,1846,1,2,7,0,3887,17,912
서울특별시,강서구,,우장산동제7투,4664,3741,1827,1887,3,0,6,5,3728,13,923
서울특별시,강서구,가양제1동,소계,15917,12590,6029,6464,5,1,27,11,12537,53,3327
서울특별시,강서구,,가양제1동제1투,3074,2411,1149,1250,0,0,4,1,2404,7,663
서울특별시,강서구,,가양제1동제2투,2338,1805,788,996,3,0,6,2,1795,10,533
서울특별시,강서구,,가양제1동제3투,3683,2810,1613,1179,0,0,4,2,2798,12,873
서울특별시,강서구,,가양제1동제4투,4140,3282,1395,1857,1,1,8,4,3266,16,858
서울특별시,강서구,,가양제1동제5투,2682,2282,1084,1182,1,0,5,2,2274,8,400
서울특별시,강서구,가양제2동,소계,15501,11589,5779,5668,11,9,19,18,11504,85,3912
서울특별시,강서구,,가양제2동제1투,2822,2184,1368,796,0,3,3,5,2175,9,638
서울특별시,강서구,,가양제2동제2투,3034,2413,981,1414,0,2,2,1,2400,13,621
서울특별시,강서구,,가양제2동제3투,3553,2481,1177,1258,7,3,3,3,2451,30,1072
서울특별시,강서구,,가양제2동제4투,2681,1972,1011,937,1,0,5,6,1960,12,709
서울특별시,강서구,,가양제2동제5투,3411,2539,1242,1263,3,1,6,3,2518,21,872
서울특별시,강서구,가양제3동,소계,15426,11746,5428,6192,12,9,19,13,11673,73,3680
서울특별시,강서구,,가양제3동제1투,3331,2607,1296,1282,3,2,4,2,2589,18,724
서울특별시,강서구,,가양제3동제2투,3367,2416,1145,1248,1,1,5,2,2402,14,951
서울특별시,강서구,,가양제3동제3투,3176,2501,1083,1397,3,2,2,2,2489,12,675
서울특별시,강서구,,가양제3동제4투,2521,1746,910,805,5,1,3,4,1728,18,775
서울특별시,강서구,,가양제3동제5투,3031,2476,994,1460,0,3,5,3,2465,11,555
서울특별시,강서구,발산제1동,소계,23810,18733,8273,10312,9,8,31,18,18651,82,5077
서울특별시,강서구,,발산제1동제1투,3439,2707,1225,1467,2,3,2,1,2700,7,732
서울특별시,강서구,,발산제1동제2투,3091,2265,1117,1132,1,0,2,4,2256,9,826
서울특별시,강서구,,발산제1동제3투,3967,3134,1524,1587,1,0,7,3,3122,12,833
서울특별시,강서구,,발산제1동제4투,4502,3652,1619,2001,1,2,6,3,3632,20,850
서울특별시,강서구,,발산제1동제5투,4394,3423,1448,1936,3,2,6,4,3399,24,971
서울특별시,강서구,,발산제1동제6투,4417,3552,1340,2189,1,1,8,3,3542,10,865
서울특별시,강서구,공항동,소계,17526,12039,5813,6130,6,6,23,13,11991,48,5487
서울특별시,강서구,,공항동제1투,3559,2604,1311,1272,2,2,5,1,2593,11,955
서울특별시,강서구,,공항동제2투,3842,2650,1229,1403,0,1,4,6,2643,7,1192
서울특별시,강서구,,공항동제3투,3798,2412,1221,1165,2,2,6,2,2398,14,1386
서울특별시,강서구,,공항동제4투,3049,2098,990,1086,2,1,6,2,2087,11,951
서울특별시,강서구,,공항동제5투,3278,2275,1062,1204,0,0,2,2,2270,5,1003
서울특별시,강서구,방화제1동,소계,24210,18381,9067,9183,6,8,24,14,18302,79,5829
서울특별시,강서구,,방화제1동제1투,2870,2224,1158,1050,0,1,1,2,2212,12,646
서울특별시,강서구,,방화제1동제2투,4122,3099,1568,1504,2,3,5,2,3084,15,1023
서울특별시,강서구,,방화제1동제3투,3140,2260,1169,1063,0,0,6,5,2243,17,880
서울특별시,강서구,,방화제1동제4투,3347,2340,1171,1152,1,2,3,1,2330,10,1007
서울특별시,강서구,,방화제1동제5투,3696,2845,1307,1529,1,1,2,2,2842,3,851
서울특별시,강서구,,방화제1동제6투,3926,3157,1483,1651,1,0,5,2,3142,15,769
서울특별시,강서구,,방화제1동제7투,3109,2456,1211,1234,1,1,2,0,2449,7,653
서울특별시,강서구,방화제2동,소계,21292,15533,7934,7461,12,8,25,23,15463,70,5759
서울특별시,강서구,,방화제2동제1투,3516,2412,1173,1220,0,2,4,3,2402,10,1104
서울특별시,강서구,,방화제2동제2투,3775,2461,1293,1143,1,2,5,4,2448,13,1314
서울특별시,강서구,,방화제2동제3투,3673,2828,1434,1373,3,0,4,5,2819,9,845
서울특별시,강서구,,방화제2동제4투,3097,2394,1222,1157,1,1,5,1,2387,7,703
서울특별시,강서구,,방화제2동제5투,2801,2043,970,1047,3,0,4,4,2028,15,758
서울특별시,강서구,,방화제2동제6투,1881,1414,849,549,3,1,1,2,1405,9,467
서울특별시,강서구,,방화제2동제7투,2549,1981,993,972,1,2,2,4,1974,7,568
서울특별시,강서구,방화제3동,소계,22282,17171,8248,8768,5,7,35,21,17084,87,5111
서울특별시,강서구,,방화제3동제1투,3918,2983,1383,1572,0,2,10,1,2968,15,935
서울특별시,강서구,,방화제3동제2투,2764,2244,875,1359,0,0,4,4,2242,2,520
서울특별시,강서구,,방화제3동제3투,2698,1932,986,906,4,1,3,5,1905,27,766
서울특별시,강서구,,방화제3동제4투,3857,2943,1509,1422,0,1,2,2,2936,7,914
서울특별시,강서구,,방화제3동제5투,3025,2516,1363,1132,1,2,5,4,2507,9,509
서울특별시,강서구,,방화제3동제6투,2666,1968,935,1009,0,0,5,4,1953,15,698
서울특별시,강서구,,방화제3동제7투,3354,2585,1197,1368,0,1,6,1,2573,12,769
서울특별시,강서구,잘못 투입·구분된 투표지,,0,20,13,7,0,0,0,0,20,0,-20
서울특별시,구로구,소계,,350373,269094,123106,143695,151,182,439,249,267822,1272,81279
서울특별시,구로구,재외투표,,2363,1713,661,1037,0,2,2,1,1703,10,650
서울특별시,구로구,국내부재자투표,,6629,6253,2916,3176,6,12,7,20,6137,116,376
서울특별시,구로구,소계,,341381,261105,119516,139472,145,168,430,228,259959,1146,80276
서울특별시,구로구,신도림동,소계,29041,23952,11374,12393,13,16,51,16,23863,89,5089
서울특별시,구로구,,신도림동제1투,3370,2663,1288,1354,1,0,2,1,2646,17,707
서울특별시,구로구,,신도림동제2투,3348,2844,1386,1439,1,2,4,2,2834,10,504
서울특별시,구로구,,신도림동제3투,3127,2651,1116,1517,1,2,3,1,2640,11,476
서울특별시,구로구,,신도림동제4투,3677,2872,1290,1560,1,3,9,2,2865,7,805
서울특별시,구로구,,신도림동제5투,3869,3231,1430,1778,2,2,8,1,3221,10,638
서울특별시,구로구,,신도림동제6투,3886,3298,1558,1711,5,4,11,2,3291,7,588
서울특별시,구로구,,신도림동제7투,4502,3646,1768,1850,2,2,9,3,3634,12,856
서울특별시,구로구,,신도림동제8투,3262,2747,1538,1184,0,1,5,4,2732,15,515
서울특별시,구로구,구로제1동,소계,17593,14417,6021,8297,3,10,30,14,14375,42,3176
서울특별시,구로구,,구로제1동제1투,3783,3062,1351,1694,1,3,3,1,3053,9,721
서울특별시,구로구,,구로제1동제2투,3411,2861,1205,1634,1,2,9,1,2852,9,550
서울특별시,구로구,,구로제1동제3투,3452,2890,1223,1650,1,3,3,1,2881,9,562
서울특별시,구로구,,구로제1동제4투,2940,2418,999,1401,0,1,7,3,2411,7,522
서울특별시,구로구,,구로제1동제5투,4007,3186,1243,1918,0,1,8,8,3178,8,821
서울특별시,구로구,구로제2동,소계,26930,18820,8520,10113,11,19,19,22,18704,116,8110
서울특별시,구로구,,구로제2동제1투,3871,2370,1025,1327,0,2,1,1,2356,14,1501
서울특별시,구로구,,구로제2동제2투,2835,1953,902,1028,0,1,5,4,1940,13,882
서울특별시,구로구,,구로제2동제3투,3097,2133,967,1138,1,3,0,4,2113,20,964
서울특별시,구로구,,구로제2동제4투,3386,2353,1024,1300,3,2,5,3,2337,16,1033
서울특별시,구로구,,구로제2동제5투,2541,1855,909,924,3,3,3,2,1844,11,686
서울특별시,구로구,,구로제2동제6투,3965,3060,1411,1632,0,3,2,0,3048,12,905
서울특별시,구로구,,구로제2동제7투,2732,1848,840,995,0,3,0,3,1841,7,884
서울특별시,구로구,,구로제2동제8투,3433,2463,1083,1349,2,1,2,5,2442,21,970
서울특별시,구로구,,구로제2동제9투,1070,785,359,420,2,1,1,0,783,2,285
서울특별시,구로구,구로제3동,소계,23077,17417,6044,11246,15,19,23,14,17361,56,5660
서울특별시,구로구,,구로제3동제1투,2937,2199,745,1434,1,4,3,1,2188,11,738
서울특별시,구로구,,구로제3동제2투,3332,2443,936,1484,3,4,2,2,2431,12,889
서울특별시,구로구,,구로제3동제3투,3544,2847,1142,1692,2,2,1,1,2840,7,697
서울특별시,구로구,,구로제3동제4투,3612,2533,904,1609,2,5,3,4,2527,6,1079
서울특별시,구로구,,구로제3동제5투,2283,1719,476,1230,2,0,5,2,1715,4,564
서울특별시,구로구,,구로제3동제6투,3100,2672,1089,1565,2,1,5,2,2664,8,428
서울특별시,구로구,,구로제3동제7투,4269,3004,752,2232,3,3,4,2,2996,8,1265
서울특별시,구로구,구로제4동,소계,21739,15852,6396,9290,18,10,29,9,15752,100,5887
서울특별시,구로구,,구로제4동제1투,3887,2807,1102,1679,5,0,5,1,2792,15,1080
서울특별시,구로구,,구로제4동제2투,3307,2344,979,1337,3,0,4,2,2325,19,963
서울특별시,구로구,,구로제4동제3투,3970,3122,1197,1891,4,0,6,2,3100,22,848
서울특별시,구로구,,구로제4동제4투,3465,2314,978,1309,3,1,4,3,2298,16,1151
서울특별시,구로구,,구로제4동제5투,4163,3055,1222,1807,1,4,5,1,3040,15,1108
서울특별시,구로구,,구로제4동제6투,2947,2210,918,1267,2,5,5,0,2197,13,737
서울특별시,구로구,구로제5동,소계,25713,19832,8480,11162,8,11,46,19,19726,106,5881
서울특별시,구로구,,구로제5동제1투,3891,2892,1290,1562,0,3,10,4,2869,23,999
서울특별시,구로구,,구로제5동제2투,4226,3478,1532,1921,1,1,7,3,3465,13,748
서울특별시,구로구,,구로제5동제3투,4425,3280,1388,1860,1,1,6,2,3258,22,1145
서울특별시,구로구,,구로제5동제4투,4203,3018,1250,1736,2,2,1,6,2997,21,1185
서울특별시,구로구,,구로제5동제5투,4871,3708,1401,2281,1,1,7,1,3692,16,1163
서울특별시,구로구,,구로제5동제6투,4097,3456,1619,1802,3,3,15,3,3445,11,641
서울특별시,구로구,가리봉동,소계,11906,7526,3600,3853,6,4,7,9,7479,47,4380
서울특별시,구로구,,가리봉동제1투,3910,2574,1222,1320,3,2,5,5,2557,17,1336
서울특별시,구로구,,가리봉동제2투,4062,2642,1342,1282,2,1,1,3,2631,11,1420
서울특별시,구로구,,가리봉동제3투,3934,2310,1036,1251,1,1,1,1,2291,19,1624
서울특별시,구로구,고척제1동,소계,20105,15506,7771,7636,7,4,19,15,15452,54,4599
서울특별시,구로구,,고척제1동제1투,4168,3173,1706,1442,0,1,8,3,3160,13,995
서울특별시,구로구,,고척제1동제2투,4530,3449,1701,1727,2,0,5,4,3439,10,1081
서울특별시,구로구,,고척제1동제3투,4758,3832,1883,1936,1,1,1,2,3824,8,926
서울특별시,구로구,,고척제1동제4투,3209,2348,1145,1188,1,0,1,4,2339,9,861
서울특별시,구로구,,고척제1동제5투,3440,2704,1336,1343,3,2,4,2,2690,14,736
서울특별시,구로구,고척제2동,소계,24188,18470,8741,9574,10,11,33,16,18385,85,5718
서울특별시,구로구,,고척제2동제1투,3618,2758,1260,1470,1,4,2,3,2740,18,860
서울특별시,구로구,,고척제2동제2투,3734,2992,1397,1578,3,1,2,0,2981,11,742
서울특별시,구로구,,고척제2동제3투,3811,2813,1335,1449,2,5,5,2,2798,15,998
서울특별시,구로구,,고척제2동제4투,3230,2265,1072,1173,1,0,7,6,2259,6,965
서울특별시,구로구,,고척제2동제5투,3315,2365,1188,1148,1,0,5,4,2346,19,950
서울특별시,구로구,,고척제2동제6투,3612,3011,1441,1553,2,0,8,0,3004,7,601
서울특별시,구로구,,고척제2동제7투,2868,2266,1048,1203,0,1,4,1,2257,9,602
서울특별시,구로구,개봉제1동,소계,27260,20611,9949,10508,9,9,29,15,20519,92,6649
서울특별시,구로구,,개봉제1동제1투,3566,2614,1289,1293,1,2,6,4,2595,19,952
서울특별시,구로구,,개봉제1동제2투,3050,2365,1164,1176,0,1,3,3,2347,18,685
서울특별시,구로구,,개봉제1동제3투,3094,2213,1073,1123,1,1,2,2,2202,11,881
서울특별시,구로구,,개봉제1동제4투,3451,2634,1271,1350,1,2,2,3,2629,5,817
서울특별시,구로구,,개봉제1동제5투,2501,1596,806,770,3,1,5,2,1587,9,905
서울특별시,구로구,,개봉제1동제6투,3384,2462,1230,1216,1,0,2,0,2449,13,922
서울특별시,구로구,,개봉제1동제7투,3182,2475,1151,1311,1,1,4,0,2468,7,707
서울특별시,구로구,,개봉제1동제8투,5032,4252,1965,2269,1,1,5,1,4242,10,780
서울특별시,구로구,개봉제2동,소계,27979,22461,10475,11821,5,13,39,23,22376,85,5518
서울특별시,구로구,,개봉제2동제1투,3695,2756,1261,1476,1,1,3,2,2744,12,939
서울특별시,구로구,,개봉제2동제2투,3469,2674,1217,1433,0,2,4,3,2659,15,795
서울특별시,구로구,,개봉제2동제3투,3493,2949,1464,1470,0,1,4,3,2942,7,544
서울특별시,구로구,,개봉제2동제4투,3985,3379,1526,1830,3,0,9,3,3371,8,606
서울특별시,구로구,,개봉제2동제5투,3738,3192,1611,1555,0,1,8,2,3177,15,546
서울특별시,구로구,,개봉제2동제6투,3547,2902,1332,1552,1,3,4,2,2894,8,645
서울특별시,구로구,,개봉제2동제7투,3392,2559,1082,1453,0,3,3,6,2547,12,833
서울특별시,구로구,,개봉제2동제8투,2660,2050,982,1052,0,2,4,2,2042,8,610
서울특별시,구로구,개봉제3동,소계,17653,13469,6287,7092,11,5,20,11,13426,43,4184
서울특별시,구로구,,개봉제3동제1투,3394,2512,1196,1289,2,1,8,2,2498,14,882
서울특별시,구로구,,개봉제3동제2투,3808,2797,1283,1501,1,1,0,3,2789,8,1011
서울특별시,구로구,,개봉제3동제3투,3821,2806,1360,1427,4,1,3,3,2798,8,1015
서울특별시,구로구,,개봉제3동제4투,3473,2937,1409,1514,1,2,4,1,2931,6,536
서울특별시,구로구,,개봉제3동제5투,3157,2417,1039,1361,3,0,5,2,2410,7,740
서울특별시,구로구,오류제1동,소계,17194,13016,6517,6402,5,4,18,10,12956,60,4178
서울특별시,구로구,,오류제1동제1투,4943,3594,1631,1937,1,1,6,2,3578,16,1349
서울특별시,구로구,,오류제1동제2투,4461,3401,1716,1666,0,1,2,3,3388,13,1060
서울특별시,구로구,,오류제1동제3투,4304,3173,1726,1421,3,1,5,2,3158,15,1131
서울특별시,구로구,,오류제1동제4투,3486,2848,1444,1378,1,1,5,3,2832,16,638
서울특별시,구로구,오류제2동,소계,30774,24074,11282,12601,18,18,37,19,23975,99,6700
서울특별시,구로구,,오류제2동제1투,4678,3555,1847,1663,4,5,9,3,3531,24,1123
서울특별시,구로구,,오류제2동제2투,4733,3437,1764,1653,1,0,1,2,3421,16,1296
서울특별시,구로구,,오류제2동제3투,4159,3427,1724,1687,0,0,3,2,3416,11,732
서울특별시,구로구,,오류제2동제4투,4279,3371,1606,1737,5,3,7,1,3359,12,908
서울특별시,구로구,,오류제2동제5투,4554,3556,1617,1906,2,5,7,4,3541,15,998
서울특별시,구로구,,오류제2동제6투,4258,3387,1401,1962,5,2,5,2,3377,10,871
서울특별시,구로구,,오류제2동제7투,4113,3341,1323,1993,1,3,5,5,3330,11,772
서울특별시,구로구,수궁동,소계,20229,15682,8059,7484,6,15,30,16,15610,72,4547
서울특별시,구로구,,수궁동제1투,3781,2786,1785,967,1,5,4,4,2766,20,995
서울특별시,구로구,,수궁동제2투,3790,2950,1517,1411,2,2,9,2,2943,7,840
서울특별시,구로구,,수궁동제3투,4183,3296,1671,1591,0,3,6,4,3275,21,887
서울특별시,구로구,,수궁동제4투,3173,2603,1216,1369,1,2,3,2,2593,10,570
서울특별시,구로구,,수궁동제5투,3561,2717,1286,1406,2,2,6,3,2705,12,844
서울특별시,구로구,,수궁동제6투,1741,1330,584,740,0,1,2,1,1328,2,411
서울특별시,구로구,잘못 투입·구분된 투표지,,0,23,13,10,0,0,0,0,23,0,-23
서울특별시,금천구,소계,,202808,147632,66316,79933,97,112,213,132,146803,829,55176
서울특별시,금천구,재외투표,,1103,793,317,470,1,0,1,1,790,3,310
서울특별시,금천구,국내부재자투표,,3852,3644,1660,1873,6,11,7,15,3572,72,208
서울특별시,금천구,소계,,197853,143162,64323,77574,90,101,205,116,142409,753,54691
서울특별시,금천구,가산동,소계,17074,12000,4787,7105,8,10,19,11,11940,60,5074
서울특별시,금천구,,가산동제1투,3474,2171,941,1206,3,3,5,1,2159,12,1303
서울특별시,금천구,,가산동제2투,3290,2245,799,1425,0,1,2,3,2230,15,1045
서울특별시,금천구,,가산동제3투,3974,3232,1431,1776,4,1,8,2,3222,10,742
서울특별시,금천구,,가산동제4투,3855,2647,896,1731,1,4,2,1,2635,12,1208
서울특별시,금천구,,가산동제5투,1590,1085,466,605,0,1,1,1,1074,11,505
서울특별시,금천구,,가산동제6투,891,620,254,362,0,0,1,3,620,0,271
서울특별시,금천구,독산제1동,소계,26225,19198,8195,10839,16,8,24,14,19096,102,7027
서울특별시,금천구,,독산제1동제1투,3902,2487,1020,1459,1,1,0,0,2481,6,1415
서울특별시,금천구,,독산제1동제2투,2856,1899,751,1131,2,1,1,2,1888,11,957
서울특별시,금천구,,독산제1동제3투,5804,4099,1557,2512,1,1,6,4,4081,18,1705
서울특별시,금천구,,독산제1동제4투,4760,3911,1722,2166,5,2,4,2,3901,10,849
서울특별시,금천구,,독산제1동제5투,4221,3185,1390,1745,6,1,5,3,3150,35,1036
서울특별시,금천구,,독산제1동제6투,4682,3617,1755,1826,1,2,8,3,3595,22,1065
서울특별시,금천구,독산제2동,소계,18555,12964,5758,7083,7,12,19,10,12889,75,5591
서울특별시,금천구,,독산제2동제1투,2981,1944,884,1036,1,1,6,0,1928,16,1037
서울특별시,금천구,,독산제2동제2투,3165,2177,977,1173,2,2,4,4,2162,15,988
서울특별시,금천구,,독산제2동제3투,2903,2143,943,1184,1,3,0,4,2135,8,760
서울특별시,금천구,,독산제2동제4투,2951,2149,968,1158,0,0,2,2,2130,19,802
서울특별시,금천구,,독산제2동제5투,3192,2126,904,1209,1,2,3,0,2119,7,1066
서울특별시,금천구,,독산제2동제6투,3363,2425,1082,1323,2,4,4,0,2415,10,938
서울특별시,금천구,독산제3동,소계,23409,16313,7231,8935,13,11,23,17,16230,83,7096
서울특별시,금천구,,독산제3동제1투,3862,2768,1197,1543,3,3,5,6,2757,11,1094
서울특별시,금천구,,독산제3동제2투,4209,2632,1212,1402,4,1,2,0,2621,11,1577
서울특별시,금천구,,독산제3동제3투,4533,3225,1360,1843,1,3,4,1,3212,13,1308
서울특별시,금천구,,독산제3동제4투,3483,2304,1060,1214,4,0,5,5,2288,16,1179
서울특별시,금천구,,독산제3동제5투,3678,2659,1212,1422,0,1,3,1,2639,20,1019
서울특별시,금천구,,독산제3동제6투,3644,2725,1190,1511,1,3,4,4,2713,12,919
서울특별시,금천구,독산제4동,소계,15525,10806,4749,5978,4,6,11,3,10751,55,4719
서울특별시,금천구,,독산제4동제1투,4079,2640,1263,1354,1,1,2,0,2621,19,1439
서울특별시,금천구,,독산제4동제2투,4036,2865,1225,1625,1,0,3,1,2855,10,1171
서울특별시,금천구,,독산제4동제3투,3375,2299,1004,1282,1,2,2,1,2292,7,1076
서울특별시,금천구,,독산제4동제4투,4035,3002,1257,1717,1,3,4,1,2983,19,1033
서울특별시,금천구,시흥제1동,소계,29116,20976,9823,10977,13,13,29,11,20866,110,8140
서울특별시,금천구,,시흥제1동제1투,3554,2743,1283,1438,1,2,2,1,2727,16,811
서울특별시,금천구,,시흥제1동제2투,3967,3040,1417,1595,1,2,4,4,3023,17,927
서울특별시,금천구,,시흥제1동제3투,5337,4275,2030,2224,0,2,5,2,4263,12,1062
서울특별시,금천구,,시흥제1동제4투,3226,2205,967,1220,1,1,5,0,2194,11,1021
서울특별시,금천구,,시흥제1동제5투,3526,2398,1178,1192,1,2,6,1,2380,18,1128
서울특별시,금천구,,시흥제1동제6투,3069,2161,975,1167,3,3,2,1,2151,10,908
서울특별시,금천구,,시흥제1동제7투,2927,2078,986,1066,4,0,3,2,2061,17,849
서울특별시,금천구,,시흥제1동제8투,3510,2076,987,1075,2,1,2,0,2067,9,1434
서울특별시,금천구,시흥제2동,소계,19248,15169,6955,8087,11,8,27,11,15099,70,4079
서울특별시,금천구,,시흥제2동제1투,3182,2443,1185,1235,2,1,7,2,2432,11,739
서울특별시,금천구,,시흥제2동제2투,3024,2339,1035,1281,2,3,4,1,2326,13,685
서울특별시,금천구,,시흥제2동제3투,3748,2830,1467,1340,1,0,4,0,2812,18,918
서울특별시,금천구,,시흥제2동제4투,3511,2964,1411,1531,2,1,6,0,2951,13,547
서울특별시,금천구,,시흥제2동제5투,3216,2668,1026,1627,2,3,3,2,2663,5,548
서울특별시,금천구,,시흥제2동제6투,2567,1925,831,1073,2,0,3,6,1915,10,642
서울특별시,금천구,시흥제3동,소계,10386,7956,3757,4118,5,10,17,5,7912,44,2430
서울특별시,금천구,,시흥제3동제1투,3333,2451,1170,1257,1,2,6,0,2436,15,882
서울특별시,금천구,,시흥제3동제2투,2657,1990,901,1064,1,4,9,2,1981,9,667
서울특별시,금천구,,시흥제3동제3투,2679,2136,1021,1099,1,3,0,0,2124,12,543
서울특별시,금천구,,시흥제3동제4투,1717,1379,665,698,2,1,2,3,1371,8,338
서울특별시,금천구,시흥제4동,소계,19189,13981,6501,7354,7,13,16,22,13913,68,5208
서울특별시,금천구,,시흥제4동제1투,3285,2353,1144,1186,0,3,2,3,2338,15,932
서울특별시,금천구,,시흥제4동제2투,3076,1996,963,1015,2,1,1,2,1984,12,1080
서울특별시,금천구,,시흥제4동제3투,2944,2132,977,1138,0,1,1,2,2119,13,812
서울특별시,금천구,,시흥제4동제4투,3304,2653,1165,1464,3,3,4,5,2644,9,651
서울특별시,금천구,,시흥제4동제5투,3369,2494,1188,1285,1,1,4,5,2484,10,875
서울특별시,금천구,,시흥제4동제6투,3211,2353,1064,1266,1,4,4,5,2344,9,858
서울특별시,금천구,시흥제5동,소계,19126,13799,6567,7098,6,10,20,12,13713,86,5327
서울특별시,금천구,,시흥제5동제1투,3754,2779,1284,1463,0,4,5,2,2758,21,975
서울특별시,금천구,,시흥제5동제2투,4224,2854,1339,1491,4,1,2,2,2839,15,1370
서울특별시,금천구,,시흥제5동제3투,4249,3186,1488,1674,0,1,6,3,3172,14,1063
서울특별시,금천구,,시흥제5동제4투,3588,2569,1251,1286,1,4,2,5,2549,20,1019
서울특별시,금천구,,시흥제5동제5투,3311,2411,1205,1184,1,0,5,0,2395,16,900
서울특별시,금천구,잘못 투입·구분된 투표지,,0,33,16,16,0,0,0,0,32,1,-33
서울특별시,영등포구,소계,,327297,245975,118167,125657,134,149,498,210,244815,1160,81322
서울특별시,영등포구,재외투표,,3083,2359,1038,1308,0,1,4,0,2351,8,724
서울특별시,영등포구,국내부재자투표,,6059,5669,2759,2765,4,15,12,12,5567,102,390
서울특별시,영등포구,소계,,318155,237936,114361,121582,130,133,482,198,236886,1050,80219
서울특별시,영등포구,영등포본동,소계,20475,15260,6975,8170,9,4,25,12,15195,65,5215
서울특별시,영등포구,,영등포본동제1투,3550,2702,1277,1404,0,0,6,1,2688,14,848
서울특별시,영등포구,,영등포본동제2투,2958,2109,1069,1016,1,1,5,2,2094,15,849
서울특별시,영등포구,,영등포본동제3투,2405,1616,804,805,1,0,2,0,1612,4,789
서울특별시,영등포구,,영등포본동제4투,2650,1723,753,958,2,0,3,1,1717,6,927
서울특별시,영등포구,,영등포본동제5투,2101,1452,698,740,1,1,1,0,1441,11,649
서울특별시,영등포구,,영등포본동제6투,3180,2574,1136,1420,2,1,4,5,2568,6,606
서울특별시,영등포구,,영등포본동제7투,3631,3084,1238,1827,2,1,4,3,3075,9,547
서울특별시,영등포구,영등포동,소계,16814,11334,5716,5506,5,9,23,14,11273,61,5480
서울특별시,영등포구,,영등포동제1투,3830,2104,1013,1069,1,1,6,0,2090,14,1726
서울특별시,영등포구,,영등포동제2투,2986,1711,883,799,2,3,4,3,1694,17,1275
서울특별시,영등포구,,영등포동제3투,3397,2528,1330,1182,1,3,4,2,2522,6,869
서울특별시,영등포구,,영등포동제4투,3325,2377,1089,1267,0,2,2,5,2365,12,948
서울특별시,영등포구,,영등포동제5투,3276,2614,1401,1189,1,0,7,4,2602,12,662
서울특별시,영등포구,여의동,소계,26856,20741,13547,7053,1,6,59,7,20673,68,6115
서울특별시,영등포구,,여의동제1투,3562,2873,1733,1119,0,2,13,2,2869,4,689
서울특별시,영등포구,,여의동제2투,4484,3045,2028,1001,0,0,2,0,3031,14,1439
서울특별시,영등포구,,여의동제3투,3398,2770,1778,973,0,2,7,0,2760,10,628
서울특별시,영등포구,,여의동제4투,3390,2659,1789,853,0,1,4,0,2647,12,731
서울특별시,영등포구,,여의동제5투,3259,2592,1601,968,1,1,11,1,2583,9,667
서울특별시,영등포구,,여의동제6투,3536,2813,1839,954,0,0,10,2,2805,8,723
서울특별시,영등포구,,여의동제7투,3936,3080,2314,746,0,0,10,2,3072,8,856
서울특별시,영등포구,,여의동제8투,1291,909,465,439,0,0,2,0,906,3,382
서울특별시,영등포구,당산제1동,소계,17221,12957,5963,6880,6,9,32,11,12901,56,4264
서울특별시,영등포구,,당산제1동제1투,2363,1688,787,879,2,0,2,0,1670,18,675
서울특별시,영등포구,,당산제1동제2투,3816,2951,1416,1508,2,5,3,4,2938,13,865
서울특별시,영등포구,,당산제1동제3투,3789,2857,1233,1603,0,1,11,3,2851,6,932
서울특별시,영등포구,,당산제1동제4투,3996,2956,1393,1536,1,2,12,3,2947,9,1040
서울특별시,영등포구,,당산제1동제5투,3257,2505,1134,1354,1,1,4,1,2495,10,752
서울특별시,영등포구,당산제2동,소계,27417,21598,10248,11191,11,16,47,15,21528,70,5819
서울특별시,영등포구,,당산제2동제1투,3848,2601,1135,1436,5,2,4,5,2587,14,1247
서울특별시,영등포구,,당산제2동제2투,4690,3793,1819,1946,0,3,10,1,3779,14,897
서울특별시,영등포구,,당산제2동제3투,4765,3753,1606,2114,3,5,10,4,3742,11,1012
서울특별시,영등포구,,당산제2동제4투,4925,3885,1765,2094,1,0,8,3,3871,14,1040
서울특별시,영등포구,,당산제2동제5투,3972,3370,2094,1255,2,2,7,1,3361,9,602
서울특별시,영등포구,,당산제2동제6투,5217,4196,1829,2346,0,4,8,1,4188,8,1021
서울특별시,영등포구,도림동,소계,15705,11089,4975,6017,9,10,21,8,11040,49,4616
서울특별시,영등포구,,도림동제1투,4492,3076,1522,1531,1,1,7,1,3063,13,1416
서울특별시,영등포구,,도림동제2투,3715,2422,1164,1231,3,3,6,1,2408,14,1293
서울특별시,영등포구,,도림동제3투,4343,3241,1320,1895,3,5,4,2,3229,12,1102
서울특별시,영등포구,,도림동제4투,3155,2350,969,1360,2,1,4,4,2340,10,805
서울특별시,영등포구,문래동,소계,25299,20390,9755,10508,9,6,38,13,20329,61,4909
서울특별시,영등포구,,문래동제1투,2922,1894,976,902,1,2,1,1,1883,11,1028
서울특별시,영등포구,,문래동제2투,2672,2282,1240,1029,0,0,4,2,2275,7,390
서울특별시,영등포구,,문래동제3투,4085,3300,1485,1790,3,0,11,1,3290,10,785
서울특별시,영등포구,,문래동제4투,3444,2923,1820,1092,0,2,3,2,2919,4,521
서울특별시,영등포구,,문래동제5투,4414,3567,1674,1862,1,1,8,3,3549,18,847
서울특별시,영등포구,,문래동제6투,3811,3178,1189,1975,2,0,6,2,3174,4,633
서울특별시,영등포구,,문래동제7투,3951,3246,1371,1858,2,1,5,2,3239,7,705
서울특별시,영등포구,양평제1동,소계,14002,10838,4699,6044,5,10,17,14,10789,49,3164
서울특별시,영등포구,,양평제1동제1투,3618,2599,1331,1241,1,4,3,3,2583,16,1019
서울특별시,영등포구,,양평제1동제2투,3689,2984,1168,1795,1,1,4,3,2972,12,705
서울특별시,영등포구,,양평제1동제3투,3269,2529,1186,1315,1,5,2,5,2514,15,740
서울특별시,영등포구,,양평제1동제4투,3426,2726,1014,1693,2,0,8,3,2720,6,700
서울특별시,영등포구,양평제2동,소계,17308,13681,5877,7692,5,10,27,12,13623,58,3627
서울특별시,영등포구,,양평제2동제1투,3647,2987,1279,1691,0,1,8,4,2983,4,660
서울특별시,영등포구,,양평제2동제2투,3491,2770,1265,1475,2,4,7,5,2758,12,721
서울특별시,영등포구,,양평제2동제3투,3449,2496,1049,1423,0,4,6,0,2482,14,953
서울특별시,영등포구,,양평제2동제4투,3540,2967,1280,1662,0,0,4,3,2949,18,573
서울특별시,영등포구,,양평제2동제5투,3181,2461,1004,1441,3,1,2,0,2451,10,720
서울특별시,영등포구,신길제1동,소계,17436,12398,5684,6598,12,9,19,8,12330,68,5038
서울특별시,영등포구,,신길제1동제1투,3486,2497,1017,1453,2,5,4,1,2482,15,989
서울특별시,영등포구,,신길제1동제2투,3334,2410,1125,1256,3,2,8,2,2396,14,924
서울특별시,영등포구,,신길제1동제3투,3798,2500,1152,1328,0,2,0,2,2484,16,1298
서울특별시,영등포구,,신길제1동제4투,3393,2489,1235,1231,6,0,3,2,2477,12,904
서울특별시,영등포구,,신길제1동제5투,3425,2502,1155,1330,1,0,4,1,2491,11,923
서울특별시,영등포구,신길제3동,소계,13530,9947,4782,5075,3,7,17,11,9895,52,3583
서울특별시,영등포구,,신길제3동제1투,3049,2201,1076,1103,1,0,6,5,2191,10,848
서울특별시,영등포구,,신길제3동제2투,3501,2454,1156,1274,0,2,5,0,2437,17,1047
서울특별시,영등포구,,신길제3동제3투,3367,2695,1313,1365,0,3,2,2,2685,10,672
서울특별시,영등포구,,신길제3동제4투,2684,1938,933,985,2,2,3,3,1928,10,746
서울특별시,영등포구,,신길제3동제5투,929,659,304,348,0,0,1,1,654,5,270
서울특별시,영등포구,신길제4동,소계,10526,7600,3731,3787,7,6,12,9,7552,48,2926
서울특별시,영등포구,,신길제4동제1투,3039,1974,936,1019,1,1,2,5,1964,10,1065
서울특별시,영등포구,,신길제4동제2투,2558,1846,955,869,2,2,4,3,1835,11,712
서울특별시,영등포구,,신길제4동제3투,2010,1420,683,714,3,3,4,0,1407,13,590
서울특별시,영등포구,,신길제4동제4투,2919,2360,1157,1185,1,0,2,1,2346,14,559
서울특별시,영등포구,신길제5동,소계,13564,9618,4483,5030,10,3,25,15,9566,52,3946
서울특별시,영등포구,,신길제5동제1투,3115,2046,952,1078,1,1,2,2,2036,10,1069
서울특별시,영등포구,,신길제5동제2투,2502,1845,890,932,2,1,6,3,1834,11,657
서울특별시,영등포구,,신길제5동제3투,3066,2285,1058,1205,4,0,3,5,2275,10,781
서울특별시,영등포구,,신길제5동제4투,2428,1687,771,893,2,0,7,3,1676,11,741
서울특별시,영등포구,,신길제5동제5투,2453,1755,812,922,1,1,7,2,1745,10,698
서울특별시,영등포구,신길제6동,소계,18764,13966,6539,7301,7,6,36,12,13901,65,4798
서울특별시,영등포구,,신길제6동제1투,2616,1745,868,860,2,1,1,2,1734,11,871
서울특별시,영등포구,,신길제6동제2투,2340,1398,675,708,1,1,4,1,1390,8,942
서울특별시,영등포구,,신길제6동제3투,3455,2853,1290,1542,2,2,7,1,2844,9,602
서울특별시,영등포구,,신길제6동제4투,3282,2672,1271,1374,2,2,12,3,2664,8,610
서울특별시,영등포구,,신길제6동제5투,3956,2982,1339,1622,0,0,5,5,2971,11,974
서울특별시,영등포구,,신길제6동제6투,3115,2316,1096,1195,0,0,7,0,2298,18,799
서울특별시,영등포구,신길제7동,소계,11862,9202,4905,4219,5,4,24,10,9167,35,2660
서울특별시,영등포구,,신길제7동제1투,1774,1349,807,534,1,0,3,0,1345,4,425
서울특별시,영등포구,,신길제7동제2투,3039,2377,1213,1140,1,1,7,4,2366,11,662
서울특별시,영등포구,,신길제7동제3투,3177,2149,1016,1115,2,3,2,1,2139,10,1028
서울특별시,영등포구,,신길제7동제4투,3872,3327,1869,1430,1,0,12,5,3317,10,545
서울특별시,영등포구,대림제1동,소계,13692,9771,4355,5332,5,3,13,9,9717,54,3921
서울특별시,영등포구,,대림제1동제1투,3246,2182,1022,1138,2,1,4,1,2168,14,1064
서울특별시,영등포구,,대림제1동제2투,2904,2201,973,1205,1,2,5,2,2188,13,703
서울특별시,영등포구,,대림제1동제3투,2486,1888,861,1016,1,0,1,3,1882,6,598
서울특별시,영등포구,,대림제1동제4투,2531,1770,750,1002,1,0,1,1,1755,15,761
서울특별시,영등포구,,대림제1동제5투,2525,1730,749,971,0,0,2,2,1724,6,795
서울특별시,영등포구,대림제2동,소계,14675,10275,4606,5583,5,7,12,7,10220,55,4400
서울특별시,영등포구,,대림제2동제1투,2343,1466,671,778,1,0,0,3,1453,13,877
서울특별시,영등포구,,대림제2동제2투,2220,1561,738,807,0,1,6,0,1552,9,659
서울특별시,영등포구,,대림제2동제3투,2980,2056,934,1107,2,1,1,0,2045,11,924
서울특별시,영등포구,,대림제2동제4투,4140,3089,1350,1719,2,2,4,2,3079,10,1051
서울특별시,영등포구,,대림제2동제5투,2992,2103,913,1172,0,3,1,2,2091,12,889
서울특별시,영등포구,대림제3동,소계,23009,17271,7521,9596,16,8,35,11,17187,84,5738
서울특별시,영등포구,,대림제3동제1투,3412,2487,1085,1387,2,1,0,2,2477,10,925
서울특별시,영등포구,,대림제3동제2투,3094,2273,1080,1172,6,2,3,1,2264,9,821
서울특별시,영등포구,,대림제3동제3투,2730,2080,902,1157,3,0,4,2,2068,12,650
서울특별시,영등포구,,대림제3동제4투,3017,2058,846,1187,2,1,6,3,2045,13,959
서울특별시,영등포구,,대림제3동제5투,3434,2424,1059,1339,0,0,11,1,2410,14,1010
서울특별시,영등포구,,대림제3동제6투,3285,2598,1074,1490,3,3,6,2,2578,20,687
서울특별시,영등포구,,대림제3동제7투,4037,3351,1475,1864,0,1,5,0,3345,6,686
서울특별시,영등포구,잘못 투입·구분된 투표지,,0,11,9,2,0,0,0,0,11,0,-11
서울특별시,동작구,소계,,338206,260307,117538,140437,154,143,514,227,259013,1294,77899
서울특별시,동작구,재외투표,,3359,2496,1032,1440,1,3,5,2,2483,13,863
서울특별시,동작구,국내부재자투표,,6874,6415,2899,3376,9,11,15,13,6323,92,459
서울특별시,동작구,소계,,327973,251374,113597,135609,144,129,494,212,250185,1189,76599
서울특별시,동작구,노량진제1동,소계,28047,21901,10072,11624,14,15,48,12,21785,116,6146
서울특별시,동작구,,노량진제1동제1투,3847,3233,1511,1700,0,1,11,2,3225,8,614
서울특별시,동작구,,노량진제1동제2투,3844,2980,1228,1718,4,3,3,3,2959,21,864
서울특별시,동작구,,노량진제1동제3투,3192,2691,1268,1400,3,1,7,0,2679,12,501
서울특별시,동작구,,노량진제1동제4투,3678,2330,1027,1267,4,1,8,1,2308,22,1348
서울특별시,동작구,,노량진제1동제5투,2927,2278,1143,1108,2,2,7,4,2266,12,649
서울특별시,동작구,,노량진제1동제6투,4030,3039,1336,1676,1,1,4,1,3019,20,991
서울특별시,동작구,,노량진제1동제7투,1864,1582,859,713,0,0,3,0,1575,7,282
서울특별시,동작구,,노량진제1동제8투,2405,1901,879,1007,0,2,1,0,1889,12,504
서울특별시,동작구,,노량진제1동제9투,2260,1867,821,1035,0,4,4,1,1865,2,393
서울특별시,동작구,노량진제2동,소계,13403,9586,4276,5230,6,4,15,8,9539,47,3817
서울특별시,동작구,,노량진제2동제1투,2148,1604,742,854,0,1,1,2,1600,4,544
서울특별시,동작구,,노량진제2동제2투,4015,2760,1276,1467,3,0,3,0,2749,11,1255
서울특별시,동작구,,노량진제2동제3투,3720,2653,1150,1482,2,0,7,2,2643,10,1067
서울특별시,동작구,,노량진제2동제4투,3520,2569,1108,1427,1,3,4,4,2547,22,951
서울특별시,동작구,상도제1동,소계,33984,26169,11845,14111,13,17,53,19,26058,111,7815
서울특별시,동작구,,상도제1동제1투,4968,3774,1596,2132,4,6,5,4,3747,27,1194
서울특별시,동작구,,상도제1동제2투,5304,3942,1719,2181,3,0,11,4,3918,24,1362
서울특별시,동작구,,상도제1동제3투,3806,2954,1328,1598,1,3,8,2,2940,14,852
서울특별시,동작구,,상도제1동제4투,4442,3473,1558,1888,1,0,9,4,3460,13,969
서울특별시,동작구,,상도제1동제5투,5101,3849,2050,1774,1,3,8,2,3838,11,1252
서울특별시,동작구,,상도제1동제6투,4548,3540,1659,1866,1,1,4,1,3532,8,1008
서울특별시,동작구,,상도제1동제7투,4030,3111,1312,1774,2,3,7,2,3100,11,919
서울특별시,동작구,,상도제1동제8투,1785,1526,623,898,0,1,1,0,1523,3,259
서울특별시,동작구,상도제2동,소계,20855,15897,7451,8296,2,11,40,15,15815,82,4958
서울특별시,동작구,,상도제2동제1투,4267,3289,1493,1759,0,1,10,1,3264,25,978
서울특별시,동작구,,상도제2동제2투,5155,3744,1790,1931,0,3,8,2,3734,10,1411
서울특별시,동작구,,상도제2동제3투,2923,2292,1010,1262,1,1,5,4,2283,9,631
서울특별시,동작구,,상도제2동제4투,4701,3777,1913,1825,1,6,13,3,3761,16,924
서울특별시,동작구,,상도제2동제5투,3809,2795,1245,1519,0,0,4,5,2773,22,1014
서울특별시,동작구,상도제3동,소계,20241,15243,6544,8565,11,7,34,13,15174,69,4998
서울특별시,동작구,,상도제3동제1투,4886,3732,1737,1963,1,0,10,3,3714,18,1154
서울특별시,동작구,,상도제3동제2투,4032,2864,1226,1616,1,1,6,1,2851,13,1168
서울특별시,동작구,,상도제3동제3투,3450,2602,1088,1486,3,3,5,5,2590,12,848
서울특별시,동작구,,상도제3동제4투,3306,2525,1056,1449,3,1,7,1,2517,8,781
서울특별시,동작구,,상도제3동제5투,4567,3520,1437,2051,3,2,6,3,3502,18,1047
서울특별시,동작구,상도제4동,소계,23946,17662,7771,9721,6,8,41,19,17566,96,6284
서울특별시,동작구,,상도제4동제1투,3530,2600,1067,1504,2,2,3,1,2579,21,930
서울특별시,동작구,,상도제4동제2투,3868,2835,1160,1651,1,1,6,5,2824,11,1033
서울특별시,동작구,,상도제4동제3투,3570,2506,1135,1343,0,1,5,4,2488,18,1064
서울특별시,동작구,,상도제4동제4투,3785,2751,1217,1497,1,1,8,4,2728,23,1034
서울특별시,동작구,,상도제4동제5투,4842,3688,1805,1860,1,0,14,2,3682,6,1154
서울특별시,동작구,,상도제4동제6투,4351,3282,1387,1866,1,3,5,3,3265,17,1069
서울특별시,동작구,흑석동,소계,28724,21680,10607,10857,14,10,39,21,21548,132,7044
서울특별시,동작구,,흑석동제1투,4051,3269,1903,1341,0,1,5,2,3252,17,782
서울특별시,동작구,,흑석동제2투,4023,2588,1301,1250,4,0,4,3,2562,26,1435
서울특별시,동작구,,흑석동제3투,3593,2667,1264,1379,0,0,4,2,2649,18,926
서울특별시,동작구,,흑석동제4투,3342,2469,1096,1351,2,0,4,1,2454,15,873
서울특별시,동작구,,흑석동제5투,3971,3011,1316,1660,2,2,9,4,2993,18,960
서울특별시,동작구,,흑석동제6투,3647,2720,1243,1444,1,4,9,7,2708,12,927
서울특별시,동작구,,흑석동제7투,3036,2380,1121,1236,2,1,2,2,2364,16,656
서울특별시,동작구,,흑석동제8투,3061,2576,1363,1196,3,2,2,0,2566,10,485
서울특별시,동작구,사당제1동,소계,20164,15203,6004,9078,13,8,28,16,15147,56,4961
서울특별시,동작구,,사당제1동제1투,4959,3799,1584,2177,4,3,10,4,3782,17,1160
서울특별시,동작구,,사당제1동제2투,3953,3080,1130,1928,4,1,3,4,3070,10,873
서울특별시,동작구,,사당제1동제3투,3549,2679,1074,1584,2,0,6,5,2671,8,870
서울특별시,동작구,,사당제1동제4투,3475,2617,1030,1571,0,1,3,1,2606,11,858
서울특별시,동작구,,사당제1동제5투,4228,3028,1186,1818,3,3,6,2,3018,10,1200
서울특별시,동작구,사당제2동,소계,24438,19098,8747,10202,8,11,29,12,19009,89,5340
서울특별시,동작구,,사당제2동제1투,3370,2645,1291,1340,0,0,3,2,2636,9,725
서울특별시,동작구,,사당제2동제2투,3706,2785,1117,1635,2,1,5,1,2761,24,921
서울특별시,동작구,,사당제2동제3투,3188,2459,989,1444,1,1,6,1,2442,17,729
서울특별시,동작구,,사당제2동제4투,4288,3099,1405,1671,1,5,1,3,3086,13,1189
서울특별시,동작구,,사당제2동제5투,3058,2420,1032,1373,1,0,5,2,2413,7,638
서울특별시,동작구,,사당제2동제6투,3288,2709,1314,1380,0,2,4,2,2702,7,579
서울특별시,동작구,,사당제2동제7투,3540,2981,1599,1359,3,2,5,1,2969,12,559
서울특별시,동작구,사당제3동,소계,21339,16700,7589,8984,13,7,30,8,16631,69,4639
서울특별시,동작구,,사당제3동제1투,4173,3360,1445,1892,2,4,8,2,3353,7,813
서울특별시,동작구,,사당제3동제2투,3182,2422,1029,1374,0,1,7,0,2411,11,760
서울특별시,동작구,,사당제3동제3투,3762,2881,1507,1352,2,0,6,1,2868,13,881
서울특별시,동작구,,사당제3동제4투,2650,1925,731,1171,3,0,1,1,1907,18,725
서울특별시,동작구,,사당제3동제5투,3831,3031,1365,1647,4,1,2,2,3021,10,800
서울특별시,동작구,,사당제3동제6투,3741,3081,1512,1548,2,1,6,2,3071,10,660
서울특별시,동작구,사당제4동,소계,12587,9656,3977,5595,7,3,23,8,9613,43,2931
서울특별시,동작구,,사당제4동제1투,3280,2455,988,1437,4,0,8,3,2440,15,825
서울특별시,동작구,,사당제4동제2투,3071,2478,1073,1378,2,1,9,3,2466,12,593
서울특별시,동작구,,사당제4동제3투,3570,2699,1052,1631,1,1,3,1,2689,10,871
서울특별시,동작구,,사당제4동제4투,2666,2024,864,1149,0,1,3,1,2018,6,642
서울특별시,동작구,사당제5동,소계,12350,9567,3918,5570,8,6,13,7,9522,45,2783
서울특별시,동작구,,사당제5동제1투,2814,2154,935,1202,1,3,1,1,2143,11,660
서울특별시,동작구,,사당제5동제2투,3400,2754,1120,1610,3,2,2,1,2738,16,646
서울특별시,동작구,,사당제5동제3투,3283,2466,997,1447,4,0,2,3,2453,13,817
서울특별시,동작구,,사당제5동제4투,2853,2193,866,1311,0,1,8,2,2188,5,660
서울특별시,동작구,대방동,소계,31054,24322,11281,12842,9,9,51,23,24215,107,6732
서울특별시,동작구,,대방동제1투,3782,2865,1303,1539,0,2,3,5,2852,13,917
서울특별시,동작구,,대방동제2투,4048,3275,1563,1690,3,0,9,0,3265,10,773
서울특별시,동작구,,대방동제3투,4772,3827,1894,1912,1,0,7,2,3816,11,945
서울특별시,동작구,,대방동제4투,3865,2850,1229,1589,3,1,4,3,2829,21,1015
서울특별시,동작구,,대방동제5투,4050,3344,1792,1518,0,1,18,2,3331,13,706
서울특별시,동작구,,대방동제6투,2759,2147,937,1191,0,0,3,7,2138,9,612
서울특별시,동작구,,대방동제7투,3623,2828,1207,1601,1,1,4,2,2816,12,795
서울특별시,동작구,,대방동제8투,4155,3186,1356,1802,1,4,3,2,3168,18,969
서울특별시,동작구,신대방제1동,소계,20344,15924,7549,8225,11,9,30,17,15841,83,4420
서울특별시,동작구,,신대방제1동제1투,2761,2069,879,1172,2,1,1,0,2055,14,692
서울특별시,동작구,,신대방제1동제2투,3542,2550,1244,1273,2,0,4,7,2530,20,992
서울특별시,동작구,,신대방제1동제3투,4726,4001,1863,2103,2,1,13,4,3986,15,725
서울특별시,동작구,,신대방제1동제4투,4783,3529,1590,1904,2,2,4,5,3507,22,1254
서울특별시,동작구,,신대방제1동제5투,4532,3775,1973,1773,3,5,8,1,3763,12,757
서울특별시,동작구,신대방제2동,소계,16497,12766,5966,6709,9,4,20,14,12722,44,3731
서울특별시,동작구,,신대방제2동제1투,3883,3110,1361,1719,1,2,7,6,3096,14,773
서울특별시,동작구,,신대방제2동제2투,4076,3049,1329,1697,5,1,0,2,3034,15,1027
서울특별시,동작구,,신대방제2동제3투,4108,3165,1360,1778,2,1,11,4,3156,9,943
서울특별시,동작구,,신대방제2동제4투,4430,3442,1916,1515,1,0,2,2,3436,6,988
서울특별시,동작구,잘못 투입·구분된 투표지,,0,22,10,12,0,0,0,0,22,0,-22
서울특별시,관악구,소계,,446910,333640,134105,196560,201,260,630,287,332043,1597,113270
서울특별시,관악구,재외투표,,3329,2494,928,1540,1,4,6,2,2481,13,835
서울특별시,관악구,국내부재자투표,,8124,7539,3177,4190,6,6,20,7,7406,133,585
서울특별시,관악구,소계,,435457,323602,129999,190827,194,250,604,278,322152,1450,111855
서울특별시,관악구,보라매동,소계,21873,16379,6977,9286,6,7,25,5,16306,73,5494
서울특별시,관악구,,보라매동제1투,3971,3169,1543,1603,1,1,8,1,3157,12,802
서울특별시,관악구,,보라매동제2투,3844,2908,1225,1657,1,2,5,1,2891,17,936
서울특별시,관악구,,보라매동제3투,4651,3489,1540,1926,2,2,2,1,3473,16,1162
서울특별시,관악구,,보라매동제4투,4738,3372,1316,2036,1,1,2,2,3358,14,1366
서울특별시,관악구,,보라매동제5투,4669,3441,1353,2064,1,1,8,0,3427,14,1228
서울특별시,관악구,은천동,소계,29129,22304,9067,13057,19,12,48,23,22226,78,6825
서울특별시,관악구,,은천동제1투,4260,3264,1288,1953,2,4,2,3,3252,12,996
서울특별시,관악구,,은천동제2투,4338,3279,1366,1892,2,2,6,1,3269,10,1059
서울특별시,관악구,,은천동제3투,4359,3439,1423,1986,3,2,8,4,3426,13,920
서울특별시,관악구,,은천동제4투,4011,3377,1312,2039,1,1,11,4,3368,9,634
서울특별시,관악구,,은천동제5투,3828,2999,1276,1699,3,1,6,4,2989,10,829
서울특별시,관악구,,은천동제6투,3920,2911,1215,1667,6,1,9,3,2901,10,1009
서울특별시,관악구,,은천동제7투,4413,3035,1187,1821,2,1,6,4,3021,14,1378
서울특별시,관악구,성현동,소계,26996,21323,9094,12032,17,15,45,23,21226,97,5673
서울특별시,관악구,,성현동제1투,3657,2785,1112,1641,2,4,5,6,2770,15,872
서울특별시,관악구,,성현동제2투,4364,3404,1388,1983,6,1,7,5,3390,14,960
서울특별시,관악구,,성현동제3투,3108,2655,1159,1477,1,2,6,2,2647,8,453
서울특별시,관악구,,성현동제4투,3960,3395,1561,1806,1,1,11,3,3383,12,565
서울특별시,관악구,,성현동제5투,4030,3386,1435,1930,2,3,8,1,3379,7,644
서울특별시,관악구,,성현동제6투,3778,2643,1091,1522,1,3,4,2,2623,20,1135
서울특별시,관악구,,성현동제7투,4099,3055,1348,1673,4,1,4,4,3034,21,1044
서울특별시,관악구,중앙동,소계,12695,9191,3345,5764,10,5,15,5,9144,47,3504
서울특별시,관악구,,중앙동제1투,4118,2973,1082,1863,2,3,7,2,2959,14,1145
서울특별시,관악구,,중앙동제2투,3845,2950,1128,1792,6,1,5,1,2933,17,895
서울특별시,관악구,,중앙동제3투,4732,3268,1135,2109,2,1,3,2,3252,16,1464
서울특별시,관악구,청림동,소계,13268,10671,4356,6229,7,5,22,6,10625,46,2597
서울특별시,관악구,,청림동제1투,4499,3665,1709,1927,1,1,17,0,3655,10,834
서울특별시,관악구,,청림동제2투,4297,3156,1287,1829,5,2,1,5,3129,27,1141
서울특별시,관악구,,청림동제3투,4472,3850,1360,2473,1,2,4,1,3841,9,622
서울특별시,관악구,행운동,소계,25679,19101,7126,11801,12,19,42,14,19014,87,6578
서울특별시,관악구,,행운동제1투,4161,3158,1112,2023,0,5,5,1,3146,12,1003
서울특별시,관악구,,행운동제2투,4902,3626,1226,2364,5,4,9,3,3611,15,1276
서울특별시,관악구,,행운동제3투,3848,2857,980,1854,2,3,3,3,2845,12,991
서울특별시,관악구,,행운동제4투,4319,2983,1137,1814,2,1,8,3,2965,18,1336
서울특별시,관악구,,행운동제5투,3857,2858,1081,1751,2,3,10,4,2851,7,999
서울특별시,관악구,,행운동제6투,4592,3619,1590,1995,1,3,7,0,3596,23,973
서울특별시,관악구,청룡동,소계,28416,20819,7594,13040,11,16,32,17,20710,109,7597
서울특별시,관악구,,청룡동제1투,4908,3563,1412,2121,3,2,3,3,3544,19,1345
서울특별시,관악구,,청룡동제2투,4797,3533,1327,2182,1,2,2,3,3517,16,1264
서울특별시,관악구,,청룡동제3투,5594,4045,1185,2817,0,6,6,5,4019,26,1549
서울특별시,관악구,,청룡동제4투,4346,2826,1134,1667,1,4,5,1,2812,14,1520
서울특별시,관악구,,청룡동제5투,4597,3602,1319,2246,5,1,10,3,3584,18,995
서울특별시,관악구,,청룡동제6투,4174,3250,1217,2007,1,1,6,2,3234,16,924
서울특별시,관악구,낙성대동,소계,15143,11256,3855,7309,3,12,20,9,11208,48,3887
서울특별시,관악구,,낙성대동제1투,5270,3794,1306,2457,0,4,4,5,3776,18,1476
서울특별시,관악구,,낙성대동제2투,5168,3799,1370,2393,2,3,9,2,3779,20,1369
서울특별시,관악구,,낙성대동제3투,4705,3663,1179,2459,1,5,7,2,3653,10,1042
서울특별시,관악구,인헌동,소계,23329,17466,6663,10657,7,17,28,18,17390,76,5863
서울특별시,관악구,,인헌동제1투,4640,3475,1246,2204,0,1,4,6,3461,14,1165
서울특별시,관악구,,인헌동제2투,5168,3798,1363,2402,2,4,6,4,3781,17,1370
서울특별시,관악구,,인헌동제3투,4581,3453,1384,2045,0,3,4,2,3438,15,1128
서울특별시,관악구,,인헌동제4투,4336,3232,1299,1902,3,5,8,3,3220,12,1104
서울특별시,관악구,,인헌동제5투,4604,3508,1371,2104,2,4,6,3,3490,18,1096
서울특별시,관악구,남현동,소계,15112,11645,5239,6323,3,4,19,12,11600,45,3467
서울특별시,관악구,,남현동제1투,3675,2821,1171,1624,1,0,9,5,2810,11,854
서울특별시,관악구,,남현동제2투,3766,3003,1374,1612,1,1,3,1,2992,11,763
서울특별시,관악구,,남현동제3투,3751,2727,1151,1553,0,2,5,2,2713,14,1024
서울특별시,관악구,,남현동제4투,3920,3094,1543,1534,1,1,2,4,3085,9,826
서울특별시,관악구,신림동,소계,17471,11891,3986,7831,4,8,15,6,11850,41,5580
서울특별시,관악구,,신림동제1투,4851,3243,1013,2208,1,2,6,2,3232,11,1608
서울특별시,관악구,,신림동제2투,4426,2877,884,1974,1,3,6,1,2869,8,1549
서울특별시,관악구,,신림동제3투,4080,2736,920,1800,0,1,2,0,2723,13,1344
서울특별시,관악구,,신림동제4투,4114,3035,1169,1849,2,2,1,3,3026,9,1079
서울특별시,관악구,신사동,소계,20924,14787,5921,8744,3,11,27,8,14714,73,6137
서울특별시,관악구,,신사동제1투,3695,2720,1153,1545,3,2,7,0,2710,10,975
서울특별시,관악구,,신사동제2투,4569,3271,1248,1995,0,4,7,1,3255,16,1298
서울특별시,관악구,,신사동제3투,4058,2935,1159,1751,0,1,5,2,2918,17,1123
서울특별시,관악구,,신사동제4투,4100,2661,1069,1573,0,3,3,1,2649,12,1439
서울특별시,관악구,,신사동제5투,4502,3200,1292,1880,0,1,5,4,3182,18,1302
서울특별시,관악구,조원동,소계,15520,11176,4783,6308,3,3,17,9,11123,53,4344
서울특별시,관악구,,조원동제1투,4288,3068,1314,1732,2,0,5,3,3056,12,1220
서울특별시,관악구,,조원동제2투,4460,3111,1371,1711,0,2,5,4,3093,18,1349
서울특별시,관악구,,조원동제3투,3651,2623,1086,1521,1,1,4,1,2614,9,1028
서울특별시,관악구,,조원동제4투,3121,2374,1012,1344,0,0,3,1,2360,14,747
서울특별시,관악구,미성동,소계,27736,20978,9603,11204,14,12,32,14,20879,99,6758
서울특별시,관악구,,미성동제1투,4213,2962,1215,1722,1,2,9,1,2950,12,1251
서울특별시,관악구,,미성동제2투,3852,2887,1320,1540,3,2,5,3,2873,14,965
서울특별시,관악구,,미성동제3투,4015,3426,1857,1544,5,2,5,1,3414,12,589
서울특별시,관악구,,미성동제4투,3895,2827,1260,1544,2,1,3,2,2812,15,1068
서울특별시,관악구,,미성동제5투,4035,3032,1373,1630,1,3,2,1,3010,22,1003
서울특별시,관악구,,미성동제6투,3906,2845,1294,1527,1,1,3,4,2830,15,1061
서울특별시,관악구,,미성동제7투,3820,2999,1284,1697,1,1,5,2,2990,9,821
서울특별시,관악구,난곡동,소계,25023,17856,8082,9622,15,9,19,19,17766,90,7167
서울특별시,관악구,,난곡동제1투,4650,3130,1368,1739,1,1,1,3,3113,17,1520
서울특별시,관악구,,난곡동제2투,4496,3255,1483,1748,0,1,3,2,3237,18,1241
서울특별시,관악구,,난곡동제3투,4420,3325,1467,1822,4,3,2,5,3303,22,1095
서울특별시,관악구,,난곡동제4투,3598,2502,1124,1353,5,1,6,4,2493,9,1096
서울특별시,관악구,,난곡동제5투,3629,2703,1293,1387,2,1,4,2,2689,14,926
서울특별시,관악구,,난곡동제6투,4230,2941,1347,1573,3,2,3,3,2931,10,1289
서울특별시,관악구,난향동,소계,13780,10343,4380,5866,5,11,23,10,10295,48,3437
서울특별시,관악구,,난향동제1투,4483,3293,1347,1919,1,5,6,4,3282,11,1190
서울특별시,관악구,,난향동제2투,4708,3749,1599,2115,1,4,11,5,3735,14,959
서울특별시,관악구,,난향동제3투,4589,3301,1434,1832,3,2,6,1,3278,23,1288
서울특별시,관악구,서원동,소계,20579,15037,5548,9358,11,11,33,14,14975,62,5542
서울특별시,관악구,,서원동제1투,4331,3194,1135,2028,2,2,7,4,3178,16,1137
서울특별시,관악구,,서원동제2투,3885,2893,1122,1750,1,1,7,2,2883,10,992
서울특별시,관악구,,서원동제3투,4285,2923,1004,1897,0,4,3,4,2912,11,1362
서울특별시,관악구,,서원동제4투,3627,2717,1054,1633,3,2,6,3,2701,16,910
서울특별시,관악구,,서원동제5투,4451,3310,1233,2050,5,2,10,1,3301,9,1141
서울특별시,관악구,신원동,소계,16656,11933,4918,6912,4,9,21,13,11877,56,4723
서울특별시,관악구,,신원동제1투,4668,3146,1361,1753,0,2,5,6,3127,19,1522
서울특별시,관악구,,신원동제2투,3917,2961,1218,1720,1,1,5,3,2948,13,956
서울특별시,관악구,,신원동제3투,3699,2692,1075,1591,2,1,7,2,2678,14,1007
서울특별시,관악구,,신원동제4투,4372,3134,1264,1848,1,5,4,2,3124,10,1238
서울특별시,관악구,서림동,소계,21294,15913,6035,9722,16,22,31,22,15848,65,5381
서울특별시,관악구,,서림동제1투,4362,2995,1176,1795,5,2,4,3,2985,10,1367
서울특별시,관악구,,서림동제2투,3808,3154,1471,1653,5,3,8,6,3146,8,654
서울특별시,관악구,,서림동제3투,4006,3015,1069,1917,1,6,4,3,3000,15,991
서울특별시,관악구,,서림동제4투,4850,3587,1164,2384,2,8,13,5,3576,11,1263
서울특별시,관악구,,서림동제5투,4268,3162,1155,1973,3,3,2,5,3141,21,1106
서울특별시,관악구,삼성동,소계,24360,18349,8013,10144,17,21,43,16,18254,95,6011
서울특별시,관악구,,삼성동제1투,4156,2734,1246,1456,3,3,8,4,2720,14,1422
서울특별시,관악구,,삼성동제2투,4323,3213,1356,1825,4,5,4,4,3198,15,1110
서울특별시,관악구,,삼성동제3투,4424,3470,1475,1954,4,4,8,1,3446,24,954
서울특별시,관악구,,삼성동제4투,3654,2743,1288,1435,2,1,4,1,2731,12,911
서울특별시,관악구,,삼성동제5투,3889,2919,1181,1708,2,4,6,3,2904,15,970
서울특별시,관악구,,삼성동제6투,3914,3270,1467,1766,2,4,13,3,3255,15,644
서울특별시,관악구,대학동,소계,20474,15184,5414,9618,7,21,47,15,15122,62,5290
서울특별시,관악구,,대학동제1투,5552,3849,1297,2502,2,9,10,5,3825,24,1703
서울특별시,관악구,,대학동제2투,4449,3569,1407,2127,3,3,15,3,3558,11,880
서울특별시,관악구,,대학동제3투,5554,4080,1450,2592,0,6,17,5,4070,10,1474
서울특별시,관악구,,대학동제4투,4919,3686,1260,2397,2,3,5,2,3669,17,1233
서울특별시,관악구,잘못 투입·구분된 투표지,,0,5,1,3,0,0,0,0,4,1,-5
서울특별시,서초구,소계,,352640,270848,158112,110649,68,129,680,147,269785,1063,81792
서울특별시,서초구,재외투표,,6009,4472,2249,2195,1,4,8,2,4459,13,1537
서울특별시,서초구,국내부재자투표,,6920,6466,3663,2672,7,7,17,14,6380,86,454
서울특별시,서초구,소계,,339711,259910,152200,105782,60,118,655,131,258946,964,79801
서울특별시,서초구,서초1동,소계,17366,13223,7765,5366,6,7,25,7,13176,47,4143
서울특별시,서초구,,서초1동제1투,5052,3848,2334,1478,1,3,7,3,3826,22,1204
서울특별시,서초구,,서초1동제2투,4514,3512,2033,1456,1,2,7,3,3502,10,1002
서울특별시,서초구,,서초1동제3투,4127,3123,1926,1178,1,1,7,0,3113,10,1004
서울특별시,서초구,,서초1동제4투,3673,2740,1472,1254,3,1,4,1,2735,5,933
서울특별시,서초구,서초2동,소계,18189,14048,8677,5257,5,5,39,9,13992,56,4141
서울특별시,서초구,,서초2동제1투,3613,2719,1724,963,1,1,14,4,2707,12,894
서울특별시,서초구,,서초2동제2투,3546,2855,1699,1131,2,1,7,1,2841,14,691
서울특별시,서초구,,서초2동제3투,4252,3279,1907,1350,2,0,4,1,3264,15,973
서울특별시,서초구,,서초2동제4투,4070,3026,1926,1083,0,2,7,3,3021,5,1044
서울특별시,서초구,,서초2동제5투,2708,2169,1421,730,0,1,7,0,2159,10,539
서울특별시,서초구,서초3동,소계,25011,19093,11471,7479,8,13,54,10,19035,58,5918
서울특별시,서초구,,서초3동제1투,3833,2862,2013,826,0,3,10,1,2853,9,971
서울특별시,서초구,,서초3동제2투,3683,2865,1632,1215,2,1,9,3,2862,3,818
서울특별시,서초구,,서초3동제3투,3679,2887,1750,1112,2,3,4,2,2873,14,792
서울특별시,서초구,,서초3동제4투,3337,2562,1425,1123,2,2,6,1,2559,3,775
서울특별시,서초구,,서초3동제5투,3519,2598,1461,1122,0,3,4,0,2590,8,921
서울특별시,서초구,,서초3동제6투,3923,2858,1583,1248,1,1,10,3,2846,12,1065
서울특별시,서초구,,서초3동제7투,3037,2461,1607,833,1,0,11,0,2452,9,576
서울특별시,서초구,서초4동,소계,22865,17828,12018,5680,1,5,48,9,17761,67,5037
서울특별시,서초구,,서초4동제1투,4986,3363,2166,1164,0,1,11,3,3345,18,1623
서울특별시,서초구,,서초4동제2투,3970,3230,2160,1048,0,0,10,3,3221,9,740
서울특별시,서초구,,서초4동제3투,3735,2929,2022,889,0,1,8,1,2921,8,806
서울특별시,서초구,,서초4동제4투,3302,2744,1969,753,0,2,10,1,2735,9,558
서울특별시,서초구,,서초4동제5투,3737,2973,1971,983,1,0,4,0,2959,14,764
서울특별시,서초구,,서초4동제6투,3135,2589,1730,843,0,1,5,1,2580,9,546
서울특별시,서초구,잠원동,소계,28194,21265,12974,8145,2,10,55,5,21191,74,6929
서울특별시,서초구,,잠원동제1투,4028,2657,1619,1024,0,1,7,1,2652,5,1371
서울특별시,서초구,,잠원동제2투,3608,2699,1794,889,0,1,7,1,2692,7,909
서울특별시,서초구,,잠원동제3투,3250,2620,1482,1124,0,2,5,0,2613,7,630
서울특별시,서초구,,잠원동제4투,3221,2533,1603,910,0,0,8,1,2522,11,688
서울특별시,서초구,,잠원동제5투,3680,2587,1332,1238,0,0,1,2,2573,14,1093
서울특별시,서초구,,잠원동제6투,3453,2725,1731,973,0,2,10,0,2716,9,728
서울특별시,서초구,,잠원동제7투,3643,2804,1752,1039,0,2,5,0,2798,6,839
서울특별시,서초구,,잠원동제8투,3311,2640,1661,948,2,2,12,0,2625,15,671
서울특별시,서초구,반포본동,소계,9700,7714,5041,2612,2,1,15,4,7675,39,1986
서울특별시,서초구,,반포본동제1투,2869,2000,1102,879,2,0,3,2,1988,12,869
서울특별시,서초구,,반포본동제2투,2314,1937,1408,516,0,0,4,1,1929,8,377
서울특별시,서초구,,반포본동제3투,2682,2251,1579,654,0,1,7,0,2241,10,431
서울특별시,서초구,,반포본동제4투,1835,1526,952,563,0,0,1,1,1517,9,309
서울특별시,서초구,반포1동,소계,26701,18814,11047,7665,2,10,41,3,18768,46,7887
서울특별시,서초구,,반포1동제1투,2970,2422,1566,847,0,0,4,0,2417,5,548
서울특별시,서초구,,반포1동제2투,3742,3056,1989,1045,1,3,10,1,3049,7,686
서울특별시,서초구,,반포1동제3투,3655,2225,1093,1119,0,2,3,1,2218,7,1430
서울특별시,서초구,,반포1동제4투,3827,2213,981,1222,0,0,3,0,2206,7,1614
서울특별시,서초구,,반포1동제5투,3610,2173,984,1179,0,2,3,0,2168,5,1437
서울특별시,서초구,,반포1동제6투,4405,3144,2286,847,0,0,6,1,3140,4,1261
서울특별시,서초구,,반포1동제7투,4492,3581,2148,1406,1,3,12,0,3570,11,911
서울특별시,서초구,반포2동,소계,16518,13281,8940,4230,1,9,48,8,13236,45,3237
서울특별시,서초구,,반포2동제1투,3432,2564,1704,837,0,2,8,1,2552,12,868
서울특별시,서초구,,반포2동제2투,3094,2559,1787,748,0,1,14,2,2552,7,535
서울특별시,서초구,,반포2동제3투,3104,2475,1546,904,1,2,10,3,2466,9,629
서울특별시,서초구,,반포2동제4투,3634,2961,1883,1060,0,2,10,1,2956,5,673
서울특별시,서초구,,반포2동제5투,3254,2722,2020,681,0,2,6,1,2710,12,532
서울특별시,서초구,반포3동,소계,17971,14097,8935,5050,2,4,45,10,14046,51,3874
서울특별시,서초구,,반포3동제1투,4384,3204,2078,1109,0,0,6,4,3197,7,1180
서울특별시,서초구,,반포3동제2투,3660,2935,1797,1111,0,2,11,0,2921,14,725
서울특별시,서초구,,반포3동제3투,3202,2577,1643,913,0,0,8,1,2565,12,625
서울특별시,서초구,,반포3동제4투,3094,2478,1652,806,1,1,7,1,2468,10,616
서울특별시,서초구,,반포3동제5투,3631,2903,1765,1111,1,1,13,4,2895,8,728
서울특별시,서초구,반포4동,소계,15669,12245,7354,4784,2,5,36,10,12191,54,3424
서울특별시,서초구,,반포4동제1투,3392,2548,1506,1011,0,3,12,2,2534,14,844
서울특별시,서초구,,반포4동제2투,3690,2841,1817,1002,2,0,5,3,2829,12,849
서울특별시,서초구,,반포4동제3투,3238,2707,1592,1097,0,2,3,2,2696,11,531
서울특별시,서초구,,반포4동제4투,2259,1854,1060,783,0,0,4,1,1848,6,405
서울특별시,서초구,,반포4동제5투,3090,2295,1379,891,0,0,12,2,2284,11,795
서울특별시,서초구,방배본동,소계,16753,12962,7585,5284,7,2,28,6,12912,50,3791
서울특별시,서초구,,방배본동제1투,4278,3232,1915,1293,3,0,7,2,3220,12,1046
서울특별시,서초구,,방배본동제2투,3902,3089,2150,912,0,0,10,1,3073,16,813
서울특별시,서초구,,방배본동제3투,4559,3518,1992,1506,1,0,7,2,3508,10,1041
서울특별시,서초구,,방배본동제4투,4014,3123,1528,1573,3,2,4,1,3111,12,891
서울특별시,서초구,방배1동,소계,13912,10674,5879,4718,3,5,29,5,10639,35,3238
서울특별시,서초구,,방배1동제1투,3787,2739,1358,1361,0,3,7,1,2730,9,1048
서울특별시,서초구,,방배1동제2투,3913,3039,1542,1474,1,2,7,1,3027,12,874
서울특별시,서초구,,방배1동제3투,2797,2112,1153,950,0,0,1,1,2105,7,685
서울특별시,서초구,,방배1동제4투,3415,2784,1826,933,2,0,14,2,2777,7,631
서울특별시,서초구,방배2동,소계,22310,17176,8537,8500,4,8,39,11,17099,77,5134
서울특별시,서초구,,방배2동제1투,3897,2750,1335,1389,3,2,9,1,2739,11,1147
서울특별시,서초구,,방배2동제2투,3518,2729,1291,1415,0,1,8,2,2717,12,789
서울특별시,서초구,,방배2동제3투,3185,2475,1254,1203,0,3,5,1,2466,9,710
서울특별시,서초구,,방배2동제4투,3228,2416,1221,1171,0,0,6,1,2399,17,812
서울특별시,서초구,,방배2동제5투,1602,1262,650,601,0,1,2,1,1255,7,340
서울특별시,서초구,,방배2동제6투,2983,2316,1010,1290,0,1,3,2,2306,10,667
서울특별시,서초구,,방배2동제7투,2434,2052,1166,874,0,0,5,3,2048,4,382
서울특별시,서초구,,방배2동제8투,1463,1176,610,557,1,0,1,0,1169,7,287
서울특별시,서초구,방배3동,소계,20774,16077,9274,6677,6,6,46,5,16014,63,4697
서울특별시,서초구,,방배3동제1투,4270,3205,2109,1064,2,3,15,0,3193,12,1065
서울특별시,서초구,,방배3동제2투,3486,2824,1721,1078,1,0,11,1,2812,12,662
서울특별시,서초구,,방배3동제3투,3163,2550,1592,943,0,0,5,0,2540,10,613
서울특별시,서초구,,방배3동제4투,2999,2302,1089,1193,0,3,5,1,2291,11,697
서울특별시,서초구,,방배3동제5투,4059,3037,1671,1343,1,0,6,1,3022,15,1022
서울특별시,서초구,,방배3동제6투,2797,2159,1092,1056,2,0,4,2,2156,3,638
서울특별시,서초구,방배4동,소계,20059,15580,8541,6930,3,9,39,6,15528,52,4479
서울특별시,서초구,,방배4동제1투,3574,2633,1352,1263,0,1,5,0,2621,12,941
서울특별시,서초구,,방배4동제2투,5168,4059,2724,1309,0,1,15,1,4050,9,1109
서울특별시,서초구,,방배4동제3투,3341,2512,1194,1303,1,3,2,0,2503,9,829
서울특별시,서초구,,방배4동제4투,3317,2629,1238,1367,2,3,8,4,2622,7,688
서울특별시,서초구,,방배4동제5투,4659,3747,2033,1688,0,1,9,1,3732,15,912
서울특별시,서초구,양재1동,소계,24224,18619,9632,8859,3,11,36,10,18551,68,5605
서울특별시,서초구,,양재1동제1투,3049,2295,1086,1194,0,4,6,0,2290,5,754
서울특별시,서초구,,양재1동제2투,3790,2923,1422,1483,1,1,4,2,2913,10,867
서울특별시,서초구,,양재1동제3투,2978,2191,1217,965,0,0,4,1,2187,4,787
서울특별시,서초구,,양재1동제4투,3004,2432,1321,1101,0,0,4,1,2427,5,572
서울특별시,서초구,,양재1동제5투,2390,1843,1037,794,0,1,3,1,1836,7,547
서울특별시,서초구,,양재1동제6투,2549,1880,980,875,2,1,1,3,1862,18,669
서울특별시,서초구,,양재1동제7투,3252,2448,1495,930,0,2,9,1,2437,11,804
서울특별시,서초구,,양재1동제8투,3212,2607,1074,1517,0,2,5,1,2599,8,605
서울특별시,서초구,양재2동,소계,18667,13689,6341,7251,2,5,22,10,13631,58,4978
서울특별시,서초구,,양재2동제1투,3104,2134,1104,1018,1,0,0,1,2124,10,970
서울특별시,서초구,,양재2동제2투,3485,2626,1202,1394,0,1,7,2,2606,20,859
서울특별시,서초구,,양재2동제3투,4508,3371,1541,1808,0,1,8,2,3360,11,1137
서울특별시,서초구,,양재2동제4투,3899,2940,1322,1603,1,2,3,3,2934,6,959
서울특별시,서초구,,양재2동제5투,3671,2618,1172,1428,0,1,4,2,2607,11,1053
서울특별시,서초구,내곡동,소계,4828,3525,2189,1295,1,3,10,3,3501,24,1303
서울특별시,서초구,,내곡동제1투,1946,1392,867,507,0,2,4,2,1382,10,554
서울특별시,서초구,,내곡동제2투,1285,947,612,321,0,1,2,1,937,10,338
서울특별시,서초구,,내곡동제3투,1597,1186,710,467,1,0,4,0,1182,4,411
서울특별시,서초구,잘못 투입·구분된 투표지,,0,0,0,0,0,0,0,0,0,0,0
서울특별시,강남구,소계,,461592,343220,205563,134880,111,142,829,234,341759,1461,118372
서울특별시,강남구,재외투표,,7254,5367,2859,2463,1,4,11,4,5342,25,1887
서울특별시,강남구,국내부재자투표,,9874,9138,5383,3570,6,8,20,13,9000,138,736
서울특별시,강남구,소계,,444464,328697,197311,128840,104,130,798,217,327400,1297,115767
서울특별시,강남구,신사동,소계,16206,11965,7929,3962,1,4,20,3,11919,46,4241
서울특별시,강남구,,신사동제1투,3576,2439,1549,884,0,1,3,0,2437,2,1137
서울특별시,강남구,,신사동제2투,2870,2003,994,999,0,0,2,0,1995,8,867
서울특별시,강남구,,신사동제3투,3084,2224,1084,1121,1,0,5,2,2213,11,860
서울특별시,강남구,,신사동제4투,3569,2837,2368,448,0,3,5,0,2824,13,732
서울특별시,강남구,,신사동제5투,3107,2462,1934,510,0,0,5,1,2450,12,645
서울특별시,강남구,논현1동,소계,23151,14281,7279,6893,4,6,34,8,14224,57,8870
서울특별시,강남구,,논현1동제1투,4907,2667,1246,1407,1,1,3,2,2660,7,2240
서울특별시,강남구,,논현1동제2투,4309,2762,1546,1192,0,1,9,1,2749,13,1547
서울특별시,강남구,,논현1동제3투,5078,3421,1908,1484,0,3,10,2,3407,14,1657
서울특별시,강남구,,논현1동제4투,4749,2835,1359,1456,1,1,5,1,2823,12,1914
서울특별시,강남구,,논현1동제5투,4108,2596,1220,1354,2,0,7,2,2585,11,1512
서울특별시,강남구,논현2동,소계,18998,12914,7482,5348,5,4,24,3,12866,48,6084
서울특별시,강남구,,논현2동제1투,4826,3048,1884,1143,1,0,6,1,3035,13,1778
서울특별시,강남구,,논현2동제2투,3505,2613,1575,1026,3,0,7,0,2611,2,892
서울특별시,강남구,,논현2동제3투,2683,1830,976,846,0,1,2,0,1825,5,853
서울특별시,강남구,,논현2동제4투,4015,2848,1721,1099,0,1,5,1,2827,21,1167
서울특별시,강남구,,논현2동제5투,3969,2575,1326,1234,1,2,4,1,2568,7,1394
서울특별시,강남구,압구정동,소계,23096,17292,13185,3983,4,8,42,2,17224,68,5804
서울특별시,강남구,,압구정동제1투,4127,2947,2464,467,0,0,5,0,2936,11,1180
서울특별시,강남구,,압구정동제2투,2820,2196,1702,482,0,0,4,0,2188,8,624
서울특별시,강남구,,압구정동제3투,3440,2749,2244,479,1,1,13,0,2738,11,691
서울특별시,강남구,,압구정동제4투,3133,2257,1457,784,1,0,3,1,2246,11,876
서울특별시,강남구,,압구정동제5투,3999,3065,2321,722,0,2,10,0,3055,10,934
서울특별시,강남구,,압구정동제6투,3736,2829,2148,657,1,3,6,1,2816,13,907
서울특별시,강남구,,압구정동제7투,1841,1249,849,392,1,2,1,0,1245,4,592
서울특별시,강남구,청담동,소계,25128,18283,12091,6088,8,6,26,9,18228,55,6845
서울특별시,강남구,,청담동제1투,4649,3054,2020,1017,1,0,3,0,3041,13,1595
서울특별시,강남구,,청담동제2투,3398,2515,1824,678,0,1,3,1,2507,8,883
서울특별시,강남구,,청담동제3투,3141,2368,1674,683,1,0,3,0,2361,7,773
서울특별시,강남구,,청담동제4투,3818,3011,2133,860,0,3,6,4,3006,5,807
서울특별시,강남구,,청담동제5투,3718,2779,1660,1103,2,0,4,2,2771,8,939
서울특별시,강남구,,청담동제6투,3937,2893,1707,1169,3,1,5,2,2887,6,1044
서울특별시,강남구,,청담동제7투,2467,1663,1073,578,1,1,2,0,1655,8,804
서울특별시,강남구,삼성1동,소계,12354,9268,6060,3155,2,0,21,8,9246,22,3086
서울특별시,강남구,,삼성1동제1투,3885,2813,1796,998,1,0,6,2,2803,10,1072
서울특별시,강남구,,삼성1동제2투,4272,3311,2323,974,0,0,5,5,3307,4,961
서울특별시,강남구,,삼성1동제3투,4197,3144,1941,1183,1,0,10,1,3136,8,1053
서울특별시,강남구,삼성2동,소계,25222,18239,10918,7206,4,12,34,10,18184,55,6983
서울특별시,강남구,,삼성2동제1투,5139,3174,1617,1535,1,1,5,2,3161,13,1965
서울특별시,강남구,,삼성2동제2투,5183,4176,2680,1459,1,2,8,5,4155,21,1007
서울특별시,강남구,,삼성2동제3투,5737,4154,2496,1638,1,2,8,1,4146,8,1583
서울특별시,강남구,,삼성2동제4투,3969,2696,1468,1214,1,2,3,2,2690,6,1273
서울특별시,강남구,,삼성2동제5투,5194,4039,2657,1360,0,5,10,0,4032,7,1155
서울특별시,강남구,대치1동,소계,14029,11413,8285,3031,1,3,43,8,11371,42,2616
서울특별시,강남구,,대치1동제1투,2228,1835,1283,541,0,1,6,1,1832,3,393
서울특별시,강남구,,대치1동제2투,3546,2874,1869,980,0,1,16,2,2868,6,672
서울특별시,강남구,,대치1동제3투,2720,2299,1743,531,0,1,10,1,2286,13,421
서울특별시,강남구,,대치1동제4투,2950,2453,1866,560,1,0,7,4,2438,15,497
서울특별시,강남구,,대치1동제5투,2585,1952,1524,419,0,0,4,0,1947,5,633
서울특별시,강남구,대치2동,소계,32001,25538,16695,8650,4,8,89,19,25465,73,6463
서울특별시,강남구,,대치2동제1투,4808,3906,2468,1411,1,2,13,3,3898,8,902
서울특별시,강남구,,대치2동제2투,3683,3013,1890,1100,0,3,15,1,3009,4,670
서울특별시,강남구,,대치2동제3투,3975,3233,2024,1190,0,0,9,2,3225,8,742
서울특별시,강남구,,대치2동제4투,3335,2787,2145,622,0,1,6,2,2776,11,548
서울특별시,강남구,,대치2동제5투,3333,2811,2140,648,0,1,14,1,2804,7,522
서울특별시,강남구,,대치2동제6투,4144,3488,2522,943,0,0,11,2,3478,10,656
서울특별시,강남구,,대치2동제7투,4979,3575,2112,1431,2,0,14,2,3561,14,1404
서울특별시,강남구,,대치2동제8투,3744,2725,1394,1305,1,1,7,6,2714,11,1019
서울특별시,강남구,대치4동,소계,17729,11902,6152,5650,3,7,35,10,11857,45,5827
서울특별시,강남구,,대치4동제1투,4707,3126,1535,1562,1,2,10,3,3113,13,1581
서울특별시,강남구,,대치4동제2투,4814,3506,1776,1693,2,3,13,3,3490,16,1308
서울특별시,강남구,,대치4동제3투,3877,2564,1470,1076,0,1,6,2,2555,9,1313
서울특별시,강남구,,대치4동제4투,4331,2706,1371,1319,0,1,6,2,2699,7,1625
서울특별시,강남구,역삼1동,소계,30930,18818,9360,9328,4,10,40,8,18750,68,12112
서울특별시,강남구,,역삼1동제1투,4112,2300,1152,1124,1,2,6,2,2287,13,1812
서울특별시,강남구,,역삼1동제2투,3838,2403,1155,1234,0,2,4,0,2395,8,1435
서울특별시,강남구,,역삼1동제3투,4047,2471,1210,1252,1,1,2,3,2469,2,1576
서울특별시,강남구,,역삼1동제4투,4460,2656,1320,1314,0,2,3,0,2639,17,1804
서울특별시,강남구,,역삼1동제5투,5262,2792,1366,1402,0,2,13,1,2784,8,2470
서울특별시,강남구,,역삼1동제6투,4352,2902,1449,1434,2,1,5,0,2891,11,1450
서울특별시,강남구,,역삼1동제7투,4859,3294,1708,1568,0,0,7,2,3285,9,1565
서울특별시,강남구,역삼2동,소계,26502,19160,11331,7693,3,4,49,10,19090,70,7342
서울특별시,강남구,,역삼2동제1투,5143,3639,2250,1355,0,1,10,3,3619,20,1504
서울특별시,강남구,,역삼2동제2투,3542,2684,1778,891,0,0,10,0,2679,5,858
서울특별시,강남구,,역삼2동제3투,4602,2936,1536,1374,0,0,12,2,2924,12,1666
서울특별시,강남구,,역삼2동제4투,4541,3133,1544,1572,2,0,2,1,3121,12,1408
서울특별시,강남구,,역삼2동제5투,4194,3194,1820,1354,1,3,3,1,3182,12,1000
서울특별시,강남구,,역삼2동제6투,4480,3574,2403,1147,0,0,12,3,3565,9,906
서울특별시,강남구,도곡1동,소계,17824,14178,8695,5384,4,5,33,6,14127,51,3646
서울특별시,강남구,,도곡1동제1투,4352,3417,2256,1135,1,1,10,2,3405,12,935
서울특별시,강남구,,도곡1동제2투,4045,3260,2100,1141,0,1,7,2,3251,9,785
서울특별시,강남구,,도곡1동제3투,5008,4117,2571,1515,1,3,10,1,4101,16,891
서울특별시,강남구,,도곡1동제4투,4419,3384,1768,1593,2,0,6,1,3370,14,1035
서울특별시,강남구,도곡2동,소계,25734,20484,15129,5202,6,9,56,15,20417,67,5250
서울특별시,강남구,,도곡2동제1투,2832,2061,1180,867,1,1,7,2,2058,3,771
서울특별시,강남구,,도곡2동제2투,3745,2988,2119,841,1,4,13,2,2980,8,757
서울특별시,강남구,,도곡2동제3투,3134,2500,2076,407,0,0,5,2,2490,10,634
서울특별시,강남구,,도곡2동제4투,4219,3341,2871,446,3,0,8,1,3329,12,878
서울특별시,강남구,,도곡2동제5투,4283,3401,2551,827,0,1,7,2,3388,13,882
서울특별시,강남구,,도곡2동제6투,4304,3569,2586,960,0,1,9,2,3558,11,735
서울특별시,강남구,,도곡2동제7투,3217,2624,1746,854,1,2,7,4,2614,10,593
서울특별시,강남구,개포1동,소계,18490,14389,8630,5627,5,6,36,7,14311,78,4101
서울특별시,강남구,,개포1동제1투,3900,2946,1784,1146,1,1,7,2,2941,5,954
서울특별시,강남구,,개포1동제2투,4151,3447,2509,906,1,2,10,0,3428,19,704
서울특별시,강남구,,개포1동제3투,4339,3330,1873,1433,2,2,5,2,3317,13,1009
서울특별시,강남구,,개포1동제4투,4136,3181,1705,1441,0,1,14,1,3162,19,955
서울특별시,강남구,,개포1동제5투,1964,1485,759,701,1,0,0,2,1463,22,479
서울특별시,강남구,개포2동,소계,26212,20674,11078,9445,3,8,50,16,20600,74,5538
서울특별시,강남구,,개포2동제1투,4044,3132,1629,1478,0,2,10,4,3123,9,912
서울특별시,강남구,,개포2동제2투,4120,3061,1630,1406,1,1,9,3,3050,11,1059
서울특별시,강남구,,개포2동제3투,3016,2389,1404,969,0,1,4,0,2378,11,627
서울특별시,강남구,,개포2동제4투,2982,2327,1454,857,0,1,6,0,2318,9,655
서울특별시,강남구,,개포2동제5투,3650,2841,1751,1063,2,1,10,4,2831,10,809
서울특별시,강남구,,개포2동제6투,4254,3548,2079,1445,0,2,5,1,3532,16,706
서울특별시,강남구,,개포2동제7투,4146,3376,1131,2227,0,0,6,4,3368,8,770
서울특별시,강남구,개포4동,소계,18591,13573,7000,6477,5,11,22,11,13526,47,5018
서울특별시,강남구,,개포4동제1투,4882,3392,1598,1765,2,1,8,4,3378,14,1490
서울특별시,강남구,,개포4동제2투,4499,3434,2140,1275,0,4,4,3,3426,8,1065
서울특별시,강남구,,개포4동제3투,4373,3276,1661,1593,2,5,4,1,3266,10,1097
서울특별시,강남구,,개포4동제4투,4837,3471,1601,1844,1,1,6,3,3456,15,1366
서울특별시,강남구,일원본동,소계,17068,13958,7973,5841,5,5,53,12,13889,69,3110
서울특별시,강남구,,일원본동제1투,3238,2714,1715,975,0,0,8,4,2702,12,524
서울특별시,강남구,,일원본동제2투,4170,3503,1935,1537,0,2,17,2,3493,10,667
서울특별시,강남구,,일원본동제3투,5010,4102,2562,1510,3,2,13,1,4091,11,908
서울특별시,강남구,,일원본동제4투,4650,3639,1761,1819,2,1,15,5,3603,36,1011
서울특별시,강남구,일원1동,소계,15170,11486,5796,5557,10,2,24,11,11400,86,3684
서울특별시,강남구,,일원1동제1투,3523,2604,1241,1324,2,0,8,3,2578,26,919
서울특별시,강남구,,일원1동제2투,3013,2361,1179,1162,1,2,3,2,2349,12,652
서울특별시,강남구,,일원1동제3투,2855,2156,1055,1083,3,0,4,1,2146,10,699
서울특별시,강남구,,일원1동제4투,2906,2230,1207,997,2,0,4,2,2212,18,676
서울특별시,강남구,,일원1동제5투,2873,2135,1114,991,2,0,5,3,2115,20,738
서울특별시,강남구,일원2동,소계,15010,11911,6306,5487,10,2,35,9,11849,62,3099
서울특별시,강남구,,일원2동제1투,3139,2288,1114,1137,6,2,5,3,2267,21,851
서울특별시,강남구,,일원2동제2투,3305,2640,1220,1400,2,0,6,1,2629,11,665
서울특별시,강남구,,일원2동제3투,2805,2267,1255,999,1,0,5,0,2260,7,538
서울특별시,강남구,,일원2동제4투,2829,2257,1287,954,0,0,6,2,2249,8,572
서울특별시,강남구,,일원2동제5투,2932,2459,1430,997,1,0,13,3,2444,15,473
서울특별시,강남구,수서동,소계,14581,10913,5668,5118,8,5,19,23,10841,72,3668
서울특별시,강남구,,수서동제1투,3485,2682,1621,1048,0,1,3,2,2675,7,803
서울특별시,강남구,,수서동제2투,2320,1704,798,876,0,0,5,4,1683,21,616
서울특별시,강남구,,수서동제3투,2751,1932,961,936,3,1,2,10,1913,19,819
서울특별시,강남구,,수서동제4투,2572,1877,939,912,2,3,2,5,1863,14,695
서울특별시,강남구,,수서동제5투,3453,2718,1349,1346,3,0,7,2,2707,11,735
서울특별시,강남구,세곡동,소계,10438,8058,4269,3715,5,5,13,9,8016,42,2380
서울특별시,강남구,,세곡동제1투,3255,2333,1494,816,2,0,1,2,2315,18,922
서울특별시,강남구,,세곡동제2투,4978,3964,1922,2008,2,3,6,5,3946,18,1014
서울특별시,강남구,,세곡동제3투,2205,1761,853,891,1,2,6,2,1755,6,444
서울특별시,강남구,잘못 투입·구분된 투표지,,0,18,10,7,0,0,0,0,17,1,-18
서울특별시,송파구,소계,,545369,419631,217650,198590,194,177,897,304,417812,1819,125738
서울특별시,송파구,재외투표,,6140,4518,2130,2352,1,6,4,4,4497,21,1622
서울특별시,송파구,국내부재자투표,,11772,10993,5841,4885,11,14,29,22,10802,191,779
서울특별시,송파구,소계,,527457,404081,209658,191335,182,157,864,278,402474,1607,123376
서울특별시,송파구,풍납1동,소계,15614,11631,5532,6001,3,7,19,10,11572,59,3983
서울특별시,송파구,,풍납1동제1투,4133,2869,1372,1466,2,3,4,3,2850,19,1264
서울특별시,송파구,,풍납1동제2투,3933,3014,1398,1597,0,1,4,3,3003,11,919
서울특별시,송파구,,풍납1동제3투,3915,2910,1363,1517,1,3,7,3,2894,16,1005
서울특별시,송파구,,풍납1동제4투,3633,2838,1399,1421,0,0,4,1,2825,13,795
서울특별시,송파구,풍납2동,소계,22509,17610,8353,9105,13,9,45,12,17537,73,4899
서울특별시,송파구,,풍납2동제1투,3706,2874,1347,1504,2,0,10,0,2863,11,832
서울특별시,송파구,,풍납2동제2투,4266,3334,1508,1800,2,2,4,3,3319,15,932
서울특별시,송파구,,풍납2동제3투,3643,2884,1411,1442,2,1,14,1,2871,13,759
서울특별시,송파구,,풍납2동제4투,4075,3134,1370,1743,1,1,5,2,3122,12,941
서울특별시,송파구,,풍납2동제5투,3482,2684,1390,1269,5,2,5,2,2673,11,798
서울특별시,송파구,,풍납2동제6투,3337,2700,1327,1347,1,3,7,4,2689,11,637
서울특별시,송파구,거여1동,소계,12247,9322,4773,4462,4,5,19,11,9274,48,2925
서울특별시,송파구,,거여1동제1투,3894,2877,1355,1496,0,1,7,3,2862,15,1017
서울특별시,송파구,,거여1동제2투,3888,2893,1384,1477,2,2,5,5,2875,18,995
서울특별시,송파구,,거여1동제3투,4465,3552,2034,1489,2,2,7,3,3537,15,913
서울특별시,송파구,거여2동,소계,21824,16257,7899,8168,12,9,34,20,16142,115,5567
서울특별시,송파구,,거여2동제1투,3268,2269,1121,1130,0,0,4,3,2258,11,999
서울특별시,송파구,,거여2동제2투,3295,2273,1158,1090,2,0,6,4,2260,13,1022
서울특별시,송파구,,거여2동제3투,3552,2657,1428,1218,1,0,0,2,2649,8,895
서울특별시,송파구,,거여2동제4투,3401,2520,1239,1191,7,4,10,7,2458,62,881
서울특별시,송파구,,거여2동제5투,3749,2897,1216,1657,0,5,8,3,2889,8,852
서울특별시,송파구,,거여2동제6투,4559,3641,1737,1882,2,0,6,1,3628,13,918
서울특별시,송파구,마천1동,소계,19036,13774,6526,7124,7,9,29,15,13710,64,5262
서울특별시,송파구,,마천1동제1투,3673,2527,1201,1302,3,2,4,3,2515,12,1146
서울특별시,송파구,,마천1동제2투,3751,2712,1291,1396,1,1,6,1,2696,16,1039
서울특별시,송파구,,마천1동제3투,3996,2837,1399,1414,0,2,4,7,2826,11,1159
서울특별시,송파구,,마천1동제4투,3463,2396,1141,1230,0,1,4,3,2379,17,1067
서울특별시,송파구,,마천1동제5투,4153,3302,1494,1782,3,3,11,1,3294,8,851
서울특별시,송파구,마천2동,소계,17844,12758,6101,6536,9,5,23,13,12687,71,5086
서울특별시,송파구,,마천2동제1투,4556,3048,1497,1512,2,0,5,1,3017,31,1508
서울특별시,송파구,,마천2동제2투,4523,3287,1589,1663,2,2,11,2,3269,18,1236
서울특별시,송파구,,마천2동제3투,4529,3321,1478,1821,1,1,2,7,3310,11,1208
서울특별시,송파구,,마천2동제4투,4236,3102,1537,1540,4,2,5,3,3091,11,1134
서울특별시,송파구,방이1동,소계,13092,10295,5412,4811,7,3,19,0,10252,43,2797
서울특별시,송파구,,방이1동제1투,4295,3363,1858,1477,2,1,10,0,3348,15,932
서울특별시,송파구,,방이1동제2투,4544,3419,1538,1851,3,2,4,0,3398,21,1125
서울특별시,송파구,,방이1동제3투,4253,3513,2016,1483,2,0,5,0,3506,7,740
서울특별시,송파구,방이2동,소계,21304,15514,7022,8366,9,8,32,14,15451,63,5790
서울특별시,송파구,,방이2동제1투,4647,3251,1501,1720,2,1,11,4,3239,12,1396
서울특별시,송파구,,방이2동제2투,4219,3110,1365,1717,1,2,8,4,3097,13,1109
서울특별시,송파구,,방이2동제3투,4203,2906,1276,1606,2,1,6,4,2895,11,1297
서울특별시,송파구,,방이2동제4투,4149,3190,1503,1662,1,2,5,0,3173,17,959
서울특별시,송파구,,방이2동제5투,4086,3057,1377,1661,3,2,2,2,3047,10,1029
서울특별시,송파구,오륜동,소계,14880,12333,8183,4042,4,6,39,5,12279,54,2547
서울특별시,송파구,,오륜동제1투,3037,2563,1733,803,2,1,11,1,2551,12,474
서울특별시,송파구,,오륜동제2투,4011,3353,2241,1085,0,3,10,2,3341,12,658
서울특별시,송파구,,오륜동제3투,3737,3113,2007,1079,2,0,8,1,3097,16,624
서울특별시,송파구,,오륜동제4투,4095,3304,2202,1075,0,2,10,1,3290,14,791
서울특별시,송파구,오금동,소계,30405,23233,12274,10782,18,8,57,10,23149,84,7172
서울특별시,송파구,,오금동제1투,4927,3737,2491,1227,1,1,7,1,3728,9,1190
서울특별시,송파구,,오금동제2투,4635,3632,2031,1570,1,2,11,0,3615,17,1003
서울특별시,송파구,,오금동제3투,4500,3325,1671,1621,6,3,11,1,3313,12,1175
서울특별시,송파구,,오금동제4투,3920,2905,1410,1467,7,1,7,2,2894,11,1015
서울특별시,송파구,,오금동제5투,4599,3498,1667,1807,1,0,5,2,3482,16,1101
서울특별시,송파구,,오금동제6투,3598,2942,1548,1374,1,0,14,1,2938,4,656
서울특별시,송파구,,오금동제7투,4226,3194,1456,1716,1,1,2,3,3179,15,1032
서울특별시,송파구,송파1동,소계,22138,16646,7584,8952,11,5,25,10,16587,59,5492
서울특별시,송파구,,송파1동제1투,4275,3002,1309,1669,2,1,4,2,2987,15,1273
서울특별시,송파구,,송파1동제2투,3202,2481,1224,1243,1,1,4,1,2474,7,721
서울특별시,송파구,,송파1동제3투,3049,2265,956,1295,0,1,3,3,2258,7,784
서울특별시,송파구,,송파1동제4투,3390,2573,1088,1468,3,0,6,1,2566,7,817
서울특별시,송파구,,송파1동제5투,3762,2906,1234,1649,3,1,2,3,2892,14,856
서울특별시,송파구,,송파1동제6투,4460,3419,1773,1628,2,1,6,0,3410,9,1041
서울특별시,송파구,송파2동,소계,17473,14095,7733,6256,5,9,36,12,14051,44,3378
서울특별시,송파구,,송파2동제1투,4432,3510,1928,1554,2,1,10,3,3498,12,922
서울특별시,송파구,,송파2동제2투,4140,3230,1507,1694,2,2,8,3,3216,14,910
서울특별시,송파구,,송파2동제3투,4483,3682,2073,1583,1,3,9,1,3670,12,801
서울특별시,송파구,,송파2동제4투,4418,3673,2225,1425,0,3,9,5,3667,6,745
서울특별시,송파구,석촌동,소계,28673,20481,8841,11506,5,8,24,15,20399,82,8192
서울특별시,송파구,,석촌동제1투,3783,2707,1132,1555,0,0,1,3,2691,16,1076
서울특별시,송파구,,석촌동제2투,3376,2576,1105,1455,0,1,3,0,2564,12,800
서울특별시,송파구,,석촌동제3투,3233,2377,957,1408,1,0,5,1,2372,5,856
서울특별시,송파구,,석촌동제4투,4558,3225,1388,1817,0,2,4,4,3215,10,1333
서울특별시,송파구,,석촌동제5투,4182,2994,1339,1635,3,1,3,2,2983,11,1188
서울특별시,송파구,,석촌동제6투,5257,3583,1632,1926,0,1,5,1,3565,18,1674
서울특별시,송파구,,석촌동제7투,4284,3019,1288,1710,1,3,3,4,3009,10,1265
서울특별시,송파구,삼전동,소계,28307,20390,8862,11409,6,7,31,13,20328,62,7917
서울특별시,송파구,,삼전동제1투,3704,2419,1053,1355,1,1,3,2,2415,4,1285
서울특별시,송파구,,삼전동제2투,3448,2457,1079,1355,3,0,6,2,2445,12,991
서울특별시,송파구,,삼전동제3투,3467,2571,1123,1433,0,1,6,3,2566,5,896
서울특별시,송파구,,삼전동제4투,3498,2537,1123,1403,1,2,3,0,2532,5,961
서울특별시,송파구,,삼전동제5투,3658,2705,1149,1540,0,2,2,2,2695,10,953
서울특별시,송파구,,삼전동제6투,3503,2505,1098,1391,1,0,4,1,2495,10,998
서울특별시,송파구,,삼전동제7투,3696,2693,1193,1487,0,1,2,3,2686,7,1003
서울특별시,송파구,,삼전동제8투,3333,2503,1044,1445,0,0,5,0,2494,9,830
서울특별시,송파구,가락본동,소계,23313,17730,8962,8643,6,6,37,7,17661,69,5583
서울특별시,송파구,,가락본동제1투,3623,2389,1271,1108,1,0,3,0,2383,6,1234
서울특별시,송파구,,가락본동제2투,4355,3433,1677,1729,0,2,10,4,3422,11,922
서울특별시,송파구,,가락본동제3투,4762,3516,1742,1751,0,3,9,2,3507,9,1246
서울특별시,송파구,,가락본동제4투,4174,3410,1732,1651,2,0,7,0,3392,18,764
서울특별시,송파구,,가락본동제5투,3742,2846,1338,1489,1,1,2,0,2831,15,896
서울특별시,송파구,,가락본동제6투,2657,2136,1202,915,2,0,6,1,2126,10,521
서울특별시,송파구,가락1동,소계,7483,5252,2600,2609,5,2,12,4,5232,20,2231
서울특별시,송파구,,가락1동제1투,1963,1273,629,637,0,1,3,2,1272,1,690
서울특별시,송파구,,가락1동제2투,1611,1104,567,529,2,0,2,1,1101,3,507
서울특별시,송파구,,가락1동제3투,2120,1574,766,792,1,1,5,1,1566,8,546
서울특별시,송파구,,가락1동제4투,1789,1301,638,651,2,0,2,0,1293,8,488
서울특별시,송파구,가락2동,소계,27014,21600,11132,10295,6,6,53,13,21505,95,5414
서울특별시,송파구,,가락2동제1투,4164,3092,1394,1677,0,0,3,2,3076,16,1072
서울특별시,송파구,,가락2동제2투,3815,2999,1367,1600,1,2,12,4,2986,13,816
서울특별시,송파구,,가락2동제3투,4154,3523,1736,1767,1,0,7,0,3511,12,631
서울특별시,송파구,,가락2동제4투,3957,3213,1738,1454,3,0,4,4,3203,10,744
서울특별시,송파구,,가락2동제5투,3978,3199,1866,1296,0,2,14,2,3180,19,779
서울특별시,송파구,,가락2동제6투,3382,2731,1518,1191,1,1,7,1,2719,12,651
서울특별시,송파구,,가락2동제7투,3564,2843,1513,1310,0,1,6,0,2830,13,721
서울특별시,송파구,문정1동,소계,17859,13851,7357,6395,6,5,27,11,13801,50,4008
서울특별시,송파구,,문정1동제1투,4788,3401,1565,1808,2,2,3,2,3382,19,1387
서울특별시,송파구,,문정1동제2투,3807,3075,1560,1484,2,0,8,7,3061,14,732
서울특별시,송파구,,문정1동제3투,4355,3305,1537,1747,2,1,8,2,3297,8,1050
서울특별시,송파구,,문정1동제4투,4909,4070,2695,1356,0,2,8,0,4061,9,839
서울특별시,송파구,문정2동,소계,12861,10491,7099,3297,3,4,28,10,10441,50,2370
서울특별시,송파구,,문정2동제1투,2821,2257,1436,805,1,0,4,3,2249,8,564
서울특별시,송파구,,문정2동제2투,3305,2759,1784,944,1,1,10,3,2743,16,546
서울특별시,송파구,,문정2동제3투,3427,2796,1905,866,1,2,6,2,2782,14,631
서울특별시,송파구,,문정2동제4투,3308,2679,1974,682,0,1,8,2,2667,12,629
서울특별시,송파구,장지동,소계,28335,21913,10014,11717,13,6,50,16,21816,97,6422
서울특별시,송파구,,장지동제1투,4528,3369,1581,1760,3,4,6,3,3357,12,1159
서울특별시,송파구,,장지동제2투,3296,2564,1298,1247,0,0,4,2,2551,13,732
서울특별시,송파구,,장지동제3투,3874,2972,1380,1568,1,0,2,5,2956,16,902
서울특별시,송파구,,장지동제4투,3940,2960,1277,1654,2,2,11,1,2947,13,980
서울특별시,송파구,,장지동제5투,4695,3657,1592,2039,2,0,6,0,3639,18,1038
서울특별시,송파구,,장지동제6투,4175,3317,1501,1790,2,0,10,3,3306,11,858
서울특별시,송파구,,장지동제7투,3827,3074,1385,1659,3,0,11,2,3060,14,753
서울특별시,송파구,잠실본동,소계,25017,17791,8165,9527,9,2,29,13,17745,46,7226
서울특별시,송파구,,잠실본동제1투,4097,2983,1299,1669,1,0,2,2,2973,10,1114
서울특별시,송파구,,잠실본동제2투,3576,2461,1180,1264,1,0,6,2,2453,8,1115
서울특별시,송파구,,잠실본동제3투,3813,2714,1229,1470,1,2,4,2,2708,6,1099
서울특별시,송파구,,잠실본동제4투,4958,3251,1504,1732,2,0,6,2,3246,5,1707
서울특별시,송파구,,잠실본동제5투,4140,3169,1506,1645,0,0,8,3,3162,7,971
서울특별시,송파구,,잠실본동제6투,4433,3213,1447,1747,4,0,3,2,3203,10,1220
서울특별시,송파구,잠실2동,소계,25896,20700,11678,8907,2,5,53,9,20654,46,5196
서울특별시,송파구,,잠실2동제1투,3406,2395,1349,1027,0,0,7,1,2384,11,1011
서울특별시,송파구,,잠실2동제2투,4123,3392,1896,1481,1,0,6,1,3385,7,731
서울특별시,송파구,,잠실2동제3투,3803,3091,1670,1398,0,5,10,2,3085,6,712
서울특별시,송파구,,잠실2동제4투,3726,3002,1857,1134,0,0,5,1,2997,5,724
서울특별시,송파구,,잠실2동제5투,3870,3129,1792,1323,0,0,7,2,3124,5,741
서울특별시,송파구,,잠실2동제6투,3185,2633,1504,1109,1,0,13,0,2627,6,552
서울특별시,송파구,,잠실2동제7투,3783,3058,1610,1435,0,0,5,2,3052,6,725
서울특별시,송파구,잠실3동,소계,28621,23243,14676,8412,10,7,53,16,23174,69,5378
서울특별시,송파구,,잠실3동제1투,3204,2702,1736,940,1,1,5,3,2686,16,502
서울특별시,송파구,,잠실3동제2투,4378,3316,2106,1188,0,1,7,5,3307,9,1062
서울특별시,송파구,,잠실3동제3투,3165,2656,1616,1023,1,0,9,0,2649,7,509
서울특별시,송파구,,잠실3동제4투,2159,1709,1290,414,0,0,2,1,1707,2,450
서울특별시,송파구,,잠실3동제5투,3855,3165,1986,1159,1,2,9,1,3158,7,690
서울특별시,송파구,,잠실3동제6투,2895,2397,1559,815,2,0,9,3,2388,9,498
서울특별시,송파구,,잠실3동제7투,4367,3529,2151,1360,3,1,5,1,3521,8,838
서울특별시,송파구,,잠실3동제8투,4598,3769,2232,1513,2,2,7,2,3758,11,829
서울특별시,송파구,잠실4동,소계,23876,19600,11434,8028,4,6,46,10,19528,72,4276
서울특별시,송파구,,잠실4동제1투,3602,2770,1601,1149,1,0,8,2,2761,9,832
서울특별시,송파구,,잠실4동제2투,4443,3678,2106,1549,1,1,5,2,3664,14,765
서울특별시,송파구,,잠실4동제3투,4492,3757,2192,1542,2,1,7,0,3744,13,735
서울특별시,송파구,,잠실4동제4투,4491,3700,2049,1625,0,1,11,0,3686,14,791
서울특별시,송파구,,잠실4동제5투,2978,2450,1368,1061,0,1,9,4,2443,7,528
서울특별시,송파구,,잠실4동제6투,3870,3245,2118,1102,0,2,6,2,3230,15,625
서울특별시,송파구,잠실6동,소계,13484,10736,6637,4009,2,5,28,4,10685,51,2748
서울특별시,송파구,,잠실6동제1투,4351,3344,2017,1299,1,0,9,2,3328,16,1007
서울특별시,송파구,,잠실6동제2투,4685,3772,2380,1358,1,1,10,1,3751,21,913
서울특별시,송파구,,잠실6동제3투,4448,3620,2240,1352,0,4,9,1,3606,14,828
서울특별시,송파구,잠실7동,소계,8352,6835,4809,1976,3,5,16,5,6814,21,1517
서울특별시,송파구,,잠실7동제1투,4391,3536,2685,825,1,2,8,4,3525,11,855
서울특별시,송파구,,잠실7동제2투,3961,3299,2124,1151,2,3,8,1,3289,10,662
서울특별시,송파구,잘못 투입·구분된 투표지,,0,39,21,18,0,0,0,0,39,0,-39
서울특별시,강동구,소계,,397018,300362,150764,147131,165,141,577,226,299004,1358,96656
서울특별시,강동구,재외투표,,3228,2388,1032,1338,2,2,7,2,2383,5,840
서울특별시,강동구,국내부재자투표,,8784,8228,4093,3909,13,9,25,23,8072,156,556
서울특별시,강동구,소계,,385006,289723,145629,141871,150,130,545,201,288526,1197,95283
서울특별시,강동구,강일동,소계,24607,19449,8898,10423,14,6,28,8,19377,72,5158
서울특별시,강동구,,강일동제1투,4065,3079,1443,1616,3,0,5,1,3068,11,986
서울특별시,강동구,,강일동제2투,3907,3071,1431,1629,1,2,3,1,3067,4,836
서울특별시,강동구,,강일동제3투,3663,2934,1399,1518,3,1,5,0,2926,8,729
서울특별시,강동구,,강일동제4투,4061,3250,1458,1772,2,0,5,1,3238,12,811
서울특별시,강동구,,강일동제5투,3180,2544,1096,1422,1,2,1,3,2525,19,636
서울특별시,강동구,,강일동제6투,5731,4571,2071,2466,4,1,9,2,4553,18,1160
서울특별시,강동구,상일동,소계,21575,16836,8900,7819,5,8,34,17,16783,53,4739
서울특별시,강동구,,상일동제1투,3602,2725,1404,1301,2,3,5,2,2717,8,877
서울특별시,강동구,,상일동제2투,3894,3108,1482,1607,1,0,7,3,3100,8,786
서울특별시,강동구,,상일동제3투,3637,2857,1427,1413,1,1,6,3,2851,6,780
서울특별시,강동구,,상일동제4투,3543,2923,1604,1299,1,1,8,1,2914,9,620
서울특별시,강동구,,상일동제5투,3221,2369,1312,1036,0,2,4,4,2358,11,852
서울특별시,강동구,,상일동제6투,3678,2854,1671,1163,0,1,4,4,2843,11,824
서울특별시,강동구,명일제1동,소계,21667,17145,9162,7850,7,6,40,11,17076,69,4522
서울특별시,강동구,,명일제1동제1투,4434,3265,1807,1421,3,1,8,2,3242,23,1169
서울특별시,강동구,,명일제1동제2투,4552,3707,2056,1629,2,1,6,2,3696,11,845
서울특별시,강동구,,명일제1동제3투,4090,3375,1873,1478,0,2,11,3,3367,8,715
서울특별시,강동구,,명일제1동제4투,4717,3788,1963,1803,1,1,5,3,3776,12,929
서울특별시,강동구,,명일제1동제5투,3874,3010,1463,1519,1,1,10,1,2995,15,864
서울특별시,강동구,명일제2동,소계,14464,11842,6994,4762,8,7,26,9,11806,36,2622
서울특별시,강동구,,명일제2동제1투,3531,3043,1757,1267,2,1,8,0,3035,8,488
서울특별시,강동구,,명일제2동제2투,3744,2844,1649,1178,0,2,4,4,2837,7,900
서울특별시,강동구,,명일제2동제3투,3499,2883,1635,1222,4,2,8,2,2873,10,616
서울특별시,강동구,,명일제2동제4투,3690,3072,1953,1095,2,2,6,3,3061,11,618
서울특별시,강동구,고덕제1동,소계,12942,10011,5134,4797,2,1,25,4,9963,48,2931
서울특별시,강동구,,고덕제1동제1투,3338,2265,1259,986,1,0,2,3,2251,14,1073
서울특별시,강동구,,고덕제1동제2투,3360,2809,1446,1336,1,0,12,0,2795,14,551
서울특별시,강동구,,고덕제1동제3투,3081,2506,1103,1392,0,0,6,1,2502,4,575
서울특별시,강동구,,고덕제1동제4투,3163,2431,1326,1083,0,1,5,0,2415,16,732
서울특별시,강동구,고덕제2동,소계,14470,10664,5484,5074,4,5,32,13,10612,52,3806
서울특별시,강동구,,고덕제2동제1투,4205,2911,1571,1303,3,2,6,4,2889,22,1294
서울특별시,강동구,,고덕제2동제2투,3501,2690,1365,1300,1,3,11,3,2683,7,811
서울특별시,강동구,,고덕제2동제3투,3411,2567,1298,1253,0,0,10,0,2561,6,844
서울특별시,강동구,,고덕제2동제4투,3353,2496,1250,1218,0,0,5,6,2479,17,857
서울특별시,강동구,암사제1동,소계,31218,22490,10958,11354,16,11,29,18,22386,104,8728
서울특별시,강동구,,암사제1동제1투,4570,2794,1332,1441,3,0,4,4,2784,10,1776
서울특별시,강동구,,암사제1동제2투,3947,2783,1313,1451,3,0,4,3,2774,9,1164
서울특별시,강동구,,암사제1동제3투,4030,2943,1311,1606,1,1,3,3,2925,18,1087
서울특별시,강동구,,암사제1동제4투,3730,2657,1353,1288,2,1,3,2,2649,8,1073
서울특별시,강동구,,암사제1동제5투,3312,2354,1085,1246,2,2,5,0,2340,14,958
서울특별시,강동구,,암사제1동제6투,3908,2797,1341,1427,3,2,4,2,2779,18,1111
서울특별시,강동구,,암사제1동제7투,3641,2711,1379,1304,1,2,4,4,2694,17,930
서울특별시,강동구,,암사제1동제8투,4080,3451,1844,1591,1,3,2,0,3441,10,629
서울특별시,강동구,암사제2동,소계,12596,9849,4678,5099,5,3,17,6,9808,41,2747
서울특별시,강동구,,암사제2동제1투,3658,2751,1339,1390,1,0,5,2,2737,14,907
서울특별시,강동구,,암사제2동제2투,4305,3257,1573,1657,0,0,7,3,3240,17,1048
서울특별시,강동구,,암사제2동제3투,4633,3841,1766,2052,4,3,5,1,3831,10,792
서울특별시,강동구,암사제3동,소계,14206,11588,6204,5313,2,6,16,9,11550,38,2618
서울특별시,강동구,,암사제3동제1투,4458,3570,1864,1684,1,1,8,1,3559,11,888
서울특별시,강동구,,암사제3동제2투,3739,3134,1809,1303,0,3,6,4,3125,9,605
서울특별시,강동구,,암사제3동제3투,3157,2557,1331,1217,0,1,0,2,2551,6,600
서울특별시,강동구,,암사제3동제4투,2852,2327,1200,1109,1,1,2,2,2315,12,525
서울특별시,강동구,천호제1동,소계,25562,18340,9134,9038,16,14,23,17,18242,98,7222
서울특별시,강동구,,천호제1동제1투,4923,3145,1484,1627,1,3,3,4,3122,23,1778
서울특별시,강동구,,천호제1동제2투,4080,2967,1561,1369,3,4,7,4,2948,19,1113
서울특별시,강동구,,천호제1동제3투,3884,2730,1342,1362,4,2,2,3,2715,15,1154
서울특별시,강동구,,천호제1동제4투,4214,3180,1571,1588,2,1,6,1,3169,11,1034
서울특별시,강동구,,천호제1동제5투,4851,3608,1817,1763,4,2,1,2,3589,19,1243
서울특별시,강동구,,천호제1동제6투,3610,2710,1359,1329,2,2,4,3,2699,11,900
서울특별시,강동구,천호제2동,소계,31296,21858,10627,11048,16,8,39,14,21752,106,9438
서울특별시,강동구,,천호제2동제1투,3452,2436,1206,1203,3,1,2,4,2419,17,1016
서울특별시,강동구,,천호제2동제2투,3681,2754,1233,1505,1,1,4,1,2745,9,927
서울특별시,강동구,,천호제2동제3투,3067,2213,1075,1120,2,2,5,2,2206,7,854
서울특별시,강동구,,천호제2동제4투,2925,2076,1024,1039,1,0,3,0,2067,9,849
서울특별시,강동구,,천호제2동제5투,4515,3117,1503,1579,1,2,13,1,3099,18,1398
서울특별시,강동구,,천호제2동제6투,4634,3285,1611,1650,2,1,3,1,3268,17,1349
서울특별시,강동구,,천호제2동제7투,5105,3342,1616,1703,4,1,4,2,3330,12,1763
서울특별시,강동구,,천호제2동제8투,3917,2635,1359,1249,2,0,5,3,2618,17,1282
서울특별시,강동구,천호제3동,소계,22591,15731,7750,7848,13,7,35,10,15663,68,6860
서울특별시,강동구,,천호제3동제1투,4467,2988,1532,1442,0,1,5,1,2981,7,1479
서울특별시,강동구,,천호제3동제2투,4351,3148,1498,1607,3,3,11,2,3124,24,1203
서울특별시,강동구,,천호제3동제3투,3677,2465,1254,1182,5,0,6,3,2450,15,1212
서울특별시,강동구,,천호제3동제4투,3321,2289,1190,1079,2,1,3,2,2277,12,1032
서울특별시,강동구,,천호제3동제5투,3602,2481,1187,1279,1,1,5,2,2475,6,1121
서울특별시,강동구,,천호제3동제6투,3173,2360,1089,1259,2,1,5,0,2356,4,813
서울특별시,강동구,성내제1동,소계,15508,12073,5907,6063,4,7,28,8,12017,56,3435
서울특별시,강동구,,성내제1동제1투,3986,2930,1465,1443,0,2,7,1,2918,12,1056
서울특별시,강동구,,성내제1동제2투,3315,2625,1293,1312,1,2,5,0,2613,12,690
서울특별시,강동구,,성내제1동제3투,3508,2633,1206,1397,1,3,3,3,2613,20,875
서울특별시,강동구,,성내제1동제4투,4699,3885,1943,1911,2,0,13,4,3873,12,814
서울특별시,강동구,성내제2동,소계,22333,15877,7558,8195,13,10,30,8,15814,63,6456
서울특별시,강동구,,성내제2동제1투,4620,2984,1432,1524,3,3,5,0,2967,17,1636
서울특별시,강동구,,성내제2동제2투,4742,3558,1698,1833,3,0,12,1,3547,11,1184
서울특별시,강동구,,성내제2동제3투,4802,3482,1724,1729,6,2,7,3,3471,11,1320
서울특별시,강동구,,성내제2동제4투,4141,3045,1383,1633,0,4,6,1,3027,18,1096
서울특별시,강동구,,성내제2동제5투,4028,2808,1321,1476,1,1,0,3,2802,6,1220
서울특별시,강동구,성내제3동,소계,20534,15239,7209,7901,8,13,30,11,15172,67,5295
서울특별시,강동구,,성내제3동제1투,4691,3347,1579,1747,2,1,7,1,3337,10,1344
서울특별시,강동구,,성내제3동제2투,5109,3876,1846,1988,3,3,12,5,3857,19,1233
서울특별시,강동구,,성내제3동제3투,5065,3874,1846,1991,2,3,4,3,3849,25,1191
서울특별시,강동구,,성내제3동제4투,5669,4142,1938,2175,1,6,7,2,4129,13,1527
서울특별시,강동구,길동,소계,41205,30732,15151,15374,6,9,54,22,30616,116,10473
서울특별시,강동구,,길동제1투,4656,3386,1586,1778,0,2,5,1,3372,14,1270
서울특별시,강동구,,길동제2투,3878,3004,1469,1516,1,1,5,1,2993,11,874
서울특별시,강동구,,길동제3투,4509,3415,1573,1813,0,2,4,5,3397,18,1094
서울특별시,강동구,,길동제4투,3862,2771,1313,1435,1,1,8,2,2760,11,1091
서울특별시,강동구,,길동제5투,2897,2124,990,1121,1,0,3,3,2118,6,773
서울특별시,강동구,,길동제6투,4569,2895,1441,1436,0,0,6,2,2885,10,1674
서울특별시,강동구,,길동제7투,4759,3644,1978,1649,0,1,4,2,3634,10,1115
서울특별시,강동구,,길동제8투,4283,3455,1732,1700,2,0,6,1,3441,14,828
서울특별시,강동구,,길동제9투,3875,2968,1521,1426,1,1,7,4,2960,8,907
서울특별시,강동구,,길동제10투,3917,3070,1548,1500,0,1,6,1,3056,14,847
서울특별시,강동구,둔촌제1동,소계,15177,12323,6794,5445,3,5,28,8,12283,40,2854
서울특별시,강동구,,둔촌제1동제1투,4027,3259,1748,1489,0,1,5,1,3244,15,768
서울특별시,강동구,,둔촌제1동제2투,3533,2739,1475,1244,3,0,9,3,2734,5,794
서울특별시,강동구,,둔촌제1동제3투,3938,3289,1848,1420,0,0,7,3,3278,11,649
서울특별시,강동구,,둔촌제1동제4투,3679,3036,1723,1292,0,4,7,1,3027,9,643
서울특별시,강동구,둔촌제2동,소계,23055,17676,9087,8468,8,4,31,8,17606,70,5379
서울특별시,강동구,,둔촌제2동제1투,4709,3338,1644,1665,2,0,8,1,3320,18,1371
서울특별시,강동구,,둔촌제2동제2투,4461,3322,1638,1668,0,1,2,1,3310,12,1139
서울특별시,강동구,,둔촌제2동제3투,4678,3797,1896,1876,2,3,7,2,3786,11,881
서울특별시,강동구,,둔촌제2동제4투,4662,3629,1955,1647,3,0,7,1,3613,16,1033
서울특별시,강동구,,둔촌제2동제5투,4545,3590,1954,1612,1,0,7,3,3577,13,955
서울특별시,강동구,잘못 투입·구분된 투표지,,0,23,10,13,0,0,0,0,23,0,-23
부산광역시,합계,,,2911700,2219699,1324159,882511,555,913,2878,2389,2213405,6294,692001
부산광역시,중구,소계,,42123,29939,19208,10567,5,10,34,29,29853,86,12184
부산광역시,중구,재외투표,,321,221,121,99,1,0,0,0,221,0,100
부산광역시,중구,국내부재자투표,,814,767,372,374,0,0,0,6,752,15,47
부산광역시,중구,소계,,40988,28951,18715,10094,4,10,34,23,28880,71,12037
부산광역시,중구,중앙동,소계,1751,1184,769,411,0,0,1,0,1181,3,567
부산광역시,중구,,중앙동제1투,688,429,297,131,0,0,0,0,428,1,259
부산광역시,중구,,중앙동제2투,1063,755,472,280,0,0,1,0,753,2,308
부산광역시,중구,동광동,소계,3312,2158,1406,736,0,0,5,3,2150,8,1154
부산광역시,중구,,동광동제1투,1739,1078,705,366,0,0,2,2,1075,3,661
부산광역시,중구,,동광동제2투,1573,1080,701,370,0,0,3,1,1075,5,493
부산광역시,중구,대청동,소계,6327,4563,2852,1690,2,2,5,5,4556,7,1764
부산광역시,중구,,대청동제1투,1662,1138,715,418,2,0,0,2,1137,1,524
부산광역시,중구,,대청동제2투,2809,2058,1320,729,0,2,3,2,2056,2,751
부산광역시,중구,,대청동제3투,1856,1367,817,543,0,0,2,1,1363,4,489
부산광역시,중구,보수동,소계,9886,7085,4543,2513,1,3,4,8,7072,13,2801
부산광역시,중구,,보수동제1투,2521,1865,1174,685,0,1,1,2,1863,2,656
부산광역시,중구,,보수동제2투,2832,1957,1249,697,0,1,1,4,1952,5,875
부산광역시,중구,,보수동제3투,1961,1345,880,461,1,0,0,1,1343,2,616
부산광역시,중구,,보수동제4투,2572,1918,1240,670,0,1,2,1,1914,4,654
부산광역시,중구,부평동,소계,4780,3323,2296,1019,1,0,2,1,3319,4,1457
부산광역시,중구,,부평동제1투,2730,1844,1268,571,1,0,1,1,1842,2,886
부산광역시,중구,,부평동제2투,2050,1479,1028,448,0,0,1,0,1477,2,571
부산광역시,중구,광복동,소계,1327,881,616,260,0,1,0,0,877,4,446
부산광역시,중구,,광복동투표소,1327,881,616,260,0,1,0,0,877,4,446
부산광역시,중구,남포동,소계,1266,825,596,225,0,0,3,1,825,0,441
부산광역시,중구,,남포동투표소,1266,825,596,225,0,0,3,1,825,0,441
부산광역시,중구,영주제1동,소계,4428,3111,1911,1182,0,2,5,1,3101,10,1317
부산광역시,중구,,영주제1동제1투,1379,979,590,382,0,1,2,0,975,4,400
부산광역시,중구,,영주제1동제2투,1281,966,585,377,0,0,1,0,963,3,315
부산광역시,중구,,영주제1동제3투,1768,1166,736,423,0,1,2,1,1163,3,602
부산광역시,중구,영주제2동,소계,7911,5821,3726,2058,0,2,9,4,5799,22,2090
부산광역시,중구,,영주제2동제1투,2096,1417,946,465,0,0,3,1,1415,2,679
부산광역시,중구,,영주제2동제2투,1876,1352,928,415,0,0,1,2,1346,6,524
부산광역시,중구,,영주제2동제3투,2452,1909,1117,778,0,1,3,1,1900,9,543
부산광역시,중구,,영주제2동제4투,1487,1143,735,400,0,1,2,0,1138,5,344
부산광역시,서구,소계,,103696,75140,48129,26426,22,38,104,150,74869,271,28556
부산광역시,서구,재외투표,,628,455,223,229,0,2,0,0,454,1,173
부산광역시,서구,국내부재자투표,,2366,2204,1074,1025,5,7,10,23,2144,60,162
부산광역시,서구,소계,,100702,72481,46832,25172,17,29,94,127,72271,210,28221
부산광역시,서구,동대신제1동,소계,4823,3608,2348,1237,2,1,1,6,3595,13,1215
부산광역시,서구,,동대신제1동제1투,2393,1827,1225,593,0,0,0,2,1820,7,566
부산광역시,서구,,동대신제1동제2투,2430,1781,1123,644,2,1,1,4,1775,6,649
부산광역시,서구,동대신제2동,소계,7983,6009,3924,2036,2,5,13,9,5989,20,1974
부산광역시,서구,,동대신제2동제1투,2226,1794,1205,575,0,3,5,1,1789,5,432
부산광역시,서구,,동대신제2동제2투,3196,2290,1481,790,0,1,5,3,2280,10,906
부산광역시,서구,,동대신제2동제3투,2561,1925,1238,671,2,1,3,5,1920,5,636
부산광역시,서구,동대신제3동,소계,6876,5087,3132,1926,1,5,6,6,5076,11,1789
부산광역시,서구,,동대신제3동제1투,3508,2544,1576,953,1,4,3,3,2540,4,964
부산광역시,서구,,동대신제3동제2투,3368,2543,1556,973,0,1,3,3,2536,7,825
부산광역시,서구,서대신제1동,소계,11213,8412,5343,3023,1,4,12,8,8391,21,2801
부산광역시,서구,,서대신제1동제1투,2944,2278,1396,870,0,0,1,4,2271,7,666
부산광역시,서구,,서대신제1동제2투,1509,1082,734,342,1,1,0,0,1078,4,427
부산광역시,서구,,서대신제1동제3투,2545,1851,1193,652,0,2,3,0,1850,1,694
부산광역시,서구,,서대신제1동제4투,2353,1839,1176,652,0,0,4,2,1834,5,514
부산광역시,서구,,서대신제1동제5투,1862,1362,844,507,0,1,4,2,1358,4,500
부산광역시,서구,서대신제3동,소계,5597,4282,2752,1505,1,0,6,6,4270,12,1315
부산광역시,서구,,서대신제3동제1투,2784,2159,1400,743,0,0,5,5,2153,6,625
부산광역시,서구,,서대신제3동제2투,2813,2123,1352,762,1,0,1,1,2117,6,690
부산광역시,서구,서대신제4동,소계,5820,4552,2864,1656,0,3,13,7,4543,9,1268
부산광역시,서구,,서대신제4동제1투,2123,1596,1028,558,0,2,5,1,1594,2,527
부산광역시,서구,,서대신제4동제2투,2806,2319,1411,897,0,1,3,3,2315,4,487
부산광역시,서구,,서대신제4동제3투,891,637,425,201,0,0,5,3,634,3,254
부산광역시,서구,부민동,소계,6504,4837,2921,1888,1,1,5,3,4819,18,1667
부산광역시,서구,,부민동제1투,3702,2727,1593,1119,1,0,4,1,2718,9,975
부산광역시,서구,,부민동제2투,2802,2110,1328,769,0,1,1,2,2101,9,692
부산광역시,서구,아미동,소계,8875,6004,3967,1984,1,2,7,25,5986,18,2871
부산광역시,서구,,아미동제1투,2909,1952,1264,674,0,0,0,5,1943,9,957
부산광역시,서구,,아미동제2투,2168,1504,1007,481,0,1,6,4,1499,5,664
부산광역시,서구,,아미동제3투,2075,1314,873,431,0,0,0,8,1312,2,761
부산광역시,서구,,아미동제4투,1723,1234,823,398,1,1,1,8,1232,2,489
부산광역시,서구,초장동,소계,5518,3685,2516,1145,1,1,3,9,3675,10,1833
부산광역시,서구,,초장동제1투,3075,2010,1376,620,1,0,3,4,2004,6,1065
부산광역시,서구,,초장동제2투,2443,1675,1140,525,0,1,0,5,1671,4,768
부산광역시,서구,충무동,소계,7013,4886,3332,1522,1,0,10,6,4871,15,2127
부산광역시,서구,,충무동제1투,3535,2420,1577,829,1,0,4,3,2414,6,1115
부산광역시,서구,,충무동제2투,3478,2466,1755,693,0,0,6,3,2457,9,1012
부산광역시,서구,남부민제1동,소계,5516,3785,2511,1258,1,1,2,6,3779,6,1731
부산광역시,서구,,남부민제1동제1투,3025,2059,1341,710,0,1,1,2,2055,4,966
부산광역시,서구,,남부민제1동제2투,2491,1726,1170,548,1,0,1,4,1724,2,765
부산광역시,서구,남부민제2동,소계,9593,6654,4404,2205,3,2,4,17,6635,19,2939
부산광역시,서구,,남부민제2동제1투,2418,1692,1109,573,0,0,2,5,1689,3,726
부산광역시,서구,,남부민제2동제2투,2272,1598,1066,516,3,1,1,6,1593,5,674
부산광역시,서구,,남부민제2동제3투,2476,1607,1094,504,0,0,0,4,1602,5,869
부산광역시,서구,,남부민제2동제4투,2427,1757,1135,612,0,1,1,2,1751,6,670
부산광역시,서구,암남동,소계,15371,10680,6818,3787,2,4,12,19,10642,38,4691
부산광역시,서구,,암남동제1투,3341,2014,1339,668,1,1,1,2,2012,2,1327
부산광역시,서구,,암남동제2투,2029,1515,880,606,0,1,3,7,1497,18,514
부산광역시,서구,,암남동제3투,2154,1514,954,549,0,1,4,2,1510,4,640
부산광역시,서구,,암남동제4투,4073,2914,1890,1009,0,0,3,2,2904,10,1159
부산광역시,서구,,암남동제5투,3774,2723,1755,955,1,1,1,6,2719,4,1051
부산광역시,동구,소계,,85145,62994,40262,22338,14,29,81,91,62815,179,22151
부산광역시,동구,재외투표,,448,309,147,157,0,0,0,0,304,5,139
부산광역시,동구,국내부재자투표,,1789,1659,821,795,2,4,7,6,1635,24,130
부산광역시,동구,소계,,82908,61026,39294,21386,12,25,74,85,60876,150,21882
부산광역시,동구,초량제1동,소계,4645,3365,2178,1166,3,1,5,5,3358,7,1280
부산광역시,동구,,초량제1동제1투,2748,1926,1261,655,1,0,2,4,1923,3,822
부산광역시,동구,,초량제1동제2투,1897,1439,917,511,2,1,3,1,1435,4,458
부산광역시,동구,초량제2동,소계,6063,4291,2869,1391,1,4,10,3,4278,13,1772
부산광역시,동구,,초량제2동제1투,3335,2267,1530,720,0,2,7,1,2260,7,1068
부산광역시,동구,,초량제2동제2투,2728,2024,1339,671,1,2,3,2,2018,6,704
부산광역시,동구,초량제3동,소계,5607,4096,2500,1573,0,1,6,7,4087,9,1511
부산광역시,동구,,초량제3동제1투,3127,2270,1464,793,0,1,4,3,2265,5,857
부산광역시,동구,,초량제3동제2투,2480,1826,1036,780,0,0,2,4,1822,4,654
부산광역시,동구,초량제6동,소계,6973,5154,3358,1757,0,1,7,14,5137,17,1819
부산광역시,동구,,초량제6동제1투,3479,2538,1656,864,0,1,4,5,2530,8,941
부산광역시,동구,,초량제6동제2투,3494,2616,1702,893,0,0,3,9,2607,9,878
부산광역시,동구,수정제1동,소계,4706,3552,2219,1315,0,1,8,4,3547,5,1154
부산광역시,동구,,수정제1동제1투,2267,1640,1019,612,0,0,5,3,1639,1,627
부산광역시,동구,,수정제1동제2투,2439,1912,1200,703,0,1,3,1,1908,4,527
부산광역시,동구,수정제2동,소계,8800,6432,4193,2202,1,2,9,11,6418,14,2368
부산광역시,동구,,수정제2동제1투,2601,1910,1299,602,0,2,3,2,1908,2,691
부산광역시,동구,,수정제2동제2투,2974,2097,1321,767,0,0,3,1,2092,5,877
부산광역시,동구,,수정제2동제3투,3225,2425,1573,833,1,0,3,8,2418,7,800
부산광역시,동구,수정제4동,소계,4710,3414,2289,1109,0,4,3,5,3410,4,1296
부산광역시,동구,,수정제4동제1투,2328,1620,1085,527,0,4,2,1,1619,1,708
부산광역시,동구,,수정제4동제2투,2382,1794,1204,582,0,0,1,4,1791,3,588
부산광역시,동구,수정제5동,소계,5963,4453,2942,1486,0,3,3,5,4439,14,1510
부산광역시,동구,,수정제5동제1투,2664,2028,1324,695,0,3,1,2,2025,3,636
부산광역시,동구,,수정제5동제2투,3299,2425,1618,791,0,0,2,3,2414,11,874
부산광역시,동구,좌천제1동,소계,7020,5280,3359,1902,1,0,3,4,5269,11,1740
부산광역시,동구,,좌천제1동제1투,3332,2494,1623,860,0,0,3,2,2488,6,838
부산광역시,동구,,좌천제1동제2투,3688,2786,1736,1042,1,0,0,2,2781,5,902
부산광역시,동구,좌천제4동,소계,3778,2834,1786,1031,1,0,5,6,2829,5,944
부산광역시,동구,,좌천제4동투표소,3778,2834,1786,1031,1,0,5,6,2829,5,944
부산광역시,동구,범일제1동,소계,4190,3183,1966,1205,1,2,1,2,3177,6,1007
부산광역시,동구,,범일제1동제1투,3025,2325,1423,895,1,1,1,1,2322,3,700
부산광역시,동구,,범일제1동제2투,1165,858,543,310,0,1,0,1,855,3,307
부산광역시,동구,범일제2동,소계,7424,5552,3468,2059,2,0,4,4,5537,15,1872
부산광역시,동구,,범일제2동제1투,2706,1873,1257,605,2,0,1,2,1867,6,833
부산광역시,동구,,범일제2동제2투,4718,3679,2211,1454,0,0,3,2,3670,9,1039
부산광역시,동구,범일제4동,소계,8615,6223,4101,2077,1,4,10,11,6204,19,2392
부산광역시,동구,,범일제4동제1투,2534,1893,1247,636,0,0,4,3,1890,3,641
부산광역시,동구,,범일제4동제2투,2923,2183,1407,761,0,3,3,4,2178,5,740
부산광역시,동구,,범일제4동제3투,3158,2147,1447,680,1,1,3,4,2136,11,1011
부산광역시,동구,범일제5동,소계,4414,3197,2066,1113,1,2,0,4,3186,11,1217
부산광역시,동구,,범일제5동제1투,2126,1559,1049,501,1,2,0,2,1555,4,567
부산광역시,동구,,범일제5동제2투,2288,1638,1017,612,0,0,0,2,1631,7,650
부산광역시,영도구,소계,,119481,86765,50903,35314,16,38,91,106,86468,297,32716
부산광역시,영도구,재외투표,,620,433,187,242,0,0,0,0,429,4,187
부산광역시,영도구,국내부재자투표,,2870,2682,1346,1271,4,6,1,8,2636,46,188
부산광역시,영도구,소계,,115991,83650,49370,33801,12,32,90,98,83403,247,32341
부산광역시,영도구,남항동,소계,9890,7058,4496,2524,2,1,8,5,7036,22,2832
부산광역시,영도구,,남항동제1투,3422,2385,1523,849,0,0,2,1,2375,10,1037
부산광역시,영도구,,남항동제2투,3203,2355,1471,868,1,0,4,4,2348,7,848
부산광역시,영도구,,남항동제3투,3265,2318,1502,807,1,1,2,0,2313,5,947
부산광역시,영도구,영선제1동,소계,3929,2908,1674,1222,0,0,4,1,2901,7,1021
부산광역시,영도구,,영선제1동제1투,1735,1230,726,498,0,0,3,0,1227,3,505
부산광역시,영도구,,영선제1동제2투,2194,1678,948,724,0,0,1,1,1674,4,516
부산광역시,영도구,영선제2동,소계,9102,6696,3971,2694,1,4,5,7,6682,14,2406
부산광역시,영도구,,영선제2동제1투,3554,2650,1511,1126,0,3,3,2,2645,5,904
부산광역시,영도구,,영선제2동제2투,3367,2511,1522,976,1,1,2,3,2505,6,856
부산광역시,영도구,,영선제2동제3투,2181,1535,938,592,0,0,0,2,1532,3,646
부산광역시,영도구,신선동,소계,11803,8044,4955,3042,2,1,7,9,8016,28,3759
부산광역시,영도구,,신선동제1투,3114,1966,1218,737,0,0,2,2,1959,7,1148
부산광역시,영도구,,신선동제2투,3141,2240,1368,859,0,1,1,1,2230,10,901
부산광역시,영도구,,신선동제3투,2611,1856,1122,721,2,0,1,2,1848,8,755
부산광역시,영도구,,신선동제4투,2937,1982,1247,725,0,0,3,4,1979,3,955
부산광역시,영도구,봉래제1동,소계,6537,4775,2909,1838,0,4,6,5,4762,13,1762
부산광역시,영도구,,봉래제1동제1투,3607,2667,1613,1039,0,2,4,3,2661,6,940
부산광역시,영도구,,봉래제1동제2투,2930,2108,1296,799,0,2,2,2,2101,7,822
부산광역시,영도구,봉래제2동,소계,8028,5614,3490,2094,1,2,5,7,5599,15,2414
부산광역시,영도구,,봉래제2동제1투,2902,1923,1196,714,1,0,3,4,1918,5,979
부산광역시,영도구,,봉래제2동제2투,2762,1947,1237,703,0,0,0,2,1942,5,815
부산광역시,영도구,,봉래제2동제3투,2364,1744,1057,677,0,2,2,1,1739,5,620
부산광역시,영도구,청학제1동,소계,7304,5059,2988,2039,2,6,2,5,5042,17,2245
부산광역시,영도구,,청학제1동제1투,4290,2927,1706,1200,1,5,2,1,2915,12,1363
부산광역시,영도구,,청학제1동제2투,3014,2132,1282,839,1,1,0,4,2127,5,882
부산광역시,영도구,청학제2동,소계,17983,13063,7438,5550,2,3,12,19,13024,39,4920
부산광역시,영도구,,청학제2동제1투,3443,2534,1424,1101,1,1,1,3,2531,3,909
부산광역시,영도구,,청학제2동제2투,2861,1921,1176,735,1,0,3,0,1915,6,940
부산광역시,영도구,,청학제2동제3투,3783,2859,1514,1326,0,1,3,3,2847,12,924
부산광역시,영도구,,청학제2동제4투,4002,2939,1600,1326,0,1,2,5,2934,5,1063
부산광역시,영도구,,청학제2동제5투,3894,2810,1724,1062,0,0,3,8,2797,13,1084
부산광역시,영도구,동삼제1동,소계,26664,19675,11067,8497,2,6,28,18,19618,57,6989
부산광역시,영도구,,동삼제1동제1투,2653,1867,1127,731,0,0,4,0,1862,5,786
부산광역시,영도구,,동삼제1동제2투,3548,2590,1400,1175,1,3,2,3,2584,6,958
부산광역시,영도구,,동삼제1동제3투,4071,3032,1717,1297,0,1,4,2,3021,11,1039
부산광역시,영도구,,동삼제1동제4투,3374,2588,1428,1139,1,2,6,4,2580,8,786
부산광역시,영도구,,동삼제1동제5투,4218,3100,1747,1344,0,0,3,0,3094,6,1118
부산광역시,영도구,,동삼제1동제6투,3298,2513,1390,1107,0,0,6,2,2505,8,785
부산광역시,영도구,,동삼제1동제7투,2889,2007,1170,821,0,0,2,5,1998,9,882
부산광역시,영도구,,동삼제1동제8투,2613,1978,1088,883,0,0,1,2,1974,4,635
부산광역시,영도구,동삼제2동,소계,3523,2590,1590,981,0,1,5,3,2580,10,933
부산광역시,영도구,,동삼제2동투표소,3523,2590,1590,981,0,1,5,3,2580,10,933
부산광역시,영도구,동삼제3동,소계,11228,8168,4792,3320,0,4,8,19,8143,25,3060
부산광역시,영도구,,동삼제3동제1투,2376,1742,1034,694,0,2,4,5,1739,3,634
부산광역시,영도구,,동삼제3동제2투,2875,2138,1213,912,0,2,1,4,2132,6,737
부산광역시,영도구,,동삼제3동제3투,3247,2210,1433,757,0,0,1,8,2199,11,1037
부산광역시,영도구,,동삼제3동제4투,2730,2078,1112,957,0,0,2,2,2073,5,652
부산광역시,부산진구,소계,,328421,248245,146883,99987,68,118,289,265,247610,635,80176
부산광역시,부산진구,재외투표,,1395,955,363,581,1,0,1,1,947,8,440
부산광역시,부산진구,국내부재자투표,,7665,7121,3310,3649,9,9,17,25,7019,102,544
부산광역시,부산진구,소계,,319361,240169,143210,95757,58,109,271,239,239644,525,79192
부산광역시,부산진구,부전제1동,소계,6009,3909,2490,1399,1,2,4,3,3899,10,2100
부산광역시,부산진구,,부전제1동제1투,3041,1977,1387,580,1,1,1,2,1972,5,1064
부산광역시,부산진구,,부전제1동제2투,2968,1932,1103,819,0,1,3,1,1927,5,1036
부산광역시,부산진구,부전제2동,소계,8258,5449,3236,2176,2,4,12,5,5435,14,2809
부산광역시,부산진구,,부전제2동제1투,3754,2634,1520,1086,2,4,6,5,2623,11,1120
부산광역시,부산진구,,부전제2동제2투,4504,2815,1716,1090,0,0,6,0,2812,3,1689
부산광역시,부산진구,범전동,소계,6450,4598,3026,1547,1,2,5,5,4586,12,1852
부산광역시,부산진구,,범전동제1투,2074,1587,988,591,1,1,2,1,1584,3,487
부산광역시,부산진구,,범전동제2투,1853,1341,951,382,0,0,0,2,1335,6,512
부산광역시,부산진구,,범전동제3투,2523,1670,1087,574,0,1,3,2,1667,3,853
부산광역시,부산진구,연지동,소계,19714,15486,9232,6193,1,6,17,12,15461,25,4228
부산광역시,부산진구,,연지동제1투,3888,3304,1665,1628,1,2,1,2,3299,5,584
부산광역시,부산진구,,연지동제2투,4722,3487,2251,1229,0,1,3,0,3484,3,1235
부산광역시,부산진구,,연지동제3투,4072,3147,2056,1072,0,1,6,5,3140,7,925
부산광역시,부산진구,,연지동제4투,3668,2834,1691,1127,0,2,4,4,2828,6,834
부산광역시,부산진구,,연지동제5투,3364,2714,1569,1137,0,0,3,1,2710,4,650
부산광역시,부산진구,초읍동,소계,20653,15892,10401,5421,5,14,11,9,15861,31,4761
부산광역시,부산진구,,초읍동제1투,3286,2543,1769,763,0,1,1,0,2534,9,743
부산광역시,부산진구,,초읍동제2투,3513,2778,1874,895,1,3,1,0,2774,4,735
부산광역시,부산진구,,초읍동제3투,3935,2810,1901,889,2,4,3,4,2803,7,1125
부산광역시,부산진구,,초읍동제4투,3141,2504,1545,948,1,2,2,1,2499,5,637
부산광역시,부산진구,,초읍동제5투,3613,2777,1665,1097,1,2,4,2,2771,6,836
부산광역시,부산진구,,초읍동제6투,3165,2480,1647,829,0,2,0,2,2480,0,685
부산광역시,부산진구,양정제1동,소계,18670,14668,8739,5850,3,2,20,19,14633,35,4002
부산광역시,부산진구,,양정제1동제1투,4375,3159,1976,1170,0,2,1,5,3154,5,1216
부산광역시,부산진구,,양정제1동제2투,3689,3095,1763,1320,1,0,4,2,3090,5,594
부산광역시,부산진구,,양정제1동제3투,4433,3734,2116,1608,1,0,3,2,3730,4,699
부산광역시,부산진구,,양정제1동제4투,3321,2600,1539,1041,1,0,8,6,2595,5,721
부산광역시,부산진구,,양정제1동제5투,2852,2080,1345,711,0,0,4,4,2064,16,772
부산광역시,부산진구,양정제2동,소계,12891,9388,5729,3617,0,3,8,8,9365,23,3503
부산광역시,부산진구,,양정제2동제1투,3796,2662,1537,1115,0,1,1,0,2654,8,1134
부산광역시,부산진구,,양정제2동제2투,3517,2715,1659,1045,0,1,2,2,2709,6,802
부산광역시,부산진구,,양정제2동제3투,3202,2262,1434,814,0,1,2,4,2255,7,940
부산광역시,부산진구,,양정제2동제4투,2376,1749,1099,643,0,0,3,2,1747,2,627
부산광역시,부산진구,전포제1동,소계,8019,5660,3654,1977,1,1,6,5,5644,16,2359
부산광역시,부산진구,,전포제1동제1투,3629,2509,1611,884,0,0,1,2,2498,11,1120
부산광역시,부산진구,,전포제1동제2투,4390,3151,2043,1093,1,1,5,3,3146,5,1239
부산광역시,부산진구,전포제2동,소계,17957,13297,8066,5156,4,10,17,9,13262,35,4660
부산광역시,부산진구,,전포제2동제1투,3317,2374,1384,972,1,4,6,3,2370,4,943
부산광역시,부산진구,,전포제2동제2투,3333,2469,1538,919,1,3,3,2,2466,3,864
부산광역시,부산진구,,전포제2동제3투,3751,2921,1745,1160,0,1,2,1,2909,12,830
부산광역시,부산진구,,전포제2동제4투,3388,2491,1614,862,1,2,2,3,2484,7,897
부산광역시,부산진구,,전포제2동제5투,4168,3042,1785,1243,1,0,4,0,3033,9,1126
부산광역시,부산진구,전포제3동,소계,8719,6079,3652,2396,3,2,5,7,6065,14,2640
부산광역시,부산진구,,전포제3동제1투,4503,3085,1606,1462,2,0,2,4,3076,9,1418
부산광역시,부산진구,,전포제3동제2투,4216,2994,2046,934,1,2,3,3,2989,5,1222
부산광역시,부산진구,부암제1동,소계,17467,12915,7619,5240,4,2,9,12,12886,29,4552
부산광역시,부산진구,,부암제1동제1투,2818,1653,1063,582,2,0,1,3,1651,2,1165
부산광역시,부산진구,,부암제1동제2투,4056,3055,1843,1200,0,0,1,4,3048,7,1001
부산광역시,부산진구,,부암제1동제3투,5190,4053,2318,1715,0,2,5,1,4041,12,1137
부산광역시,부산진구,,부암제1동제4투,5403,4154,2395,1743,2,0,2,4,4146,8,1249
부산광역시,부산진구,부암제3동,소계,19225,14886,8100,6699,4,6,22,23,14854,32,4339
부산광역시,부산진구,,부암제3동제1투,4086,2816,1598,1192,1,0,5,11,2807,9,1270
부산광역시,부산진구,,부암제3동제2투,4421,3637,1983,1633,3,0,6,3,3628,9,784
부산광역시,부산진구,,부암제3동제3투,4130,3162,1886,1260,0,1,6,4,3157,5,968
부산광역시,부산진구,,부암제3동제4투,2877,2169,1222,933,0,3,3,2,2163,6,708
부산광역시,부산진구,,부암제3동제5투,3711,3102,1411,1681,0,2,2,3,3099,3,609
부산광역시,부산진구,당감제1동,소계,4048,2907,1887,1000,1,1,6,6,2901,6,1141
부산광역시,부산진구,,당감제1동제1투,1851,1353,859,487,0,0,5,1,1352,1,498
부산광역시,부산진구,,당감제1동제2투,2197,1554,1028,513,1,1,1,5,1549,5,643
부산광역시,부산진구,당감제2동,소계,8939,6984,4108,2843,1,4,7,4,6967,17,1955
부산광역시,부산진구,,당감제2동제1투,2850,2026,1321,694,1,2,0,1,2019,7,824
부산광역시,부산진구,,당감제2동제2투,3081,2441,1389,1039,0,2,4,2,2436,5,640
부산광역시,부산진구,,당감제2동제3투,3008,2517,1398,1110,0,0,3,1,2512,5,491
부산광역시,부산진구,당감제3동,소계,19035,14878,8181,6632,4,8,20,7,14852,26,4157
부산광역시,부산진구,,당감제3동제1투,4098,3283,1879,1384,0,5,4,2,3274,9,815
부산광역시,부산진구,,당감제3동제2투,3710,2662,1602,1049,2,1,3,0,2657,5,1048
부산광역시,부산진구,,당감제3동제3투,5012,3752,2054,1688,0,1,5,3,3751,1,1260
부산광역시,부산진구,,당감제3동제4투,2858,2378,1244,1121,1,1,4,1,2372,6,480
부산광역시,부산진구,,당감제3동제5투,3357,2803,1402,1390,1,0,4,1,2798,5,554
부산광역시,부산진구,당감제4동,소계,11209,8449,4618,3789,1,2,7,9,8426,23,2760
부산광역시,부산진구,,당감제4동제1투,3489,2413,1491,903,0,0,2,6,2402,11,1076
부산광역시,부산진구,,당감제4동제2투,2963,2272,1314,946,0,0,3,3,2266,6,691
부산광역시,부산진구,,당감제4동제3투,4757,3764,1813,1940,1,2,2,0,3758,6,993
부산광역시,부산진구,가야제1동,소계,11627,8371,4941,3373,3,5,13,13,8348,23,3256
부산광역시,부산진구,,가야제1동제1투,3437,2426,1504,908,2,1,3,4,2422,4,1011
부산광역시,부산진구,,가야제1동제2투,3907,2606,1488,1097,1,1,5,5,2597,9,1301
부산광역시,부산진구,,가야제1동제3투,4283,3339,1949,1368,0,3,5,4,3329,10,944
부산광역시,부산진구,가야제2동,소계,14865,11603,7060,4483,2,10,15,16,11586,17,3262
부산광역시,부산진구,,가야제2동제1투,3661,2696,1716,971,1,0,0,3,2691,5,965
부산광역시,부산진구,,가야제2동제2투,4186,3281,1926,1334,1,5,6,4,3276,5,905
부산광역시,부산진구,,가야제2동제3투,3333,2616,1596,1003,0,1,5,7,2612,4,717
부산광역시,부산진구,,가야제2동제4투,3685,3010,1822,1175,0,4,4,2,3007,3,675
부산광역시,부산진구,가야제3동,소계,9374,6863,4008,2813,1,4,4,8,6838,25,2511
부산광역시,부산진구,,가야제3동제1투,3507,2611,1480,1111,0,2,3,3,2599,12,896
부산광역시,부산진구,,가야제3동제2투,3007,2141,1289,841,1,1,0,3,2135,6,866
부산광역시,부산진구,,가야제3동제3투,2860,2111,1239,861,0,1,1,2,2104,7,749
부산광역시,부산진구,개금제1동,소계,11578,8550,5053,3459,1,3,8,5,8529,21,3028
부산광역시,부산진구,,개금제1동제1투,4317,3160,1768,1380,0,0,4,1,3153,7,1157
부산광역시,부산진구,,개금제1동제2투,3817,2839,1719,1108,1,2,2,0,2832,7,978
부산광역시,부산진구,,개금제1동제3투,3444,2551,1566,971,0,1,2,4,2544,7,893
부산광역시,부산진구,개금제2동,소계,11272,8628,5263,3325,4,2,9,11,8614,14,2644
부산광역시,부산진구,,개금제2동제1투,3933,2862,1735,1109,3,0,3,3,2853,9,1071
부산광역시,부산진구,,개금제2동제2투,3701,2786,1854,922,0,2,2,5,2785,1,915
부산광역시,부산진구,,개금제2동제3투,3638,2980,1674,1294,1,0,4,3,2976,4,658
부산광역시,부산진구,개금제3동,소계,27113,21700,12290,9325,4,8,20,15,21662,38,5413
부산광역시,부산진구,,개금제3동제1투,3259,2353,1453,887,0,1,2,5,2348,5,906
부산광역시,부산진구,,개금제3동제2투,3430,2667,1474,1184,1,1,2,1,2663,4,763
부산광역시,부산진구,,개금제3동제3투,3578,2873,1533,1331,0,0,5,0,2869,4,705
부산광역시,부산진구,,개금제3동제4투,3709,3100,1701,1387,0,0,5,0,3093,7,609
부산광역시,부산진구,,개금제3동제5투,3020,2316,1367,934,2,4,1,3,2311,5,704
부산광역시,부산진구,,개금제3동제6투,3704,2980,1698,1270,0,1,2,4,2975,5,724
부산광역시,부산진구,,개금제3동제7투,3296,2802,1640,1152,1,1,2,1,2797,5,494
부산광역시,부산진구,,개금제3동제8투,3117,2609,1424,1180,0,0,1,1,2606,3,508
부산광역시,부산진구,범천제1동,소계,8166,5740,3595,2116,0,3,10,4,5728,12,2426
부산광역시,부산진구,,범천제1동제1투,4658,3279,2058,1200,0,2,7,3,3270,9,1379
부산광역시,부산진구,,범천제1동제2투,3508,2461,1537,916,0,1,3,1,2458,3,1047
부산광역시,부산진구,범천제2동,소계,9717,7111,4464,2598,5,4,9,13,7093,18,2606
부산광역시,부산진구,,범천제2동제1투,3748,2833,1734,1083,0,2,4,5,2828,5,915
부산광역시,부산진구,,범천제2동제2투,3282,2431,1525,892,2,2,2,4,2427,4,851
부산광역시,부산진구,,범천제2동제3투,2687,1847,1205,623,3,0,3,4,1838,9,840
부산광역시,부산진구,범천제4동,소계,8386,6158,3798,2330,2,1,7,11,6149,9,2228
부산광역시,부산진구,,범천제4동제1투,2737,2054,1140,908,0,1,2,1,2052,2,683
부산광역시,부산진구,,범천제4동제2투,3016,2126,1358,754,1,0,3,6,2122,4,890
부산광역시,부산진구,,범천제4동제3투,2633,1978,1300,668,1,0,2,4,1975,3,655
부산광역시,동래구,소계,,228712,178174,108913,68281,44,68,232,176,177714,460,50538
부산광역시,동래구,재외투표,,1260,918,402,506,2,0,2,2,914,4,342
부산광역시,동래구,국내부재자투표,,6087,5716,2782,2808,4,7,11,21,5633,83,371
부산광역시,동래구,소계,,221365,171540,105729,64967,38,61,219,153,171167,373,49825
부산광역시,동래구,수민동,소계,26290,21002,12364,8542,4,4,26,17,20957,45,5288
부산광역시,동래구,,수민동제1투,3481,2607,1613,984,1,0,5,1,2604,3,874
부산광역시,동래구,,수민동제2투,4486,3657,2055,1582,1,0,9,2,3649,8,829
부산광역시,동래구,,수민동제3투,3816,2954,1864,1080,0,0,1,1,2946,8,862
부산광역시,동래구,,수민동제4투,4780,3657,2076,1562,1,0,2,6,3647,10,1123
부산광역시,동래구,,수민동제5투,2868,2333,1499,825,1,1,2,2,2330,3,535
부산광역시,동래구,,수민동제6투,3221,2712,1480,1219,0,2,3,1,2705,7,509
부산광역시,동래구,,수민동제7투,3638,3082,1777,1290,0,1,4,4,3076,6,556
부산광역시,동래구,복산동,소계,10932,8128,5469,2601,3,4,14,15,8106,22,2804
부산광역시,동래구,,복산동제1투,3788,3057,2045,992,2,1,7,1,3048,9,731
부산광역시,동래구,,복산동제2투,3734,2723,1872,835,0,1,2,8,2718,5,1011
부산광역시,동래구,,복산동제3투,3410,2348,1552,774,1,2,5,6,2340,8,1062
부산광역시,동래구,명륜동,소계,12231,9496,5895,3568,1,0,12,5,9481,15,2735
부산광역시,동래구,,명륜동제1투,3214,2482,1619,855,0,0,3,1,2478,4,732
부산광역시,동래구,,명륜동제2투,3301,2537,1483,1047,0,0,4,1,2535,2,764
부산광역시,동래구,,명륜동제3투,3051,2362,1475,876,0,0,4,1,2356,6,689
부산광역시,동래구,,명륜동제4투,2665,2115,1318,790,1,0,1,2,2112,3,550
부산광역시,동래구,온천제1동,소계,16670,11881,7549,4279,0,5,14,16,11863,18,4789
부산광역시,동래구,,온천제1동제1투,4353,2915,2009,891,0,2,2,6,2910,5,1438
부산광역시,동래구,,온천제1동제2투,4652,3326,2187,1123,0,2,7,4,3323,3,1326
부산광역시,동래구,,온천제1동제3투,4148,3049,1908,1130,0,1,1,4,3044,5,1099
부산광역시,동래구,,온천제1동제4투,3517,2591,1445,1135,0,0,4,2,2586,5,926
부산광역시,동래구,온천제2동,소계,18166,14078,9312,4681,3,8,21,16,14041,37,4088
부산광역시,동래구,,온천제2동제1투,3037,2339,1525,796,0,0,3,7,2331,8,698
부산광역시,동래구,,온천제2동제2투,3479,2764,1762,996,0,0,3,0,2761,3,715
부산광역시,동래구,,온천제2동제3투,3698,2940,2122,802,0,2,8,2,2936,4,758
부산광역시,동래구,,온천제2동제4투,3149,2388,1568,806,1,0,5,2,2382,6,761
부산광역시,동래구,,온천제2동제5투,2427,1831,1186,638,1,2,1,1,1829,2,596
부산광역시,동래구,,온천제2동제6투,2376,1816,1149,643,1,4,1,4,1802,14,560
부산광역시,동래구,온천제3동,소계,28322,21751,13032,8607,8,8,18,12,21685,66,6571
부산광역시,동래구,,온천제3동제1투,4685,3803,2085,1702,2,0,1,2,3792,11,882
부산광역시,동래구,,온천제3동제2투,4403,3347,2074,1252,2,2,6,1,3337,10,1056
부산광역시,동래구,,온천제3동제3투,4415,3143,1978,1148,0,0,2,2,3130,13,1272
부산광역시,동래구,,온천제3동제4투,3814,2820,1764,1046,1,2,0,1,2814,6,994
부산광역시,동래구,,온천제3동제5투,2985,2264,1377,880,1,0,1,1,2260,4,721
부산광역시,동래구,,온천제3동제6투,3925,3078,1815,1244,0,2,5,3,3069,9,847
부산광역시,동래구,,온천제3동제7투,4095,3296,1939,1335,2,2,3,2,3283,13,799
부산광역시,동래구,사직제1동,소계,7794,6038,3843,2168,0,0,10,3,6024,14,1756
부산광역시,동래구,,사직제1동제1투,3662,2889,1859,1018,0,0,3,2,2882,7,773
부산광역시,동래구,,사직제1동제2투,4132,3149,1984,1150,0,0,7,1,3142,7,983
부산광역시,동래구,사직제2동,소계,20640,16883,9515,7284,5,7,33,13,16857,26,3757
부산광역시,동래구,,사직제2동제1투,2088,1541,845,684,1,0,6,3,1539,2,547
부산광역시,동래구,,사직제2동제2투,4073,3250,1912,1328,1,1,3,1,3246,4,823
부산광역시,동래구,,사직제2동제3투,4327,3689,2032,1643,0,3,4,3,3685,4,638
부산광역시,동래구,,사직제2동제4투,3485,2896,1619,1255,3,2,9,1,2889,7,589
부산광역시,동래구,,사직제2동제5투,3113,2536,1537,989,0,0,4,3,2533,3,577
부산광역시,동래구,,사직제2동제6투,3554,2971,1570,1385,0,1,7,2,2965,6,583
부산광역시,동래구,사직제3동,소계,13748,10519,6568,3888,1,4,18,14,10493,26,3229
부산광역시,동래구,,사직제3동제1투,3287,2398,1481,898,0,2,5,3,2389,9,889
부산광역시,동래구,,사직제3동제2투,3464,2676,1659,1003,0,0,6,4,2672,4,788
부산광역시,동래구,,사직제3동제3투,3377,2649,1708,928,0,1,3,3,2643,6,728
부산광역시,동래구,,사직제3동제4투,3620,2796,1720,1059,1,1,4,4,2789,7,824
부산광역시,동래구,안락제1동,소계,14211,10939,6895,3994,2,1,13,13,10918,21,3272
부산광역시,동래구,,안락제1동제1투,3678,2901,1954,933,2,0,0,8,2897,4,777
부산광역시,동래구,,안락제1동제2투,3508,2887,1581,1294,0,1,6,1,2883,4,621
부산광역시,동래구,,안락제1동제3투,3597,2585,1667,909,0,0,3,2,2581,4,1012
부산광역시,동래구,,안락제1동제4투,3428,2566,1693,858,0,0,4,2,2557,9,862
부산광역시,동래구,안락제2동,소계,24975,19779,11830,7864,5,10,24,14,19747,32,5196
부산광역시,동래구,,안락제2동제1투,2861,2150,1455,690,0,0,3,0,2148,2,711
부산광역시,동래구,,안락제2동제2투,4192,3180,1950,1221,1,2,2,1,3177,3,1012
부산광역시,동래구,,안락제2동제3투,3170,2390,1551,829,2,1,1,3,2387,3,780
부산광역시,동래구,,안락제2동제4투,2667,2010,1221,779,0,4,3,0,2007,3,657
부산광역시,동래구,,안락제2동제5투,4663,3861,2312,1529,1,1,7,4,3854,7,802
부산광역시,동래구,,안락제2동제6투,3294,2726,1567,1145,0,2,4,1,2719,7,568
부산광역시,동래구,,안락제2동제7투,4128,3462,1774,1671,1,0,4,5,3455,7,666
부산광역시,동래구,명장제1동,소계,13872,10500,6874,3569,6,8,8,6,10471,29,3372
부산광역시,동래구,,명장제1동제1투,3592,2622,1734,873,1,3,0,1,2612,10,970
부산광역시,동래구,,명장제1동제2투,3447,2727,1849,859,2,2,4,3,2719,8,720
부산광역시,동래구,,명장제1동제3투,3845,2928,1825,1088,2,3,2,2,2922,6,917
부산광역시,동래구,,명장제1동제4투,2988,2223,1466,749,1,0,2,0,2218,5,765
부산광역시,동래구,명장제2동,소계,13514,10546,6583,3922,0,2,8,9,10524,22,2968
부산광역시,동래구,,명장제2동제1투,4135,3292,1992,1292,0,0,3,0,3287,5,843
부산광역시,동래구,,명장제2동제2투,3496,2719,1657,1051,0,1,1,2,2712,7,777
부산광역시,동래구,,명장제2동제3투,3228,2460,1586,863,0,1,2,4,2456,4,768
부산광역시,동래구,,명장제2동제4투,2655,2075,1348,716,0,0,2,3,2069,6,580
부산광역시,남구,소계,,240343,184999,111763,72244,44,72,226,180,184529,470,55344
부산광역시,남구,재외투표,,1209,810,352,452,1,0,2,0,807,3,399
부산광역시,남구,국내부재자투표,,6061,5672,2854,2687,7,12,11,22,5593,79,389
부산광역시,남구,소계,,233073,178517,108557,69105,36,60,213,158,178129,388,54556
부산광역시,남구,대연제1동,소계,12310,9300,5214,4037,2,4,10,10,9277,23,3010
부산광역시,남구,,대연제1동제1투,4019,2940,1674,1253,1,1,2,1,2932,8,1079
부산광역시,남구,,대연제1동제2투,4675,3578,1895,1664,1,1,3,3,3567,11,1097
부산광역시,남구,,대연제1동제3투,3616,2782,1645,1120,0,2,5,6,2778,4,834
부산광역시,남구,대연제2동,소계,6080,4407,2841,1545,1,1,4,2,4394,13,1673
부산광역시,남구,,대연제2동제1투,2721,1975,1255,710,0,0,2,1,1968,7,746
부산광역시,남구,,대연제2동제2투,3359,2432,1586,835,1,1,2,1,2426,6,927
부산광역시,남구,대연제3동,소계,21931,16719,9508,7125,5,5,17,18,16678,41,5212
부산광역시,남구,,대연제3동제1투,3861,2912,1601,1287,1,1,5,5,2900,12,949
부산광역시,남구,,대연제3동제2투,4019,3192,1852,1325,0,1,3,5,3186,6,827
부산광역시,남구,,대연제3동제3투,3194,2057,1122,926,0,0,1,3,2052,5,1137
부산광역시,남구,,대연제3동제4투,3885,3007,1760,1235,2,1,0,1,2999,8,878
부산광역시,남구,,대연제3동제5투,3322,2568,1491,1058,1,1,7,2,2560,8,754
부산광역시,남구,,대연제3동제6투,3650,2983,1682,1294,1,1,1,2,2981,2,667
부산광역시,남구,대연제4동,소계,11648,8889,5441,3403,1,1,13,4,8863,26,2759
부산광역시,남구,,대연제4동제1투,3131,2412,1421,980,0,0,6,1,2408,4,719
부산광역시,남구,,대연제4동제2투,3528,2620,1612,993,1,1,4,2,2613,7,908
부산광역시,남구,,대연제4동제3투,2059,1545,966,567,0,0,2,0,1535,10,514
부산광역시,남구,,대연제4동제4투,2930,2312,1442,863,0,0,1,1,2307,5,618
부산광역시,남구,대연제5동,소계,12587,9624,5763,3819,3,4,17,4,9610,14,2963
부산광역시,남구,,대연제5동제1투,4073,3103,1894,1189,2,2,7,2,3096,7,970
부산광역시,남구,,대연제5동제2투,4302,3265,1991,1265,1,0,5,1,3263,2,1037
부산광역시,남구,,대연제5동제3투,4212,3256,1878,1365,0,2,5,1,3251,5,956
부산광역시,남구,대연제6동,소계,9425,7260,4449,2781,1,2,7,6,7246,14,2165
부산광역시,남구,,대연제6동제1투,2903,2077,1307,754,0,1,5,4,2071,6,826
부산광역시,남구,,대연제6동제2투,3067,2499,1534,962,1,0,0,1,2498,1,568
부산광역시,남구,,대연제6동제3투,3455,2684,1608,1065,0,1,2,1,2677,7,771
부산광역시,남구,용호제1동,소계,34322,27040,16701,10220,5,5,33,18,26982,58,7282
부산광역시,남구,,용호제1동제1투,2977,2180,1402,770,0,0,1,3,2176,4,797
부산광역시,남구,,용호제1동제2투,2858,1986,1258,716,0,1,1,3,1979,7,872
부산광역시,남구,,용호제1동제3투,3062,2293,1442,839,1,0,1,3,2286,7,769
부산광역시,남구,,용호제1동제4투,2387,1772,1094,669,1,0,1,2,1767,5,615
부산광역시,남구,,용호제1동제5투,4274,3451,1885,1546,1,1,7,5,3445,6,823
부산광역시,남구,,용호제1동제6투,4527,3690,2223,1450,0,0,8,0,3681,9,837
부산광역시,남구,,용호제1동제7투,4185,3372,2185,1174,0,2,3,0,3364,8,813
부산광역시,남구,,용호제1동제8투,4526,3708,2408,1292,0,1,4,0,3705,3,818
부산광역시,남구,,용호제1동제9투,3007,2444,1369,1063,2,0,3,1,2438,6,563
부산광역시,남구,,용호제1동제10투,2519,2144,1435,701,0,0,4,1,2141,3,375
부산광역시,남구,용호제2동,소계,16053,12372,7626,4690,3,3,19,11,12352,20,3681
부산광역시,남구,,용호제2동제1투,3079,2299,1465,816,1,0,4,5,2291,8,780
부산광역시,남구,,용호제2동제2투,2947,2179,1455,714,1,2,3,2,2177,2,768
부산광역시,남구,,용호제2동제3투,4134,3182,1955,1214,0,0,3,2,3174,8,952
부산광역시,남구,,용호제2동제4투,2600,2069,1180,881,0,0,5,1,2067,2,531
부산광역시,남구,,용호제2동제5투,3293,2643,1571,1065,1,1,4,1,2643,0,650
부산광역시,남구,용호제3동,소계,12505,9678,6029,3598,1,6,7,6,9647,31,2827
부산광역시,남구,,용호제3동제1투,3435,2711,1640,1055,0,4,2,0,2701,10,724
부산광역시,남구,,용호제3동제2투,2825,2096,1344,739,1,1,2,3,2090,6,729
부산광역시,남구,,용호제3동제3투,2963,2262,1493,757,0,1,1,3,2255,7,701
부산광역시,남구,,용호제3동제4투,3282,2609,1552,1047,0,0,2,0,2601,8,673
부산광역시,남구,용호제4동,소계,6694,4986,2993,1970,1,1,5,8,4978,8,1708
부산광역시,남구,,용호제4동제1투,3358,2464,1473,980,0,0,3,5,2461,3,894
부산광역시,남구,,용호제4동제2투,3336,2522,1520,990,1,1,2,3,2517,5,814
부산광역시,남구,용당동,소계,7582,5996,3510,2460,1,2,10,5,5988,8,1586
부산광역시,남구,,용당동제1투,1948,1408,912,491,0,1,2,1,1407,1,540
부산광역시,남구,,용당동제2투,2266,1790,1020,763,0,1,2,0,1786,4,476
부산광역시,남구,,용당동제3투,3368,2798,1578,1206,1,0,6,4,2795,3,570
부산광역시,남구,감만제1동,소계,14311,10800,6463,4299,4,4,6,11,10787,13,3511
부산광역시,남구,,감만제1동제1투,2170,1505,1009,493,0,0,0,1,1503,2,665
부산광역시,남구,,감만제1동제2투,3185,2423,1425,989,0,1,2,3,2420,3,762
부산광역시,남구,,감만제1동제3투,2562,1869,1252,613,0,0,0,2,1867,2,693
부산광역시,남구,,감만제1동제4투,2942,2206,1298,894,3,0,2,5,2202,4,736
부산광역시,남구,,감만제1동제5투,3452,2797,1479,1310,1,3,2,0,2795,2,655
부산광역시,남구,감만제2동,소계,6770,5134,3238,1867,0,2,7,2,5116,18,1636
부산광역시,남구,,감만제2동제1투,3065,2258,1469,772,0,2,1,1,2245,13,807
부산광역시,남구,,감만제2동제2투,3705,2876,1769,1095,0,0,6,1,2871,5,829
부산광역시,남구,우암제1동,소계,11895,9504,5776,3673,1,6,13,9,9478,26,2391
부산광역시,남구,,우암제1동제1투,3084,2448,1480,954,0,1,3,5,2443,5,636
부산광역시,남구,,우암제1동제2투,3494,2956,1738,1203,0,4,2,3,2950,6,538
부산광역시,남구,,우암제1동제3투,2059,1458,994,457,1,0,3,0,1455,3,601
부산광역시,남구,,우암제1동제4투,3258,2642,1564,1059,0,1,5,1,2630,12,616
부산광역시,남구,우암제2동,소계,5050,3700,2446,1234,2,2,4,4,3692,8,1350
부산광역시,남구,,우암제2동제1투,2504,1872,1249,614,1,1,2,2,1869,3,632
부산광역시,남구,,우암제2동제2투,2546,1828,1197,620,1,1,2,2,1823,5,718
부산광역시,남구,문현제1동,소계,13608,10282,6301,3935,1,5,12,8,10262,20,3326
부산광역시,남구,,문현제1동제1투,4054,3036,1919,1099,0,2,6,5,3031,5,1018
부산광역시,남구,,문현제1동제2투,3268,2560,1541,1007,0,0,3,2,2553,7,708
부산광역시,남구,,문현제1동제3투,3699,2835,1682,1140,1,3,2,1,2829,6,864
부산광역시,남구,,문현제1동제4투,2587,1851,1159,689,0,0,1,0,1849,2,736
부산광역시,남구,문현제2동,소계,7916,5630,3720,1883,3,0,6,8,5620,10,2286
부산광역시,남구,,문현제2동제1투,2748,1904,1268,627,1,0,3,3,1902,2,844
부산광역시,남구,,문현제2동제2투,2113,1501,1039,453,1,0,1,1,1495,6,612
부산광역시,남구,,문현제2동제3투,3055,2225,1413,803,1,0,2,4,2223,2,830
부산광역시,남구,문현제3동,소계,12042,9384,5674,3662,1,4,13,13,9367,17,2658
부산광역시,남구,,문현제3동제1투,3658,2771,1730,1025,0,2,4,6,2767,4,887
부산광역시,남구,,문현제3동제2투,3506,2664,1649,1003,0,1,4,4,2661,3,842
부산광역시,남구,,문현제3동제3투,4878,3949,2295,1634,1,1,5,3,3939,10,929
부산광역시,남구,문현제4동,소계,10344,7812,4864,2904,0,3,10,11,7792,20,2532
부산광역시,남구,,문현제4동제1투,3374,2605,1617,971,0,0,2,5,2595,10,769
부산광역시,남구,,문현제4동제2투,4092,3112,1880,1219,0,2,4,3,3108,4,980
부산광역시,남구,,문현제4동제3투,2878,2095,1367,714,0,1,4,3,2089,6,783
부산광역시,북구,소계,,250964,196487,111611,83710,45,99,251,205,195921,566,54477
부산광역시,북구,재외투표,,922,639,235,397,0,0,0,0,632,7,283
부산광역시,북구,국내부재자투표,,6914,6503,3074,3270,6,12,22,20,6404,99,411
부산광역시,북구,소계,,243128,189345,108302,80043,39,87,229,185,188885,460,53783
부산광역시,북구,구포제1동,소계,11520,8331,5259,3018,3,3,7,16,8306,25,3189
부산광역시,북구,,구포제1동제1투,3019,2101,1448,636,0,1,4,5,2094,7,918
부산광역시,북구,,구포제1동제2투,2645,1917,1215,693,1,0,0,2,1911,6,728
부산광역시,북구,,구포제1동제3투,2841,2084,1301,772,0,1,1,4,2079,5,757
부산광역시,북구,,구포제1동제4투,3015,2229,1295,917,2,1,2,5,2222,7,786
부산광역시,북구,구포제2동,소계,24479,18493,10709,7686,4,7,12,26,18444,49,5986
부산광역시,북구,,구포제2동제1투,3402,2497,1550,935,0,1,0,3,2489,8,905
부산광역시,북구,,구포제2동제2투,4092,2738,1727,992,0,0,2,6,2727,11,1354
부산광역시,북구,,구포제2동제3투,3935,3062,1748,1301,1,1,0,3,3054,8,873
부산광역시,북구,,구포제2동제4투,4123,3125,1805,1300,2,3,3,3,3116,9,998
부산광역시,북구,,구포제2동제5투,4300,3542,1962,1565,0,0,5,4,3536,6,758
부산광역시,북구,,구포제2동제6투,1949,1319,800,509,0,0,1,4,1314,5,630
부산광역시,북구,,구포제2동제7투,2678,2210,1117,1084,1,2,1,3,2208,2,468
부산광역시,북구,구포제3동,소계,20882,15143,8833,6240,3,3,13,15,15107,36,5739
부산광역시,북구,,구포제3동제1투,3316,2337,1390,935,0,1,3,4,2333,4,979
부산광역시,북구,,구포제3동제2투,3296,2310,1348,953,0,1,0,3,2305,5,986
부산광역시,북구,,구포제3동제3투,3555,2554,1479,1064,0,0,1,3,2547,7,1001
부산광역시,북구,,구포제3동제4투,3615,2812,1596,1198,3,0,3,2,2802,10,803
부산광역시,북구,,구포제3동제5투,3159,2319,1402,911,0,1,2,0,2316,3,840
부산광역시,북구,,구포제3동제6투,3941,2811,1618,1179,0,0,4,3,2804,7,1130
부산광역시,북구,덕천제1동,소계,14681,11082,6675,4337,1,14,15,13,11055,27,3599
부산광역시,북구,,덕천제1동제1투,4170,3307,1953,1336,0,4,6,2,3301,6,863
부산광역시,북구,,덕천제1동제2투,3738,2745,1687,1037,1,6,2,4,2737,8,993
부산광역시,북구,,덕천제1동제3투,2686,1996,1203,781,0,3,2,3,1992,4,690
부산광역시,북구,,덕천제1동제4투,4087,3034,1832,1183,0,1,5,4,3025,9,1053
부산광역시,북구,덕천제2동,소계,12719,9512,5720,3754,1,3,8,8,9494,18,3207
부산광역시,북구,,덕천제2동제1투,3160,2330,1408,915,0,1,0,1,2325,5,830
부산광역시,북구,,덕천제2동제2투,3229,2381,1411,964,0,0,1,1,2377,4,848
부산광역시,북구,,덕천제2동제3투,3351,2560,1451,1099,0,0,4,2,2556,4,791
부산광역시,북구,,덕천제2동제4투,2979,2241,1450,776,1,2,3,4,2236,5,738
부산광역시,북구,덕천제3동,소계,11346,8426,5136,3240,1,3,11,12,8403,23,2920
부산광역시,북구,,덕천제3동제1투,3552,2740,1529,1198,0,2,5,1,2735,5,812
부산광역시,북구,,덕천제3동제2투,2279,1715,1033,674,0,1,2,0,1710,5,564
부산광역시,북구,,덕천제3동제3투,2886,2148,1323,810,0,0,2,6,2141,7,738
부산광역시,북구,,덕천제3동제4투,2629,1823,1251,558,1,0,2,5,1817,6,806
부산광역시,북구,만덕제1동,소계,10643,8251,4704,3487,4,4,7,8,8214,37,2392
부산광역시,북구,,만덕제1동제1투,2214,1681,1014,648,2,2,3,2,1671,10,533
부산광역시,북구,,만덕제1동제2투,2162,1520,850,656,0,0,1,2,1509,11,642
부산광역시,북구,,만덕제1동제3투,3136,2488,1413,1058,2,0,2,3,2478,10,648
부산광역시,북구,,만덕제1동제4투,3131,2562,1427,1125,0,2,1,1,2556,6,569
부산광역시,북구,만덕제2동,소계,18327,14053,8137,5842,5,4,21,18,14027,26,4274
부산광역시,북구,,만덕제2동제1투,2844,2132,1323,796,0,0,4,5,2128,4,712
부산광역시,북구,,만덕제2동제2투,2569,1888,1147,724,3,1,4,5,1884,4,681
부산광역시,북구,,만덕제2동제3투,3682,2799,1616,1167,1,1,2,3,2790,9,883
부산광역시,북구,,만덕제2동제4투,4251,3270,1966,1291,1,1,5,3,3267,3,981
부산광역시,북구,,만덕제2동제5투,4981,3964,2085,1864,0,1,6,2,3958,6,1017
부산광역시,북구,만덕제3동,소계,18089,14607,8239,6292,4,9,19,12,14575,32,3482
부산광역시,북구,,만덕제3동제1투,3269,2670,1503,1144,1,4,6,2,2660,10,599
부산광역시,북구,,만덕제3동제2투,3766,3087,1786,1291,0,0,5,2,3084,3,679
부산광역시,북구,,만덕제3동제3투,2934,2217,1241,966,1,0,2,0,2210,7,717
부산광역시,북구,,만덕제3동제4투,3894,3187,1725,1445,2,3,0,4,3179,8,707
부산광역시,북구,,만덕제3동제5투,4226,3446,1984,1446,0,2,6,4,3442,4,780
부산광역시,북구,금곡동,소계,32967,26023,14896,10967,3,13,33,23,25935,88,6944
부산광역시,북구,,금곡동제1투,1697,1249,700,545,0,0,1,0,1246,3,448
부산광역시,북구,,금곡동제2투,3037,2231,1511,687,1,2,4,9,2214,17,806
부산광역시,북구,,금곡동제3투,2152,1624,1115,494,1,3,1,0,1614,10,528
부산광역시,북구,,금곡동제4투,3337,2704,1635,1056,0,2,3,3,2699,5,633
부산광역시,북구,,금곡동제5투,3477,2837,1625,1191,0,0,6,3,2825,12,640
부산광역시,북구,,금곡동제6투,2900,2261,1276,978,0,0,1,3,2258,3,639
부산광역시,북구,,금곡동제7투,1971,1484,1008,468,0,1,2,0,1479,5,487
부산광역시,북구,,금곡동제8투,2304,1807,951,839,0,2,5,0,1797,10,497
부산광역시,북구,,금곡동제9투,3946,3017,1745,1258,0,0,2,3,3008,9,929
부산광역시,북구,,금곡동제10투,4037,3391,1679,1697,0,3,6,0,3385,6,646
부산광역시,북구,,금곡동제11투,4109,3418,1651,1754,1,0,2,2,3410,8,691
부산광역시,북구,화명제1동,소계,28389,23501,12625,10777,5,9,36,9,23461,40,4888
부산광역시,북구,,화명제1동제1투,3792,3118,1603,1501,2,2,5,2,3115,3,674
부산광역시,북구,,화명제1동제2투,4393,3657,1943,1698,0,1,7,1,3650,7,736
부산광역시,북구,,화명제1동제3투,3569,2781,1519,1242,1,1,7,2,2772,9,788
부산광역시,북구,,화명제1동제4투,2677,2165,1141,1016,0,1,4,1,2163,2,512
부산광역시,북구,,화명제1동제5투,5074,4190,2337,1843,0,1,3,2,4186,4,884
부산광역시,북구,,화명제1동제6투,2704,2336,1286,1043,0,1,3,0,2333,3,368
부산광역시,북구,,화명제1동제7투,3247,2810,1513,1279,1,1,5,1,2800,10,437
부산광역시,북구,,화명제1동제8투,2933,2444,1283,1155,1,1,2,0,2442,2,489
부산광역시,북구,화명제2동,소계,15515,12170,6700,5400,3,7,24,11,12145,25,3345
부산광역시,북구,,화명제2동제1투,2947,2181,1298,869,1,2,5,2,2177,4,766
부산광역시,북구,,화명제2동제2투,3193,2481,1371,1094,0,1,8,2,2476,5,712
부산광역시,북구,,화명제2동제3투,3549,2869,1532,1323,1,1,7,1,2865,4,680
부산광역시,북구,,화명제2동제4투,3022,2299,1265,1021,1,1,2,3,2293,6,723
부산광역시,북구,,화명제2동제5투,2804,2340,1234,1093,0,2,2,3,2334,6,464
부산광역시,북구,화명제3동,소계,23571,19753,10669,9003,2,8,23,14,19719,34,3818
부산광역시,북구,,화명제3동제1투,4426,3681,2013,1652,0,1,7,3,3676,5,745
부산광역시,북구,,화명제3동제2투,2322,1964,1033,926,1,0,1,0,1961,3,358
부산광역시,북구,,화명제3동제3투,3613,2961,1628,1317,1,1,6,2,2955,6,652
부산광역시,북구,,화명제3동제4투,3282,2735,1482,1243,0,1,3,1,2730,5,547
부산광역시,북구,,화명제3동제5투,1756,1479,849,621,0,2,1,2,1475,4,277
부산광역시,북구,,화명제3동제6투,3978,3359,1728,1615,0,2,2,5,3352,7,619
부산광역시,북구,,화명제3동제7투,4194,3574,1936,1629,0,1,3,1,3570,4,620
부산광역시,해운대구,소계,,340520,260066,155263,103287,53,93,443,241,259380,686,80454
부산광역시,해운대구,재외투표,,2010,1348,573,764,0,2,3,1,1343,5,662
부산광역시,해운대구,국내부재자투표,,9122,8488,4054,4219,5,17,26,35,8356,132,634
부산광역시,해운대구,소계,,329388,250230,150636,98304,48,74,414,205,249681,549,79158
부산광역시,해운대구,우제1동,소계,37613,28502,18701,9671,2,6,43,26,28449,53,9111
부산광역시,해운대구,,우제1동제1투,3326,2382,1562,800,1,1,4,5,2373,9,944
부산광역시,해운대구,,우제1동제2투,4263,3318,1952,1349,0,0,8,5,3314,4,945
부산광역시,해운대구,,우제1동제3투,3373,2434,1622,799,0,0,3,4,2428,6,939
부산광역시,해운대구,,우제1동제4투,3564,2237,1489,738,0,0,2,2,2231,6,1327
부산광역시,해운대구,,우제1동제5투,3773,3048,1914,1122,0,3,5,3,3047,1,725
부산광역시,해운대구,,우제1동제6투,3159,2598,1658,929,0,0,2,2,2591,7,561
부산광역시,해운대구,,우제1동제7투,4360,3541,2245,1279,0,0,7,1,3532,9,819
부산광역시,해운대구,,우제1동제8투,3041,2344,1793,545,0,0,3,1,2342,2,697
부산광역시,해운대구,,우제1동제9투,3942,2873,1978,886,0,0,3,2,2869,4,1069
부산광역시,해운대구,,우제1동제10투,4812,3727,2488,1224,1,2,6,1,3722,5,1085
부산광역시,해운대구,우제2동,소계,21286,16538,10324,6145,1,2,31,9,16512,26,4748
부산광역시,해운대구,,우제2동제1투,5216,4257,2632,1605,0,0,11,3,4251,6,959
부산광역시,해운대구,,우제2동제2투,3799,2822,1726,1083,0,0,3,2,2814,8,977
부산광역시,해운대구,,우제2동제3투,3134,2374,1473,890,0,1,5,0,2369,5,760
부산광역시,해운대구,,우제2동제4투,4754,3702,2163,1523,0,0,9,2,3697,5,1052
부산광역시,해운대구,,우제2동제5투,4383,3383,2330,1044,1,1,3,2,3381,2,1000
부산광역시,해운대구,중제1동,소계,17686,12993,8077,4852,0,2,25,8,12964,29,4693
부산광역시,해운대구,,중제1동제1투,4415,3031,2039,970,0,1,7,3,3020,11,1384
부산광역시,해운대구,,중제1동제2투,4273,3298,2041,1243,0,0,4,1,3289,9,975
부산광역시,해운대구,,중제1동제3투,4543,3341,2049,1280,0,0,6,1,3336,5,1202
부산광역시,해운대구,,중제1동제4투,4455,3323,1948,1359,0,1,8,3,3319,4,1132
부산광역시,해운대구,중제2동,소계,9449,6448,4004,2407,0,3,12,3,6429,19,3001
부산광역시,해운대구,,중제2동제1투,3247,2179,1342,826,0,1,4,1,2174,5,1068
부산광역시,해운대구,,중제2동제2투,3318,2194,1293,888,0,1,3,1,2186,8,1124
부산광역시,해운대구,,중제2동제3투,2884,2075,1369,693,0,1,5,1,2069,6,809
부산광역시,해운대구,좌제1동,소계,14140,11197,6374,4770,1,2,21,2,11170,27,2943
부산광역시,해운대구,,좌제1동제1투,2755,1918,1068,842,0,1,4,0,1915,3,837
부산광역시,해운대구,,좌제1동제2투,3306,2653,1561,1078,0,1,5,0,2645,8,653
부산광역시,해운대구,,좌제1동제3투,3715,3017,1633,1367,1,0,9,0,3010,7,698
부산광역시,해운대구,,좌제1동제4투,4364,3609,2112,1483,0,0,3,2,3600,9,755
부산광역시,해운대구,좌제2동,소계,25726,20075,11389,8574,3,4,43,22,20035,40,5651
부산광역시,해운대구,,좌제2동제1투,5072,3440,1876,1549,0,0,10,4,3439,1,1632
부산광역시,해운대구,,좌제2동제2투,2210,1832,1111,712,0,1,6,0,1830,2,378
부산광역시,해운대구,,좌제2동제3투,4162,3329,1831,1470,1,0,10,5,3317,12,833
부산광역시,해운대구,,좌제2동제4투,3480,2694,1490,1196,0,1,1,3,2691,3,786
부산광역시,해운대구,,좌제2동제5투,3878,3138,1821,1299,0,1,7,2,3130,8,740
부산광역시,해운대구,,좌제2동제6투,3533,2878,1667,1196,2,0,3,4,2872,6,655
부산광역시,해운대구,,좌제2동제7투,3391,2764,1593,1152,0,1,6,4,2756,8,627
부산광역시,해운대구,좌제3동,소계,14209,11494,6769,4661,3,7,23,11,11474,20,2715
부산광역시,해운대구,,좌제3동제1투,4084,3333,2039,1270,0,4,9,6,3328,5,751
부산광역시,해운대구,,좌제3동제2투,2998,2366,1380,976,1,0,3,2,2362,4,632
부산광역시,해운대구,,좌제3동제3투,3470,2774,1538,1222,1,1,6,1,2769,5,696
부산광역시,해운대구,,좌제3동제4투,3657,3021,1812,1193,1,2,5,2,3015,6,636
부산광역시,해운대구,좌제4동,소계,18994,15460,8843,6527,6,3,40,12,15431,29,3534
부산광역시,해운대구,,좌제4동제1투,3319,2629,1453,1166,0,0,5,1,2625,4,690
부산광역시,해운대구,,좌제4동제2투,1708,1364,729,631,0,0,1,1,1362,2,344
부산광역시,해운대구,,좌제4동제3투,3378,2736,1498,1218,3,1,9,4,2733,3,642
부산광역시,해운대구,,좌제4동제4투,3884,3173,1860,1297,0,0,11,2,3170,3,711
부산광역시,해운대구,,좌제4동제5투,3381,2799,1683,1090,3,2,8,3,2789,10,582
부산광역시,해운대구,,좌제4동제6투,3324,2759,1620,1125,0,0,6,1,2752,7,565
부산광역시,해운대구,송정동,소계,8139,5886,3789,2060,1,2,11,4,5867,19,2253
부산광역시,해운대구,,송정동제1투,4882,3518,2273,1228,1,1,6,2,3511,7,1364
부산광역시,해운대구,,송정동제2투,3257,2368,1516,832,0,1,5,2,2356,12,889
부산광역시,해운대구,반여제1동,소계,32695,26127,14728,11273,5,9,44,16,26075,52,6568
부산광역시,해운대구,,반여제1동제1투,3011,2215,1380,821,0,3,2,2,2208,7,796
부산광역시,해운대구,,반여제1동제2투,3211,2384,1487,885,2,1,1,2,2378,6,827
부산광역시,해운대구,,반여제1동제3투,4342,3354,1929,1411,0,1,9,1,3351,3,988
부산광역시,해운대구,,반여제1동제4투,4340,3331,1997,1321,2,1,4,1,3326,5,1009
부산광역시,해운대구,,반여제1동제5투,2311,1903,1060,833,0,0,4,1,1898,5,408
부산광역시,해운대구,,반여제1동제6투,3267,2741,1504,1221,1,2,3,4,2735,6,526
부산광역시,해운대구,,반여제1동제7투,2648,2219,1162,1046,0,0,6,2,2216,3,429
부산광역시,해운대구,,반여제1동제8투,2629,2189,1169,1009,0,0,7,0,2185,4,440
부산광역시,해운대구,,반여제1동제9투,3336,2787,1514,1260,0,1,3,2,2780,7,549
부산광역시,해운대구,,반여제1동제10투,3600,3004,1526,1466,0,0,5,1,2998,6,596
부산광역시,해운대구,반여제2동,소계,14148,9762,6081,3624,4,4,14,10,9737,25,4386
부산광역시,해운대구,,반여제2동제1투,2937,2072,1377,686,1,0,2,4,2070,2,865
부산광역시,해운대구,,반여제2동제2투,3071,2176,1311,857,0,2,2,0,2172,4,895
부산광역시,해운대구,,반여제2동제3투,2919,1849,1177,660,0,0,4,2,1843,6,1070
부산광역시,해운대구,,반여제2동제4투,2961,2109,1262,833,2,1,4,3,2105,4,852
부산광역시,해운대구,,반여제2동제5투,2260,1556,954,588,1,1,2,1,1547,9,704
부산광역시,해운대구,반여제3동,소계,10252,7204,4454,2716,2,4,9,7,7192,12,3048
부산광역시,해운대구,,반여제3동제1투,3502,2470,1552,906,1,2,1,2,2464,6,1032
부산광역시,해운대구,,반여제3동제2투,3096,2185,1385,790,0,1,2,3,2181,4,911
부산광역시,해운대구,,반여제3동제3투,3654,2549,1517,1020,1,1,6,2,2547,2,1105
부산광역시,해운대구,반여제4동,소계,13114,10519,5946,4525,2,5,14,6,10498,21,2595
부산광역시,해운대구,,반여제4동제1투,2654,2022,1209,798,0,2,4,1,2014,8,632
부산광역시,해운대구,,반여제4동제2투,3545,2746,1650,1088,1,0,1,3,2743,3,799
부산광역시,해운대구,,반여제4동제3투,3236,2740,1513,1212,1,2,5,2,2735,5,496
부산광역시,해운대구,,반여제4동제4투,3679,3011,1574,1427,0,1,4,0,3006,5,668
부산광역시,해운대구,반송제1동,소계,9143,6326,4005,2277,2,2,8,12,6306,20,2817
부산광역시,해운대구,,반송제1동제1투,2435,1683,1053,617,0,2,2,4,1678,5,752
부산광역시,해운대구,,반송제1동제2투,1999,1381,879,490,0,0,2,3,1374,7,618
부산광역시,해운대구,,반송제1동제3투,1915,1278,793,477,0,0,2,2,1274,4,637
부산광역시,해운대구,,반송제1동제4투,2324,1639,1032,599,1,0,2,2,1636,3,685
부산광역시,해운대구,,반송제1동제5투,470,345,248,94,1,0,0,1,344,1,125
부산광역시,해운대구,반송제2동,소계,25475,18788,11659,7015,4,9,16,23,18726,62,6687
부산광역시,해운대구,,반송제2동제1투,3131,2344,1553,781,0,0,4,0,2338,6,787
부산광역시,해운대구,,반송제2동제2투,4498,3300,1929,1357,1,1,1,4,3293,7,1198
부산광역시,해운대구,,반송제2동제3투,2466,1658,1054,587,0,2,0,5,1648,10,808
부산광역시,해운대구,,반송제2동제4투,1862,1335,850,478,0,0,0,1,1329,6,527
부산광역시,해운대구,,반송제2동제5투,3988,3078,1902,1161,0,1,5,2,3071,7,910
부산광역시,해운대구,,반송제2동제6투,3024,2109,1354,740,1,0,3,2,2100,9,915
부산광역시,해운대구,,반송제2동제7투,2585,1894,1312,568,0,1,0,4,1885,9,691
부산광역시,해운대구,,반송제2동제8투,3921,3070,1705,1343,2,4,3,5,3062,8,851
부산광역시,해운대구,반송제3동,소계,7721,5420,3467,1907,4,1,4,5,5388,32,2301
부산광역시,해운대구,,반송제3동제1투,2052,1462,922,527,3,0,1,0,1453,9,590
부산광역시,해운대구,,반송제3동제2투,2862,1972,1301,655,0,0,2,3,1961,11,890
부산광역시,해운대구,,반송제3동제3투,2807,1986,1244,725,1,1,1,2,1974,12,821
부산광역시,해운대구,재송제1동,소계,24055,18683,10985,7624,3,6,32,16,18666,17,5372
부산광역시,해운대구,,재송제1동제1투,3744,2814,1679,1125,0,1,3,3,2811,3,930
부산광역시,해운대구,,재송제1동제2투,3565,2628,1639,982,1,1,0,3,2626,2,937
부산광역시,해운대구,,재송제1동제3투,3863,2892,1757,1119,1,0,7,4,2888,4,971
부산광역시,해운대구,,재송제1동제4투,3215,2532,1303,1218,0,2,2,4,2529,3,683
부산광역시,해운대구,,재송제1동제5투,5191,4186,2379,1790,0,1,15,1,4186,0,1005
부산광역시,해운대구,,재송제1동제6투,4477,3631,2228,1390,1,1,5,1,3626,5,846
부산광역시,해운대구,재송제2동,소계,25543,18808,11041,7676,5,3,24,13,18762,46,6735
부산광역시,해운대구,,재송제2동제1투,3166,2270,1376,881,2,0,2,1,2262,8,896
부산광역시,해운대구,,재송제2동제2투,3032,2201,1280,909,0,1,1,0,2191,10,831
부산광역시,해운대구,,재송제2동제3투,3581,2513,1433,1064,1,1,5,4,2508,5,1068
부산광역시,해운대구,,재송제2동제4투,3321,2472,1500,961,0,0,6,2,2469,3,849
부산광역시,해운대구,,재송제2동제5투,2824,2080,1184,884,0,0,1,4,2073,7,744
부산광역시,해운대구,,재송제2동제6투,2705,1942,1165,772,1,0,1,0,1939,3,763
부산광역시,해운대구,,재송제2동제7투,3612,2772,1612,1143,0,1,5,1,2762,10,840
부산광역시,해운대구,,재송제2동제8투,3302,2558,1491,1062,1,0,3,1,2558,0,744
부산광역시,기장군,소계,,89141,67694,41164,26084,17,24,77,83,67449,245,21447
부산광역시,기장군,재외투표,,377,253,127,122,0,0,1,0,250,3,124
부산광역시,기장군,국내부재자투표,,2190,2032,1058,919,6,2,1,6,1992,40,158
부산광역시,기장군,소계,,86574,65409,39979,25043,11,22,75,77,65207,202,21165
부산광역시,기장군,기장읍,소계,41760,31358,19773,11406,2,12,43,25,31261,97,10402
부산광역시,기장군,,기장읍제1투,5733,3858,2517,1327,0,0,2,4,3850,8,1875
부산광역시,기장군,,기장읍제2투,4704,3476,2110,1355,0,1,3,3,3472,4,1228
부산광역시,기장군,,기장읍제3투,3719,2996,1626,1347,0,2,8,3,2986,10,723
부산광역시,기장군,,기장읍제4투,4611,3388,2085,1282,2,2,7,4,3382,6,1223
부산광역시,기장군,,기장읍제5투,5203,4083,2437,1626,0,1,5,3,4072,11,1120
부산광역시,기장군,,기장읍제6투,4537,3324,1994,1311,0,2,5,1,3313,11,1213
부산광역시,기장군,,기장읍제7투,3960,3023,1981,1023,0,2,8,2,3016,7,937
부산광역시,기장군,,기장읍제8투,2331,1678,1113,547,0,1,2,1,1664,14,653
부산광역시,기장군,,기장읍제9투,1941,1406,987,407,0,1,1,2,1398,8,535
부산광역시,기장군,,기장읍제10투,3226,2563,1540,1012,0,0,2,2,2556,7,663
부산광역시,기장군,,기장읍제11투,794,603,435,157,0,0,0,0,592,11,191
부산광역시,기장군,,기장읍제12투,1001,960,948,12,0,0,0,0,960,0,41
부산광역시,기장군,장안읍,소계,8234,6120,4173,1891,4,1,4,18,6091,29,2114
부산광역시,기장군,,장안읍제1투,2060,1459,1021,425,1,1,2,4,1454,5,601
부산광역시,기장군,,장안읍제2투,981,739,560,168,1,0,1,1,731,8,242
부산광역시,기장군,,장안읍제3투,735,560,404,150,0,0,0,4,558,2,175
부산광역시,기장군,,장안읍제4투,1495,1038,712,318,2,0,0,2,1034,4,457
부산광역시,기장군,,장안읍제5투,1946,1478,1064,399,0,0,1,6,1470,8,468
부산광역시,기장군,,장안읍제6투,1017,846,412,431,0,0,0,1,844,2,171
부산광역시,기장군,일광면,소계,8012,5934,4126,1763,1,4,2,13,5909,25,2078
부산광역시,기장군,,일광면제1투,1947,1376,960,410,0,0,0,2,1372,4,571
부산광역시,기장군,,일광면제2투,1996,1483,1079,394,1,0,0,5,1479,4,513
부산광역시,기장군,,일광면제3투,589,422,317,95,0,2,1,0,415,7,167
부산광역시,기장군,,일광면제4투,776,611,423,184,0,0,0,2,609,2,165
부산광역시,기장군,,일광면제5투,2704,2042,1347,680,0,2,1,4,2034,8,662
부산광역시,기장군,정관면,소계,22646,17455,8962,8417,3,3,22,11,17418,37,5191
부산광역시,기장군,,정관면제1투,5638,4052,2151,1881,0,2,3,3,4040,12,1586
부산광역시,기장군,,정관면제2투,3431,2608,1343,1254,0,0,4,2,2603,5,823
부산광역시,기장군,,정관면제3투,781,626,433,186,2,0,1,4,626,0,155
부산광역시,기장군,,정관면제4투,3146,2609,1236,1365,0,1,2,0,2604,5,537
부산광역시,기장군,,정관면제5투,2606,2159,1039,1111,0,0,7,2,2159,0,447
부산광역시,기장군,,정관면제6투,3093,2396,1284,1102,1,0,3,0,2390,6,697
부산광역시,기장군,,정관면제7투,3951,3005,1476,1518,0,0,2,0,2996,9,946
부산광역시,기장군,철마면,소계,5922,4542,2945,1566,1,2,4,10,4528,14,1380
부산광역시,기장군,,철마면제1투,1802,1380,971,396,1,1,0,8,1377,3,422
부산광역시,기장군,,철마면제2투,1527,1214,704,501,0,0,3,0,1208,6,313
부산광역시,기장군,,철마면제3투,2593,1948,1270,669,0,1,1,2,1943,5,645
부산광역시,사하구,소계,,286161,215739,125432,89012,64,83,245,203,215039,700,70422
부산광역시,사하구,재외투표,,1263,877,356,511,0,0,3,1,871,6,386
부산광역시,사하구,국내부재자투표,,6858,6392,3059,3181,9,5,16,25,6295,97,466
부산광역시,사하구,소계,,278040,208470,122017,85320,55,78,226,177,207873,597,69570
부산광역시,사하구,괴정제1동,소계,17259,13236,8047,5121,4,4,6,8,13190,46,4023
부산광역시,사하구,,괴정제1동제1투,3618,2808,1675,1119,0,1,1,2,2798,10,810
부산광역시,사하구,,괴정제1동제2투,3762,2827,1771,1049,0,1,0,1,2822,5,935
부산광역시,사하구,,괴정제1동제3투,2864,2142,1333,792,0,1,3,1,2130,12,722
부산광역시,사하구,,괴정제1동제4투,3376,2565,1589,954,4,1,1,3,2552,13,811
부산광역시,사하구,,괴정제1동제5투,3639,2894,1679,1207,0,0,1,1,2888,6,745
부산광역시,사하구,괴정제2동,소계,14034,10399,6226,4109,3,5,8,7,10358,41,3635
부산광역시,사하구,,괴정제2동제1투,3745,2664,1610,1039,0,2,0,2,2653,11,1081
부산광역시,사하구,,괴정제2동제2투,4022,3088,1828,1241,1,1,1,3,3075,13,934
부산광역시,사하구,,괴정제2동제3투,3030,2201,1335,852,0,0,5,0,2192,9,829
부산광역시,사하구,,괴정제2동제4투,3237,2446,1453,977,2,2,2,2,2438,8,791
부산광역시,사하구,괴정제3동,소계,12395,9002,5503,3407,7,4,11,8,8940,62,3393
부산광역시,사하구,,괴정제3동제1투,3664,2684,1587,1057,5,2,2,2,2655,29,980
부산광역시,사하구,,괴정제3동제2투,4153,2974,1884,1060,2,2,5,3,2956,18,1179
부산광역시,사하구,,괴정제3동제3투,4578,3344,2032,1290,0,0,4,3,3329,15,1234
부산광역시,사하구,괴정제4동,소계,13368,10042,6148,3820,7,7,15,1,9998,44,3326
부산광역시,사하구,,괴정제4동제1투,3607,2738,1609,1113,4,1,1,0,2728,10,869
부산광역시,사하구,,괴정제4동제2투,3713,2784,1723,1036,2,3,6,0,2770,14,929
부산광역시,사하구,,괴정제4동제3투,2932,2234,1423,795,1,2,4,1,2226,8,698
부산광역시,사하구,,괴정제4동제4투,3116,2286,1393,876,0,1,4,0,2274,12,830
부산광역시,사하구,당리동,소계,24185,18694,10674,7943,1,6,23,12,18659,35,5491
부산광역시,사하구,,당리동제1투,4692,3770,1980,1776,1,1,7,1,3766,4,922
부산광역시,사하구,,당리동제2투,4615,3455,1934,1510,0,1,3,2,3450,5,1160
부산광역시,사하구,,당리동제3투,4856,3742,2223,1505,0,0,7,2,3737,5,1114
부산광역시,사하구,,당리동제4투,3621,2752,1558,1178,0,1,4,2,2743,9,869
부산광역시,사하구,,당리동제5투,3109,2343,1432,899,0,3,0,4,2338,5,766
부산광역시,사하구,,당리동제6투,3292,2632,1547,1075,0,0,2,1,2625,7,660
부산광역시,사하구,하단제1동,소계,18979,14560,8353,6132,2,7,19,18,14531,29,4419
부산광역시,사하구,,하단제1동제1투,3512,2694,1561,1124,0,0,0,3,2688,6,818
부산광역시,사하구,,하단제1동제2투,3281,2270,1309,945,0,3,1,4,2262,8,1011
부산광역시,사하구,,하단제1동제3투,4458,3212,1783,1413,2,2,3,5,3208,4,1246
부산광역시,사하구,,하단제1동제4투,4227,3463,2038,1412,0,1,5,3,3459,4,764
부산광역시,사하구,,하단제1동제5투,3501,2921,1662,1238,0,1,10,3,2914,7,580
부산광역시,사하구,하단제2동,소계,21917,16662,9336,7250,4,5,18,16,16629,33,5255
부산광역시,사하구,,하단제2동제1투,5034,3834,2172,1645,1,1,7,5,3831,3,1200
부산광역시,사하구,,하단제2동제2투,4435,3364,1881,1463,3,1,4,2,3354,10,1071
부산광역시,사하구,,하단제2동제3투,3451,2396,1395,992,0,0,1,3,2391,5,1055
부산광역시,사하구,,하단제2동제4투,4529,3429,1980,1430,0,2,5,4,3421,8,1100
부산광역시,사하구,,하단제2동제5투,4468,3639,1908,1720,0,1,1,2,3632,7,829
부산광역시,사하구,신평제1동,소계,16125,11459,6814,4563,0,7,21,15,11420,39,4666
부산광역시,사하구,,신평제1동제1투,3704,2815,1655,1147,0,1,2,2,2807,8,889
부산광역시,사하구,,신평제1동제2투,4164,2902,1715,1165,0,2,4,6,2892,10,1262
부산광역시,사하구,,신평제1동제3투,4354,2841,1696,1123,0,0,7,5,2831,10,1513
부산광역시,사하구,,신평제1동제4투,3903,2901,1748,1128,0,4,8,2,2890,11,1002
부산광역시,사하구,신평제2동,소계,12991,10022,5608,4372,2,4,7,6,9999,23,2969
부산광역시,사하구,,신평제2동제1투,3820,2637,1464,1160,1,1,0,1,2627,10,1183
부산광역시,사하구,,신평제2동제2투,4265,3422,1913,1496,0,1,4,1,3415,7,843
부산광역시,사하구,,신평제2동제3투,2338,1903,1105,789,0,1,1,2,1898,5,435
부산광역시,사하구,,신평제2동제4투,2568,2060,1126,927,1,1,2,2,2059,1,508
부산광역시,사하구,장림제1동,소계,11634,8318,4793,3485,1,3,7,10,8299,19,3316
부산광역시,사하구,,장림제1동제1투,3930,2571,1593,964,0,1,5,5,2568,3,1359
부산광역시,사하구,,장림제1동제2투,3657,2560,1592,949,1,1,1,5,2549,11,1097
부산광역시,사하구,,장림제1동제3투,4047,3187,1608,1572,0,1,1,0,3182,5,860
부산광역시,사하구,장림제2동,소계,23961,17798,9939,7769,2,8,22,12,17752,46,6163
부산광역시,사하구,,장림제2동제1투,3457,2288,1443,827,1,2,5,2,2280,8,1169
부산광역시,사하구,,장림제2동제2투,4429,3358,1761,1585,0,1,0,2,3349,9,1071
부산광역시,사하구,,장림제2동제3투,3629,2776,1547,1220,0,1,4,2,2774,2,853
부산광역시,사하구,,장림제2동제4투,4159,3228,1871,1344,0,1,2,2,3220,8,931
부산광역시,사하구,,장림제2동제5투,4197,3105,1769,1312,1,3,4,2,3091,14,1092
부산광역시,사하구,,장림제2동제6투,4090,3043,1548,1481,0,0,7,2,3038,5,1047
부산광역시,사하구,다대제1동,소계,34426,26048,14859,11077,6,6,20,16,25984,64,8378
부산광역시,사하구,,다대제1동제1투,4066,2881,1658,1210,2,0,2,1,2873,8,1185
부산광역시,사하구,,다대제1동제2투,3647,2634,1527,1097,0,0,2,2,2628,6,1013
부산광역시,사하구,,다대제1동제3투,2341,1657,1040,609,1,0,0,1,1651,6,684
부산광역시,사하구,,다대제1동제4투,3014,2403,1404,986,0,0,1,2,2393,10,611
부산광역시,사하구,,다대제1동제5투,3488,2550,1445,1097,0,1,0,0,2543,7,938
부산광역시,사하구,,다대제1동제6투,2757,2024,1037,976,1,1,2,1,2018,6,733
부산광역시,사하구,,다대제1동제7투,3346,2699,1681,1008,0,1,2,1,2693,6,647
부산광역시,사하구,,다대제1동제8투,2328,1661,1104,543,1,1,3,4,1656,5,667
부산광역시,사하구,,다대제1동제9투,2053,1533,826,700,0,0,3,2,1531,2,520
부산광역시,사하구,,다대제1동제10투,4219,3420,1736,1675,1,0,3,2,3417,3,799
부산광역시,사하구,,다대제1동제11투,3167,2586,1401,1176,0,2,2,0,2581,5,581
부산광역시,사하구,다대제2동,소계,22844,17380,10232,7039,7,6,24,17,17325,55,5464
부산광역시,사하구,,다대제2동제1투,2754,2262,1304,953,0,0,3,1,2261,1,492
부산광역시,사하구,,다대제2동제2투,2861,2300,1364,925,0,0,3,1,2293,7,561
부산광역시,사하구,,다대제2동제3투,3583,2637,1633,980,1,2,5,3,2624,13,946
부산광역시,사하구,,다대제2동제4투,3513,2578,1358,1208,1,2,2,2,2573,5,935
부산광역시,사하구,,다대제2동제5투,2441,1839,1106,727,0,0,3,0,1836,3,602
부산광역시,사하구,,다대제2동제6투,4172,3299,1877,1404,2,1,6,3,3293,6,873
부산광역시,사하구,,다대제2동제7투,3520,2465,1590,842,3,1,2,7,2445,20,1055
부산광역시,사하구,구평동,소계,5376,4117,2602,1495,3,0,5,3,4108,9,1259
부산광역시,사하구,,구평동제1투,2597,1998,1178,811,1,0,1,3,1994,4,599
부산광역시,사하구,,구평동제2투,2191,1696,1116,570,2,0,4,0,1692,4,495
부산광역시,사하구,,구평동제3투,588,423,308,114,0,0,0,0,422,1,165
부산광역시,사하구,감천제1동,소계,20217,15034,9066,5899,5,3,13,14,15000,34,5183
부산광역시,사하구,,감천제1동제1투,4494,3211,2009,1186,0,2,1,5,3203,8,1283
부산광역시,사하구,,감천제1동제2투,3836,2504,1605,885,1,0,2,2,2495,9,1332
부산광역시,사하구,,감천제1동제3투,2624,1971,1210,747,1,0,2,3,1963,8,653
부산광역시,사하구,,감천제1동제4투,2593,2091,1213,864,2,1,4,2,2086,5,502
부산광역시,사하구,,감천제1동제5투,3173,2500,1427,1068,1,0,2,1,2499,1,673
부산광역시,사하구,,감천제1동제6투,3497,2757,1602,1149,0,0,2,1,2754,3,740
부산광역시,사하구,감천제2동,소계,8329,5699,3817,1839,1,3,7,14,5681,18,2630
부산광역시,사하구,,감천제2동제1투,3047,2134,1410,711,0,2,0,4,2127,7,913
부산광역시,사하구,,감천제2동제2투,2918,1880,1271,592,0,0,5,5,1873,7,1038
부산광역시,사하구,,감천제2동제3투,2364,1685,1136,536,1,1,2,5,1681,4,679
부산광역시,사하구,잘못 투입·구분된 투표지,,0,0,0,0,0,0,0,0,0,0,0
부산광역시,금정구,소계,,212193,164536,100400,63126,50,75,235,177,164063,473,47657
부산광역시,금정구,재외투표,,1093,787,298,480,0,0,1,1,780,7,306
부산광역시,금정구,국내부재자투표,,5864,5423,2547,2769,7,9,11,18,5361,62,441
부산광역시,금정구,소계,,205236,158326,97555,59877,43,66,223,158,157922,404,46910
부산광역시,금정구,서제1동,소계,8064,5578,3688,1846,1,2,8,15,5560,18,2486
부산광역시,금정구,,서제1동제1투,2862,1934,1309,608,1,0,5,6,1929,5,928
부산광역시,금정구,,서제1동제2투,2457,1767,1178,570,0,1,3,5,1757,10,690
부산광역시,금정구,,서제1동제3투,2745,1877,1201,668,0,1,0,4,1874,3,868
부산광역시,금정구,서제2동,소계,11388,8158,5234,2873,1,3,9,15,8135,23,3230
부산광역시,금정구,,서제2동제1투,4194,3040,1929,1100,1,0,0,4,3034,6,1154
부산광역시,금정구,,서제2동제2투,3862,2651,1720,909,0,2,7,6,2644,7,1211
부산광역시,금정구,,서제2동제3투,3332,2467,1585,864,0,1,2,5,2457,10,865
부산광역시,금정구,서제3동,소계,11759,8746,5589,3112,4,7,5,14,8731,15,3013
부산광역시,금정구,,서제3동제1투,2776,2147,1388,749,0,1,2,3,2143,4,629
부산광역시,금정구,,서제3동제2투,3235,2458,1521,929,0,1,0,3,2454,4,777
부산광역시,금정구,,서제3동제3투,3135,2130,1407,711,1,3,1,4,2127,3,1005
부산광역시,금정구,,서제3동제4투,2613,2011,1273,723,3,2,2,4,2007,4,602
부산광역시,금정구,금사동,소계,8617,6346,4175,2136,4,6,6,9,6336,10,2271
부산광역시,금정구,,금사동제1투,3097,2321,1529,783,2,2,0,2,2318,3,776
부산광역시,금정구,,금사동제2투,3091,2217,1447,757,0,2,3,4,2213,4,874
부산광역시,금정구,,금사동제3투,2429,1808,1199,596,2,2,3,3,1805,3,621
부산광역시,금정구,부곡제1동,소계,9375,6990,4489,2452,4,2,12,8,6967,23,2385
부산광역시,금정구,,부곡제1동제1투,2607,1952,1227,714,0,0,3,1,1945,7,655
부산광역시,금정구,,부곡제1동제2투,4408,3264,2135,1107,2,2,7,5,3258,6,1144
부산광역시,금정구,,부곡제1동제3투,2360,1774,1127,631,2,0,2,2,1764,10,586
부산광역시,금정구,부곡제2동,소계,14672,11703,7065,4584,2,6,20,5,11682,21,2969
부산광역시,금정구,,부곡제2동제1투,2433,1873,1145,719,0,1,1,1,1867,6,560
부산광역시,금정구,,부곡제2동제2투,3180,2407,1544,850,0,4,2,2,2402,5,773
부산광역시,금정구,,부곡제2동제3투,4888,3887,2288,1585,2,0,6,1,3882,5,1001
부산광역시,금정구,,부곡제2동제4투,4171,3536,2088,1430,0,1,11,1,3531,5,635
부산광역시,금정구,부곡제3동,소계,14311,11394,6877,4455,5,7,16,5,11365,29,2917
부산광역시,금정구,,부곡제3동제1투,3011,2196,1356,827,2,2,2,0,2189,7,815
부산광역시,금정구,,부곡제3동제2투,2860,2190,1355,816,0,1,7,1,2180,10,670
부산광역시,금정구,,부곡제3동제3투,4268,3585,2108,1460,0,1,6,2,3577,8,683
부산광역시,금정구,,부곡제3동제4투,4172,3423,2058,1352,3,3,1,2,3419,4,749
부산광역시,금정구,부곡제4동,소계,13197,10021,6120,3843,5,4,18,9,9999,22,3176
부산광역시,금정구,,부곡제4동제1투,3904,3007,1728,1262,1,0,8,3,3002,5,897
부산광역시,금정구,,부곡제4동제2투,3211,2523,1551,950,2,1,6,3,2513,10,688
부산광역시,금정구,,부곡제4동제3투,2974,2093,1364,717,2,1,2,3,2089,4,881
부산광역시,금정구,,부곡제4동제4투,3108,2398,1477,914,0,2,2,0,2395,3,710
부산광역시,금정구,장전제1동,소계,12768,9780,5395,4320,1,7,15,15,9753,27,2988
부산광역시,금정구,,장전제1동제1투,3418,2547,1369,1159,0,3,3,5,2539,8,871
부산광역시,금정구,,장전제1동제2투,3476,2728,1435,1278,1,2,5,5,2726,2,748
부산광역시,금정구,,장전제1동제3투,3153,2374,1385,977,0,1,4,2,2369,5,779
부산광역시,금정구,,장전제1동제4투,2721,2131,1206,906,0,1,3,3,2119,12,590
부산광역시,금정구,장전제2동,소계,11033,8506,4888,3572,1,0,16,6,8483,23,2527
부산광역시,금정구,,장전제2동제1투,3389,2410,1464,925,0,0,5,3,2397,13,979
부산광역시,금정구,,장전제2동제2투,4119,3209,1920,1275,1,0,4,2,3202,7,910
부산광역시,금정구,,장전제2동제3투,3525,2887,1504,1372,0,0,7,1,2884,3,638
부산광역시,금정구,장전제3동,소계,7321,5387,3438,1919,2,1,4,7,5371,16,1934
부산광역시,금정구,,장전제3동제1투,3351,2395,1504,878,1,0,0,3,2386,9,956
부산광역시,금정구,,장전제3동제2투,3970,2992,1934,1041,1,1,4,4,2985,7,978
부산광역시,금정구,선두구동,소계,2425,1851,1363,471,0,0,1,6,1841,10,574
부산광역시,금정구,,선두구동투표소,2425,1851,1363,471,0,0,1,6,1841,10,574
부산광역시,금정구,청룡노포동,소계,8175,6365,4241,2092,2,4,11,7,6357,8,1810
부산광역시,금정구,,청룡노포동제1투,3078,2340,1527,798,1,1,8,0,2335,5,738
부산광역시,금정구,,청룡노포동제2투,4143,3315,2218,1082,1,2,2,7,3312,3,828
부산광역시,금정구,,청룡노포동제3투,954,710,496,212,0,1,1,0,710,0,244
부산광역시,금정구,남산동,소계,27811,21584,13299,8157,5,8,34,16,21519,65,6227
부산광역시,금정구,,남산동제1투,3534,2739,1741,975,0,1,7,3,2727,12,795
부산광역시,금정구,,남산동제2투,3743,2866,1723,1126,1,1,2,1,2854,12,877
부산광역시,금정구,,남산동제3투,3969,3153,1882,1251,1,1,7,2,3144,9,816
부산광역시,금정구,,남산동제4투,4185,3272,2033,1225,1,1,2,3,3265,7,913
부산광역시,금정구,,남산동제5투,3929,3053,1941,1091,1,2,5,3,3043,10,876
부산광역시,금정구,,남산동제6투,5147,3898,2433,1441,0,1,7,3,3885,13,1249
부산광역시,금정구,,남산동제7투,3304,2603,1546,1048,1,1,4,1,2601,2,701
부산광역시,금정구,구서제1동,소계,15526,12394,7261,5073,2,4,15,10,12365,29,3132
부산광역시,금정구,,구서제1동제1투,4059,3273,1948,1308,0,2,3,4,3265,8,786
부산광역시,금정구,,구서제1동제2투,4457,3466,2109,1335,1,1,6,2,3454,12,991
부산광역시,금정구,,구서제1동제3투,3431,2846,1654,1185,1,0,3,0,2843,3,585
부산광역시,금정구,,구서제1동제4투,3579,2809,1550,1245,0,1,3,4,2803,6,770
부산광역시,금정구,구서제2동,소계,27780,22685,13873,8700,4,4,33,11,22625,60,5095
부산광역시,금정구,,구서제2동제1투,3855,2853,1758,1078,1,0,4,3,2844,9,1002
부산광역시,금정구,,구서제2동제2투,3762,3096,1967,1116,1,0,4,1,3089,7,666
부산광역시,금정구,,구서제2동제3투,3747,2923,1781,1123,2,1,4,3,2914,9,824
부산광역시,금정구,,구서제2동제4투,3752,3074,1893,1170,0,1,5,0,3069,5,678
부산광역시,금정구,,구서제2동제5투,4275,3535,1977,1533,0,1,5,1,3517,18,740
부산광역시,금정구,,구서제2동제6투,3960,3410,1947,1447,0,1,8,1,3404,6,550
부산광역시,금정구,,구서제2동제7투,4429,3794,2550,1233,0,0,3,2,3788,6,635
부산광역시,금정구,금성동,소계,1014,838,560,272,0,1,0,0,833,5,176
부산광역시,금정구,,금성동투표소,1014,838,560,272,0,1,0,0,833,5,176
부산광역시,금정구,잘못 투입·구분된 투표지,,0,0,0,0,0,0,0,0,0,0,0
부산광역시,강서구,소계,,54683,41319,24560,16494,9,13,32,67,41175,144,13364
부산광역시,강서구,재외투표,,335,238,121,116,0,0,0,1,238,0,97
부산광역시,강서구,국내부재자투표,,1183,1099,543,531,1,1,0,3,1079,20,84
부산광역시,강서구,소계,,53165,39982,23896,15847,8,12,32,63,39858,124,13183
부산광역시,강서구,대저1동,소계,8492,6110,3928,2139,2,0,4,11,6084,26,2382
부산광역시,강서구,,대저1동제1투,1944,1287,802,475,1,0,1,2,1281,6,657
부산광역시,강서구,,대저1동제2투,1927,1461,976,479,0,0,0,1,1456,5,466
부산광역시,강서구,,대저1동제3투,1940,1400,912,474,1,0,2,3,1392,8,540
부산광역시,강서구,,대저1동제4투,1457,1081,719,357,0,0,0,3,1079,2,376
부산광역시,강서구,,대저1동제5투,1224,881,519,354,0,0,1,2,876,5,343
부산광역시,강서구,대저2동,소계,7425,5653,3344,2272,1,4,6,11,5638,15,1772
부산광역시,강서구,,대저2동제1투,2280,1718,968,742,0,1,2,2,1715,3,562
부산광역시,강서구,,대저2동제2투,1753,1324,790,526,0,0,1,3,1320,4,429
부산광역시,강서구,,대저2동제3투,1773,1351,791,549,1,1,2,3,1347,4,422
부산광역시,강서구,,대저2동제4투,1619,1260,795,455,0,2,1,3,1256,4,359
부산광역시,강서구,강동동,소계,6329,4622,2862,1732,0,2,3,11,4610,12,1707
부산광역시,강서구,,강동동제1투,1408,1029,623,397,0,1,2,5,1028,1,379
부산광역시,강서구,,강동동제2투,1350,979,579,393,0,1,0,3,976,3,371
부산광역시,강서구,,강동동제3투,1800,1366,897,462,0,0,0,3,1362,4,434
부산광역시,강서구,,강동동제4투,1771,1248,763,480,0,0,1,0,1244,4,523
부산광역시,강서구,명지동,소계,16894,13404,7410,5936,2,3,14,13,13378,26,3490
부산광역시,강서구,,명지동제1투,1577,1165,764,396,0,0,1,2,1163,2,412
부산광역시,강서구,,명지동제2투,1943,1431,984,435,1,0,0,2,1422,9,512
부산광역시,강서구,,명지동제3투,1582,1035,731,300,0,0,1,1,1033,2,547
부산광역시,강서구,,명지동제4투,3745,3120,1505,1608,0,0,2,2,3117,3,625
부산광역시,강서구,,명지동제5투,2536,2136,1088,1036,1,0,5,3,2133,3,400
부산광역시,강서구,,명지동제6투,2528,2099,1150,943,0,2,1,1,2097,2,429
부산광역시,강서구,,명지동제7투,2983,2418,1188,1218,0,1,4,2,2413,5,565
부산광역시,강서구,가락동,소계,2561,1924,1173,734,1,0,3,2,1913,11,637
부산광역시,강서구,,가락동제1투,1539,1154,693,452,0,0,1,1,1147,7,385
부산광역시,강서구,,가락동제2투,1022,770,480,282,1,0,2,1,766,4,252
부산광역시,강서구,녹산동,소계,8875,6464,3962,2466,1,3,2,8,6442,22,2411
부산광역시,강서구,,녹산동제1투,1049,715,483,226,0,0,0,1,710,5,334
부산광역시,강서구,,녹산동제2투,1663,1213,798,405,1,1,0,3,1208,5,450
부산광역시,강서구,,녹산동제3투,1543,1079,727,345,0,0,2,2,1076,3,464
부산광역시,강서구,,녹산동제4투,1832,1406,817,583,0,1,0,1,1402,4,426
부산광역시,강서구,,녹산동제5투,2788,2051,1137,907,0,1,0,1,2046,5,737
부산광역시,강서구,천가동,소계,2589,1805,1217,568,1,0,0,7,1793,12,784
부산광역시,강서구,,천가동제1투,1014,701,452,239,0,0,0,1,692,9,313
부산광역시,강서구,,천가동제2투,912,663,484,173,1,0,0,3,661,2,249
부산광역시,강서구,,천가동제3투,663,441,281,156,0,0,0,3,440,1,222
부산광역시,연제구,소계,,174375,135450,81370,53294,27,57,210,142,135100,350,38925
부산광역시,연제구,재외투표,,851,604,256,345,0,0,0,0,601,3,247
부산광역시,연제구,국내부재자투표,,4362,4068,1949,2022,2,7,14,16,4010,58,294
부산광역시,연제구,소계,,169162,130778,79165,50927,25,50,196,126,130489,289,38384
부산광역시,연제구,거제제1동,소계,22708,18737,10651,8006,0,2,40,6,18705,32,3971
부산광역시,연제구,,거제제1동제1투,2275,1793,976,808,0,1,4,1,1790,3,482
부산광역시,연제구,,거제제1동제2투,3955,3353,1882,1457,0,1,7,0,3347,6,602
부산광역시,연제구,,거제제1동제3투,3314,2650,1588,1050,0,0,6,1,2645,5,664
부산광역시,연제구,,거제제1동제4투,2118,1717,940,770,0,0,2,1,1713,4,401
부산광역시,연제구,,거제제1동제5투,4754,4092,2181,1889,0,0,14,0,4084,8,662
부산광역시,연제구,,거제제1동제6투,2171,1644,1005,634,0,0,2,1,1642,2,527
부산광역시,연제구,,거제제1동제7투,4121,3488,2079,1398,0,0,5,2,3484,4,633
부산광역시,연제구,거제제2동,소계,13889,10983,6650,4279,4,4,18,7,10962,21,2906
부산광역시,연제구,,거제제2동제1투,3812,3064,1734,1317,1,1,6,3,3062,2,748
부산광역시,연제구,,거제제2동제2투,3696,2998,1827,1157,1,2,3,0,2990,8,698
부산광역시,연제구,,거제제2동제3투,3114,2368,1569,785,1,1,5,1,2362,6,746
부산광역시,연제구,,거제제2동제4투,3267,2553,1520,1020,1,0,4,3,2548,5,714
부산광역시,연제구,거제제3동,소계,9650,7671,4882,2744,0,5,14,9,7654,17,1979
부산광역시,연제구,,거제제3동제1투,3145,2539,1563,964,0,0,6,1,2534,5,606
부산광역시,연제구,,거제제3동제2투,3125,2362,1604,743,0,3,4,5,2359,3,763
부산광역시,연제구,,거제제3동제3투,3380,2770,1715,1037,0,2,4,3,2761,9,610
부산광역시,연제구,거제제4동,소계,9034,7105,4333,2737,4,1,8,9,7092,13,1929
부산광역시,연제구,,거제제4동제1투,4205,3384,2078,1291,1,1,3,5,3379,5,821
부산광역시,연제구,,거제제4동제2투,2369,1807,1041,757,1,0,1,1,1801,6,562
부산광역시,연제구,,거제제4동제3투,2460,1914,1214,689,2,0,4,3,1912,2,546
부산광역시,연제구,연산제1동,소계,13257,10396,6171,4186,1,2,12,8,10380,16,2861
부산광역시,연제구,,연산제1동제1투,3584,2858,1779,1067,0,0,5,3,2854,4,726
부산광역시,연제구,,연산제1동제2투,3331,2449,1516,920,0,1,3,4,2444,5,882
부산광역시,연제구,,연산제1동제3투,3185,2421,1468,946,1,0,1,1,2417,4,764
부산광역시,연제구,,연산제1동제4투,3157,2668,1408,1253,0,1,3,0,2665,3,489
부산광역시,연제구,연산제2동,소계,12548,9368,6012,3306,1,5,17,6,9347,21,3180
부산광역시,연제구,,연산제2동제1투,2868,2265,1433,824,0,2,4,0,2263,2,603
부산광역시,연제구,,연산제2동제2투,3292,2334,1525,794,0,1,4,1,2325,9,958
부산광역시,연제구,,연산제2동제3투,3066,2334,1524,801,0,0,5,0,2330,4,732
부산광역시,연제구,,연산제2동제4투,3322,2435,1530,887,1,2,4,5,2429,6,887
부산광역시,연제구,연산제3동,소계,9770,7239,4503,2686,0,5,14,8,7216,23,2531
부산광역시,연제구,,연산제3동제1투,3073,2278,1430,834,0,0,5,4,2273,5,795
부산광역시,연제구,,연산제3동제2투,3868,2830,1767,1044,0,4,5,0,2820,10,1038
부산광역시,연제구,,연산제3동제3투,2829,2131,1306,808,0,1,4,4,2123,8,698
부산광역시,연제구,연산제4동,소계,14816,11219,7000,4159,1,5,15,10,11190,29,3597
부산광역시,연제구,,연산제4동제1투,3805,2971,1806,1151,1,2,2,2,2964,7,834
부산광역시,연제구,,연산제4동제2투,3455,2502,1629,857,0,2,4,0,2492,10,953
부산광역시,연제구,,연산제4동제3투,4093,3016,1922,1079,0,0,3,4,3008,8,1077
부산광역시,연제구,,연산제4동제4투,3463,2730,1643,1072,0,1,6,4,2726,4,733
부산광역시,연제구,연산제5동,소계,9624,6951,4154,2765,1,3,5,7,6935,16,2673
부산광역시,연제구,,연산제5동제1투,3208,2276,1398,867,1,0,2,4,2272,4,932
부산광역시,연제구,,연산제5동제2투,4056,2996,1757,1225,0,2,2,3,2989,7,1060
부산광역시,연제구,,연산제5동제3투,2360,1679,999,673,0,1,1,0,1674,5,681
부산광역시,연제구,연산제6동,소계,14446,10695,6653,3977,2,7,11,13,10663,32,3751
부산광역시,연제구,,연산제6동제1투,2425,1667,1057,600,0,0,2,2,1661,6,758
부산광역시,연제구,,연산제6동제2투,3122,2377,1565,799,1,1,2,1,2369,8,745
부산광역시,연제구,,연산제6동제3투,2672,1950,1242,701,0,0,1,4,1948,2,722
부산광역시,연제구,,연산제6동제4투,2402,1802,1094,691,0,2,4,3,1794,8,600
부산광역시,연제구,,연산제6동제5투,3825,2899,1695,1186,1,4,2,3,2891,8,926
부산광역시,연제구,연산제8동,소계,9108,6760,4241,2478,1,2,6,13,6741,19,2348
부산광역시,연제구,,연산제8동제1투,3147,2261,1453,792,1,0,1,4,2251,10,886
부산광역시,연제구,,연산제8동제2투,3374,2587,1560,1010,0,2,3,5,2580,7,787
부산광역시,연제구,,연산제8동제3투,2587,1912,1228,676,0,0,2,4,1910,2,675
부산광역시,연제구,연산제9동,소계,30312,23654,13915,9604,10,9,36,30,23604,50,6658
부산광역시,연제구,,연산제9동제1투,3269,2282,1384,885,1,1,1,4,2276,6,987
부산광역시,연제구,,연산제9동제2투,3219,2598,1588,993,0,0,5,4,2590,8,621
부산광역시,연제구,,연산제9동제3투,2902,2279,1413,859,0,1,2,2,2277,2,623
부산광역시,연제구,,연산제9동제4투,3596,2951,1676,1266,1,0,2,1,2946,5,645
부산광역시,연제구,,연산제9동제5투,4163,3290,1948,1311,5,0,3,7,3274,16,873
부산광역시,연제구,,연산제9동제6투,4973,3775,2106,1651,2,2,6,3,3770,5,1198
부산광역시,연제구,,연산제9동제7투,3010,2192,1265,911,0,0,9,3,2188,4,818
부산광역시,연제구,,연산제9동제8투,3666,2982,1658,1305,0,5,7,3,2978,4,684
부산광역시,연제구,,연산제9동제9투,1514,1305,877,423,1,0,1,3,1305,0,209
부산광역시,수영구,소계,,148960,113856,70198,43059,28,41,166,88,113580,276,35104
부산광역시,수영구,재외투표,,980,687,297,380,1,0,0,2,680,7,293
부산광역시,수영구,국내부재자투표,,3788,3506,1675,1768,3,0,7,10,3463,43,282
부산광역시,수영구,소계,,144192,109663,68226,40911,24,41,159,76,109437,226,34529
부산광역시,수영구,남천제1동,소계,11908,9162,5789,3322,1,9,14,5,9140,22,2746
부산광역시,수영구,,남천제1동제1투,2608,1905,1213,681,0,3,4,1,1902,3,703
부산광역시,수영구,,남천제1동제2투,3088,2412,1572,829,0,1,2,2,2406,6,676
부산광역시,수영구,,남천제1동제3투,3264,2550,1587,953,0,2,3,0,2545,5,714
부산광역시,수영구,,남천제1동제4투,2948,2295,1417,859,1,3,5,2,2287,8,653
부산광역시,수영구,남천제2동,소계,11637,9023,5732,3261,0,0,12,2,9007,16,2614
부산광역시,수영구,,남천제2동제1투,3323,2680,1605,1068,0,0,4,0,2677,3,643
부산광역시,수영구,,남천제2동제2투,3748,2887,1870,1011,0,0,0,2,2883,4,861
부산광역시,수영구,,남천제2동제3투,4566,3456,2257,1182,0,0,8,0,3447,9,1110
부산광역시,수영구,수영동,소계,13181,10080,6495,3528,3,1,20,5,10052,28,3101
부산광역시,수영구,,수영동제1투,2923,2069,1384,664,0,0,6,3,2057,12,854
부산광역시,수영구,,수영동제2투,2261,1733,1142,585,1,0,1,1,1730,3,528
부산광역시,수영구,,수영동제3투,2626,1898,1216,676,0,0,0,1,1893,5,728
부산광역시,수영구,,수영동제4투,2807,2279,1468,797,1,1,6,0,2273,6,528
부산광역시,수영구,,수영동제5투,2564,2101,1285,806,1,0,7,0,2099,2,463
부산광역시,수영구,망미제1동,소계,24701,18984,12022,6869,5,8,34,11,18949,35,5717
부산광역시,수영구,,망미제1동제1투,5140,3951,2485,1453,0,0,7,3,3948,3,1189
부산광역시,수영구,,망미제1동제2투,3219,2564,1640,907,1,1,7,2,2558,6,655
부산광역시,수영구,,망미제1동제3투,3348,2555,1627,917,1,0,4,1,2550,5,793
부산광역시,수영구,,망미제1동제4투,3607,2745,1709,1018,0,2,5,1,2735,10,862
부산광역시,수영구,,망미제1동제5투,2824,2140,1428,705,1,0,2,1,2137,3,684
부산광역시,수영구,,망미제1동제6투,3403,2608,1624,973,1,2,5,2,2607,1,795
부산광역시,수영구,,망미제1동제7투,3160,2421,1509,896,1,3,4,1,2414,7,739
부산광역시,수영구,망미제2동,소계,11285,8654,5149,3458,3,1,12,9,8632,22,2631
부산광역시,수영구,,망미제2동제1투,3799,2792,1722,1050,1,0,4,4,2781,11,1007
부산광역시,수영구,,망미제2동제2투,3739,3036,1633,1389,1,1,3,4,3031,5,703
부산광역시,수영구,,망미제2동제3투,3747,2826,1794,1019,1,0,5,1,2820,6,921
부산광역시,수영구,광안제1동,소계,19903,15253,9151,6019,6,9,23,16,15224,29,4650
부산광역시,수영구,,광안제1동제1투,4248,3127,1907,1212,0,1,2,2,3124,3,1121
부산광역시,수영구,,광안제1동제2투,3963,3234,1901,1317,1,2,5,4,3230,4,729
부산광역시,수영구,,광안제1동제3투,3624,3010,1796,1192,3,3,6,3,3003,7,614
부산광역시,수영구,,광안제1동제4투,4210,2984,1734,1234,1,2,4,2,2977,7,1226
부산광역시,수영구,,광안제1동제5투,3858,2898,1813,1064,1,1,6,5,2890,8,960
부산광역시,수영구,광안제2동,소계,13065,9744,6103,3599,3,5,12,7,9729,15,3321
부산광역시,수영구,,광안제2동제1투,3745,2711,1776,924,0,1,4,1,2706,5,1034
부산광역시,수영구,,광안제2동제2투,3113,2353,1422,918,0,1,3,4,2348,5,760
부산광역시,수영구,,광안제2동제3투,2750,2083,1351,728,1,1,0,0,2081,2,667
부산광역시,수영구,,광안제2동제4투,3457,2597,1554,1029,2,2,5,2,2594,3,860
부산광역시,수영구,광안제3동,소계,8825,6498,4036,2430,1,2,5,8,6482,16,2327
부산광역시,수영구,,광안제3동제1투,3395,2344,1370,965,1,0,0,3,2339,5,1051
부산광역시,수영구,,광안제3동제2투,2913,2246,1424,809,0,2,4,2,2241,5,667
부산광역시,수영구,,광안제3동제3투,2517,1908,1242,656,0,0,1,3,1902,6,609
부산광역시,수영구,광안제4동,소계,11928,9130,5390,3698,1,4,13,7,9113,17,2798
부산광역시,수영구,,광안제4동제1투,4177,3100,1852,1238,1,0,3,1,3095,5,1077
부산광역시,수영구,,광안제4동제2투,4012,3170,1817,1337,0,2,7,1,3164,6,842
부산광역시,수영구,,광안제4동제3투,3739,2860,1721,1123,0,2,3,5,2854,6,879
부산광역시,수영구,민락동,소계,17759,13135,8359,4727,1,2,14,6,13109,26,4624
부산광역시,수영구,,민락동제1투,4629,3241,2068,1165,0,0,3,0,3236,5,1388
부산광역시,수영구,,민락동제2투,3283,2376,1516,848,0,0,1,3,2368,8,907
부산광역시,수영구,,민락동제3투,3632,2671,1694,963,0,2,5,1,2665,6,961
부산광역시,수영구,,민락동제4투,2573,1906,1213,686,1,0,1,1,1902,4,667
부산광역시,수영구,,민락동제5투,3642,2941,1868,1065,0,0,4,1,2938,3,701
부산광역시,사상구,소계,,206782,158296,88100,69288,49,55,162,186,157840,456,48486
부산광역시,사상구,재외투표,,700,458,128,325,0,1,0,1,455,3,242
부산광역시,사상구,국내부재자투표,,4938,4681,2041,2531,6,9,6,14,4607,74,257
부산광역시,사상구,소계,,201144,153157,85931,66432,43,45,156,171,152778,379,47987
부산광역시,사상구,삼락동,소계,6827,4779,2711,2032,4,2,3,14,4766,13,2048
부산광역시,사상구,,삼락동제1투,1156,837,527,301,1,1,1,4,835,2,319
부산광역시,사상구,,삼락동제2투,2909,1940,1109,818,0,0,1,9,1937,3,969
부산광역시,사상구,,삼락동제3투,2762,2002,1075,913,3,1,1,1,1994,8,760
부산광역시,사상구,모라제1동,소계,26716,20310,11414,8803,2,4,16,25,20264,46,6406
부산광역시,사상구,,모라제1동제1투,4062,3228,1765,1447,0,2,3,4,3221,7,834
부산광역시,사상구,,모라제1동제2투,3851,2976,1568,1399,0,0,1,1,2969,7,875
부산광역시,사상구,,모라제1동제3투,3578,2830,1629,1191,0,0,1,4,2825,5,748
부산광역시,사상구,,모라제1동제4투,4344,3494,1787,1689,0,1,3,7,3487,7,850
부산광역시,사상구,,모라제1동제5투,3683,2579,1462,1104,0,0,2,2,2570,9,1104
부산광역시,사상구,,모라제1동제6투,2558,1825,1114,705,1,0,3,1,1824,1,733
부산광역시,사상구,,모라제1동제7투,2376,1739,1059,670,1,0,1,4,1735,4,637
부산광역시,사상구,,모라제1동제8투,2264,1639,1030,598,0,1,2,2,1633,6,625
부산광역시,사상구,모라제3동,소계,12506,9385,5588,3714,7,2,12,20,9343,42,3121
부산광역시,사상구,,모라제3동제1투,3645,2747,1592,1124,0,2,5,9,2732,15,898
부산광역시,사상구,,모라제3동제2투,2932,2147,1384,740,2,0,5,6,2137,10,785
부산광역시,사상구,,모라제3동제3투,3011,2222,1337,868,4,0,1,3,2213,9,789
부산광역시,사상구,,모라제3동제4투,2918,2269,1275,982,1,0,1,2,2261,8,649
부산광역시,사상구,덕포제1동,소계,9846,7226,4105,3084,2,1,5,8,7205,21,2620
부산광역시,사상구,,덕포제1동제1투,3538,2620,1535,1069,2,0,4,4,2614,6,918
부산광역시,사상구,,덕포제1동제2투,3447,2354,1417,930,0,0,0,1,2348,6,1093
부산광역시,사상구,,덕포제1동제3투,2861,2252,1153,1085,0,1,1,3,2243,9,609
부산광역시,사상구,덕포제2동,소계,12850,9890,5306,4527,5,4,8,13,9863,27,2960
부산광역시,사상구,,덕포제2동제1투,2661,1981,1102,867,1,1,1,5,1977,4,680
부산광역시,사상구,,덕포제2동제2투,2682,2107,1146,943,4,2,2,2,2099,8,575
부산광역시,사상구,,덕포제2동제3투,3943,2992,1611,1364,0,1,3,4,2983,9,951
부산광역시,사상구,,덕포제2동제4투,3564,2810,1447,1353,0,0,2,2,2804,6,754
부산광역시,사상구,괘법동,소계,17883,13094,7315,5714,3,4,15,9,13060,34,4789
부산광역시,사상구,,괘법동제1투,3232,2377,1450,912,1,1,3,2,2369,8,855
부산광역시,사상구,,괘법동제2투,3524,2250,1317,923,2,0,1,0,2243,7,1274
부산광역시,사상구,,괘법동제3투,3519,2478,1475,988,0,0,4,3,2470,8,1041
부산광역시,사상구,,괘법동제4투,3737,2893,1550,1331,0,1,4,2,2888,5,844
부산광역시,사상구,,괘법동제5투,3871,3096,1523,1560,0,2,3,2,3090,6,775
부산광역시,사상구,감전동,소계,12950,9388,5776,3559,1,2,9,10,9357,31,3562
부산광역시,사상구,,감전동제1투,3175,2393,1411,974,0,0,1,1,2387,6,782
부산광역시,사상구,,감전동제2투,3478,2579,1631,929,1,0,3,5,2569,10,899
부산광역시,사상구,,감전동제3투,3301,2380,1504,863,0,2,0,2,2371,9,921
부산광역시,사상구,,감전동제4투,2996,2036,1230,793,0,0,5,2,2030,6,960
부산광역시,사상구,주례제1동,소계,14052,10759,6061,4647,5,4,10,11,10738,21,3293
부산광역시,사상구,,주례제1동제1투,2554,1725,1052,662,0,1,1,3,1719,6,829
부산광역시,사상구,,주례제1동제2투,3723,2949,1598,1339,1,0,3,2,2943,6,774
부산광역시,사상구,,주례제1동제3투,3764,2933,1659,1266,0,0,0,1,2926,7,831
부산광역시,사상구,,주례제1동제4투,4011,3152,1752,1380,4,3,6,5,3150,2,859
부산광역시,사상구,주례제2동,소계,21559,16544,9183,7290,1,5,14,16,16509,35,5015
부산광역시,사상구,,주례제2동제1투,3032,2269,1304,956,0,1,0,2,2263,6,763
부산광역시,사상구,,주례제2동제2투,3467,2293,1377,902,0,2,4,3,2288,5,1174
부산광역시,사상구,,주례제2동제3투,2845,2076,1200,870,0,0,0,1,2071,5,769
부산광역시,사상구,,주례제2동제4투,1790,1222,765,450,0,2,1,1,1219,3,568
부산광역시,사상구,,주례제2동제5투,3128,2600,1393,1200,0,0,0,2,2595,5,528
부산광역시,사상구,,주례제2동제6투,3496,2876,1509,1350,0,0,5,3,2867,9,620
부산광역시,사상구,,주례제2동제7투,3801,3208,1635,1562,1,0,4,4,3206,2,593
부산광역시,사상구,주례제3동,소계,13026,10272,5766,4450,5,4,10,5,10240,32,2754
부산광역시,사상구,,주례제3동제1투,3141,2297,1318,964,0,0,4,0,2286,11,844
부산광역시,사상구,,주례제3동제2투,4329,3596,1983,1598,2,3,1,2,3589,7,733
부산광역시,사상구,,주례제3동제3투,3148,2549,1378,1157,2,1,4,0,2542,7,599
부산광역시,사상구,,주례제3동제4투,2408,1830,1087,731,1,0,1,3,1823,7,578
부산광역시,사상구,학장동,소계,27108,21260,11792,9363,3,7,27,23,21215,45,5848
부산광역시,사상구,,학장동제1투,3523,2851,1572,1265,0,1,7,3,2848,3,672
부산광역시,사상구,,학장동제2투,2716,1832,1114,708,0,1,1,2,1826,6,884
부산광역시,사상구,,학장동제3투,3559,2837,1605,1217,1,0,4,3,2830,7,722
부산광역시,사상구,,학장동제4투,3088,2409,1308,1092,1,1,2,2,2406,3,679
부산광역시,사상구,,학장동제5투,3987,3284,1812,1458,0,1,5,2,3278,6,703
부산광역시,사상구,,학장동제6투,2787,2021,1191,813,0,1,2,5,2012,9,766
부산광역시,사상구,,학장동제7투,3370,2721,1468,1237,1,1,4,5,2716,5,649
부산광역시,사상구,,학장동제8투,4078,3305,1722,1573,0,1,2,1,3299,6,773
부산광역시,사상구,엄궁동,소계,25821,20250,10914,9249,5,6,27,17,20218,32,5571
부산광역시,사상구,,엄궁동제1투,3479,2640,1412,1214,0,3,5,2,2636,4,839
부산광역시,사상구,,엄궁동제2투,3262,2287,1434,837,2,1,3,5,2282,5,975
부산광역시,사상구,,엄궁동제3투,3871,3034,1717,1304,0,1,5,1,3028,6,837
부산광역시,사상구,,엄궁동제4투,3740,2803,1552,1239,1,0,6,4,2802,1,937
부산광역시,사상구,,엄궁동제5투,3938,3304,1592,1700,1,0,2,1,3296,8,634
부산광역시,사상구,,엄궁동제6투,3131,2555,1316,1227,1,0,2,4,2550,5,576
부산광역시,사상구,,엄궁동제7투,4400,3627,1891,1728,0,1,4,0,3624,3,773
대구광역시,합계,,,1990746,1585806,1267789,309034,366,624,2043,1984,1581840,3966,404940
대구광역시,중구,소계,,64938,49463,39910,9282,10,14,47,73,49336,127,15475
대구광역시,중구,재외투표,,450,323,183,135,0,0,1,0,319,4,127
대구광역시,중구,국내부재자투표,,1418,1296,864,397,0,2,1,9,1273,23,122
대구광역시,중구,소계,,63070,47844,38863,8750,10,12,45,64,47744,100,15226
대구광역시,중구,동인동,소계,9017,6665,5444,1174,2,3,7,16,6646,19,2352
대구광역시,중구,,동인동제1투,3016,2162,1785,361,1,1,4,5,2157,5,854
대구광역시,중구,,동인동제2투,3063,2244,1774,454,1,1,2,5,2237,7,819
대구광역시,중구,,동인동제3투,2938,2259,1885,359,0,1,1,6,2252,7,679
대구광역시,중구,삼덕동,소계,3978,2824,2150,664,2,2,1,1,2820,4,1154
대구광역시,중구,,삼덕동제1투,2165,1595,1258,331,2,0,1,0,1592,3,570
대구광역시,중구,,삼덕동제2투,1813,1229,892,333,0,2,0,1,1228,1,584
대구광역시,중구,성내1동,소계,3942,2875,2274,588,0,0,3,4,2869,6,1067
대구광역시,중구,,성내1동제1투,2129,1432,1150,276,0,0,2,1,1429,3,697
대구광역시,중구,,성내1동제2투,1813,1443,1124,312,0,0,1,3,1440,3,370
대구광역시,중구,성내2동,소계,4585,3277,2728,533,1,0,4,2,3268,9,1308
대구광역시,중구,,성내2동제1투,2654,1874,1550,314,1,0,3,2,1870,4,780
대구광역시,중구,,성내2동제2투,1931,1403,1178,219,0,0,1,0,1398,5,528
대구광역시,중구,성내3동,소계,3490,2587,2196,378,0,1,2,4,2581,6,903
대구광역시,중구,,성내3동제1투,1882,1354,1136,210,0,1,2,1,1350,4,528
대구광역시,중구,,성내3동제2투,1608,1233,1060,168,0,0,0,3,1231,2,375
대구광역시,중구,대신동,소계,4323,3377,2832,526,2,1,7,3,3371,6,946
대구광역시,중구,,대신동제1투,1877,1418,1189,223,1,0,3,0,1416,2,459
대구광역시,중구,,대신동제2투,2446,1959,1643,303,1,1,4,3,1955,4,487
대구광역시,중구,남산1동,소계,3672,2717,2224,474,0,1,3,5,2707,10,955
대구광역시,중구,,남산1동제1투,2172,1588,1300,275,0,0,0,4,1579,9,584
대구광역시,중구,,남산1동제2투,1500,1129,924,199,0,1,3,1,1128,1,371
대구광역시,중구,남산2동,소계,4200,3159,2587,558,1,2,2,4,3154,5,1041
대구광역시,중구,,남산2동제1투,2344,1739,1403,329,0,1,1,2,1736,3,605
대구광역시,중구,,남산2동제2투,1856,1420,1184,229,1,1,1,2,1418,2,436
대구광역시,중구,남산3동,소계,4584,3451,2772,669,0,0,2,4,3447,4,1133
대구광역시,중구,,남산3동제1투,2234,1665,1278,386,0,0,0,1,1665,0,569
대구광역시,중구,,남산3동제2투,2350,1786,1494,283,0,0,2,3,1782,4,564
대구광역시,중구,남산4동,소계,11490,9281,7503,1736,2,1,6,13,9261,20,2209
대구광역시,중구,,남산4동제1투,3877,2933,2447,471,1,0,1,6,2926,7,944
대구광역시,중구,,남산4동제2투,4568,3786,2922,846,1,0,2,4,3775,11,782
대구광역시,중구,,남산4동제3투,3045,2562,2134,419,0,1,3,3,2560,2,483
대구광역시,중구,대봉1동,소계,6245,4941,3978,949,0,1,3,5,4936,5,1304
대구광역시,중구,,대봉1동제1투,3300,2585,2048,526,0,0,1,5,2580,5,715
대구광역시,중구,,대봉1동제2투,2945,2356,1930,423,0,1,2,0,2356,0,589
대구광역시,중구,대봉2동,소계,3544,2690,2175,501,0,0,5,3,2684,6,854
대구광역시,중구,,대봉2동제1투,2015,1483,1164,310,0,0,4,2,1480,3,532
대구광역시,중구,,대봉2동제2투,1529,1207,1011,191,0,0,1,1,1204,3,322
대구광역시,중구,잘못 투입·구분된 투표지,,0,0,0,0,0,0,0,0,0,0,0
대구광역시,동구,소계,,280065,221271,176185,43659,68,95,294,302,220603,668,58794
대구광역시,동구,재외투표,,1021,700,378,310,1,1,4,2,696,4,321
대구광역시,동구,국내부재자투표,,7378,6893,4441,2124,28,21,27,43,6684,209,485
대구광역시,동구,소계,,271666,213678,171366,41225,39,73,263,257,213223,455,57988
대구광역시,동구,신암1동,소계,11288,8696,7171,1485,1,2,6,9,8674,22,2592
대구광역시,동구,,신암1동제1투,3498,2625,2135,479,0,0,2,2,2618,7,873
대구광역시,동구,,신암1동제2투,2756,2182,1785,391,1,0,2,2,2181,1,574
대구광역시,동구,,신암1동제3투,2594,2024,1702,309,0,0,1,3,2015,9,570
대구광역시,동구,,신암1동제4투,2440,1865,1549,306,0,2,1,2,1860,5,575
대구광역시,동구,신암2동,소계,8708,7075,5671,1369,1,3,8,8,7060,15,1633
대구광역시,동구,,신암2동제1투,2877,2271,1803,460,0,2,2,0,2267,4,606
대구광역시,동구,,신암2동제2투,2737,2158,1758,383,1,1,3,7,2153,5,579
대구광역시,동구,,신암2동제3투,3094,2646,2110,526,0,0,3,1,2640,6,448
대구광역시,동구,신암3동,소계,8456,6480,5318,1130,2,2,7,9,6468,12,1976
대구광역시,동구,,신암3동제1투,2492,1810,1472,327,1,0,2,5,1807,3,682
대구광역시,동구,,신암3동제2투,3494,2816,2232,572,1,1,3,2,2811,5,678
대구광역시,동구,,신암3동제3투,2470,1854,1614,231,0,1,2,2,1850,4,616
대구광역시,동구,신암4동,소계,16263,12114,9850,2215,1,2,16,15,12099,15,4149
대구광역시,동구,,신암4동제1투,4148,2905,2342,556,1,1,3,1,2904,1,1243
대구광역시,동구,,신암4동제2투,3887,2911,2394,506,0,0,2,4,2906,5,976
대구광역시,동구,,신암4동제3투,3618,2841,2299,524,0,0,8,6,2837,4,777
대구광역시,동구,,신암4동제4투,4610,3457,2815,629,0,1,3,4,3452,5,1153
대구광역시,동구,신암5동,소계,7385,5714,4643,1044,1,2,10,6,5706,8,1671
대구광역시,동구,,신암5동제1투,2968,2294,1848,435,0,2,5,2,2292,2,674
대구광역시,동구,,신암5동제2투,1943,1501,1229,263,1,0,3,1,1497,4,442
대구광역시,동구,,신암5동제3투,2474,1919,1566,346,0,0,2,3,1917,2,555
대구광역시,동구,신천1·2동,소계,12137,9793,7730,2015,4,3,18,6,9776,17,2344
대구광역시,동구,,신천1·2동제1투,2539,2085,1690,383,2,1,3,4,2083,2,454
대구광역시,동구,,신천1·2동제2투,3094,2442,1913,514,2,0,4,2,2435,7,652
대구광역시,동구,,신천1·2동제3투,2982,2308,1939,358,0,2,5,0,2304,4,674
대구광역시,동구,,신천1·2동제4투,3522,2958,2188,760,0,0,6,0,2954,4,564
대구광역시,동구,신천3동,소계,10553,8350,6735,1568,0,6,14,12,8335,15,2203
대구광역시,동구,,신천3동제1투,2803,2070,1731,320,0,3,4,5,2063,7,733
대구광역시,동구,,신천3동제2투,4205,3457,2711,733,0,0,2,6,3452,5,748
대구광역시,동구,,신천3동제3투,3545,2823,2293,515,0,3,8,1,2820,3,722
대구광역시,동구,신천4동,소계,8093,6156,5090,1035,0,2,7,6,6140,16,1937
대구광역시,동구,,신천4동제1투,2553,1965,1623,334,0,1,1,2,1961,4,588
대구광역시,동구,,신천4동제2투,2949,2152,1793,348,0,1,2,1,2145,7,797
대구광역시,동구,,신천4동제3투,2591,2039,1674,353,0,0,4,3,2034,5,552
대구광역시,동구,효목1동,소계,13704,10571,8726,1797,4,8,9,4,10548,23,3133
대구광역시,동구,,효목1동제1투,2391,1877,1560,309,2,1,0,1,1873,4,514
대구광역시,동구,,효목1동제2투,2569,2049,1712,328,0,2,1,1,2044,5,520
대구광역시,동구,,효목1동제3투,2614,1952,1630,317,1,0,2,0,1950,2,662
대구광역시,동구,,효목1동제4투,3303,2705,2139,555,1,1,1,0,2697,8,598
대구광역시,동구,,효목1동제5투,2827,1988,1685,288,0,4,5,2,1984,4,839
대구광역시,동구,효목2동,소계,14295,11314,9116,2155,1,2,13,10,11297,17,2981
대구광역시,동구,,효목2동제1투,2196,1714,1428,278,0,1,4,2,1713,1,482
대구광역시,동구,,효목2동제2투,3133,2403,1974,424,0,0,1,2,2401,2,730
대구광역시,동구,,효목2동제3투,2828,2187,1794,386,0,0,1,3,2184,3,641
대구광역시,동구,,효목2동제4투,2274,1779,1456,316,1,0,1,0,1774,5,495
대구광역시,동구,,효목2동제5투,3864,3231,2464,751,0,1,6,3,3225,6,633
대구광역시,동구,도평동,소계,4304,3409,2736,652,0,2,3,9,3402,7,895
대구광역시,동구,,도평동제1투,2654,2137,1811,315,0,1,3,4,2134,3,517
대구광역시,동구,,도평동제2투,1650,1272,925,337,0,1,0,5,1268,4,378
대구광역시,동구,불로·봉무동,소계,12084,9666,7947,1660,1,1,14,17,9640,26,2418
대구광역시,동구,,불로·봉무동제1투,3068,2378,2002,356,1,0,5,7,2371,7,690
대구광역시,동구,,불로·봉무동제2투,2352,2012,1581,420,0,0,1,6,2008,4,340
대구광역시,동구,,불로·봉무동제3투,2838,2224,1860,352,0,0,3,3,2218,6,614
대구광역시,동구,,불로·봉무동제4투,3826,3052,2504,532,0,1,5,1,3043,9,774
대구광역시,동구,지저동,소계,9687,7551,6288,1231,2,2,2,14,7539,12,2136
대구광역시,동구,,지저동제1투,3707,2822,2355,455,0,0,1,5,2816,6,885
대구광역시,동구,,지저동제2투,3592,2819,2376,431,0,2,1,6,2816,3,773
대구광역시,동구,,지저동제3투,2388,1910,1557,345,2,0,0,3,1907,3,478
대구광역시,동구,동촌동,소계,11745,8986,7461,1488,0,2,9,7,8967,19,2759
대구광역시,동구,,동촌동제1투,2773,2142,1805,333,0,0,2,1,2141,1,631
대구광역시,동구,,동촌동제2투,2207,1699,1418,277,0,0,0,3,1698,1,508
대구광역시,동구,,동촌동제3투,3476,2637,2134,488,0,1,5,1,2629,8,839
대구광역시,동구,,동촌동제4투,3289,2508,2104,390,0,1,2,2,2499,9,781
대구광역시,동구,방촌동,소계,16924,13844,11133,2637,3,3,19,18,13813,31,3080
대구광역시,동구,,방촌동제1투,2895,2366,1952,406,0,0,4,3,2365,1,529
대구광역시,동구,,방촌동제2투,2852,2223,1817,395,1,1,3,1,2218,5,629
대구광역시,동구,,방촌동제3투,3065,2467,1996,457,0,0,2,4,2459,8,598
대구광역시,동구,,방촌동제4투,3254,2777,2151,613,0,1,4,4,2773,4,477
대구광역시,동구,,방촌동제5투,2276,1907,1514,380,2,0,2,2,1900,7,369
대구광역시,동구,,방촌동제6투,2582,2104,1703,386,0,1,4,4,2098,6,478
대구광역시,동구,해안동,소계,15214,11782,9731,1998,2,6,8,15,11760,22,3432
대구광역시,동구,,해안동제1투,3910,3016,2461,540,2,2,2,5,3012,4,894
대구광역시,동구,,해안동제2투,2996,2337,1899,428,0,1,2,2,2332,5,659
대구광역시,동구,,해안동제3투,2922,2213,1836,365,0,0,2,3,2206,7,709
대구광역시,동구,,해안동제4투,2586,2022,1652,362,0,1,0,3,2018,4,564
대구광역시,동구,,해안동제5투,2800,2194,1883,303,0,2,2,2,2192,2,606
대구광역시,동구,안심1동,소계,33546,26288,20550,5597,3,10,28,35,26223,65,7258
대구광역시,동구,,안심1동제1투,3680,2653,2204,430,0,4,2,6,2646,7,1027
대구광역시,동구,,안심1동제2투,3378,2571,2111,448,0,0,0,3,2562,9,807
대구광역시,동구,,안심1동제3투,3826,2945,2432,499,0,0,4,4,2939,6,881
대구광역시,동구,,안심1동제4투,4170,3277,2672,591,0,0,2,6,3271,6,893
대구광역시,동구,,안심1동제5투,3575,2800,2187,592,0,2,6,5,2792,8,775
대구광역시,동구,,안심1동제6투,3207,2525,2000,508,0,2,3,2,2515,10,682
대구광역시,동구,,안심1동제7투,3651,2847,2204,627,1,0,3,4,2839,8,804
대구광역시,동구,,안심1동제8투,4417,3588,2564,1007,1,0,5,4,3581,7,829
대구광역시,동구,,안심1동제9투,3642,3082,2176,895,1,2,3,1,3078,4,560
대구광역시,동구,안심2동,소계,8941,6959,5656,1272,3,2,6,11,6950,9,1982
대구광역시,동구,,안심2동제1투,3605,2746,2235,498,2,0,4,5,2744,2,859
대구광역시,동구,,안심2동제2투,3293,2731,2164,555,1,2,2,4,2728,3,562
대구광역시,동구,,안심2동제3투,2043,1482,1257,219,0,0,0,2,1478,4,561
대구광역시,동구,안심3·4동,소계,35665,28809,21565,7084,6,11,47,30,28743,66,6856
대구광역시,동구,,안심3·4동제1투,2818,2060,1695,352,0,0,4,3,2054,6,758
대구광역시,동구,,안심3·4동제2투,3615,2903,2257,617,1,0,5,4,2884,19,712
대구광역시,동구,,안심3·4동제3투,4453,3638,2779,839,0,1,7,3,3629,9,815
대구광역시,동구,,안심3·4동제4투,4334,3484,2564,909,0,1,4,4,3482,2,850
대구광역시,동구,,안심3·4동제5투,4145,3306,2680,607,2,2,2,5,3298,8,839
대구광역시,동구,,안심3·4동제6투,3764,3076,2287,776,1,0,7,3,3074,2,688
대구광역시,동구,,안심3·4동제7투,458,360,314,43,1,0,0,0,358,2,98
대구광역시,동구,,안심3·4동제8투,4058,3278,2180,1087,0,1,3,3,3274,4,780
대구광역시,동구,,안심3·4동제9투,4359,3648,2602,1027,0,4,7,1,3641,7,711
대구광역시,동구,,안심3·4동제10투,3661,3056,2207,827,1,2,8,4,3049,7,605
대구광역시,동구,공산동,소계,12674,10121,8249,1793,4,2,19,16,10083,38,2553
대구광역시,동구,,공산동제1투,3391,2525,2183,310,0,2,5,7,2507,18,866
대구광역시,동구,,공산동제2투,3956,3204,2549,638,0,0,7,2,3196,8,752
대구광역시,동구,,공산동제3투,3773,3180,2486,680,3,0,5,3,3177,3,593
대구광역시,동구,,공산동제4투,1554,1212,1031,165,1,0,2,4,1203,9,342
대구광역시,동구,잘못 투입·구분된 투표지,,0,0,0,0,0,0,0,0,0,0,0
대구광역시,서구,소계,,185772,143549,120625,22092,37,56,152,226,143188,361,42223
대구광역시,서구,재외투표,,480,340,185,152,0,1,0,1,339,1,140
대구광역시,서구,국내부재자투표,,4192,3968,2748,1119,4,8,6,14,3899,69,224
대구광역시,서구,소계,,181100,139241,117692,20821,33,47,146,211,138950,291,41859
대구광역시,서구,내당1동,소계,10115,7765,6509,1219,3,2,9,11,7753,12,2350
대구광역시,서구,,내당1동제1투,3551,2752,2297,439,1,1,3,4,2745,7,799
대구광역시,서구,,내당1동제2투,3475,2553,2085,453,1,1,4,5,2549,4,922
대구광역시,서구,,내당1동제3투,3089,2460,2127,327,1,0,2,2,2459,1,629
대구광역시,서구,내당2·3동,소계,10596,8147,6963,1132,2,4,4,19,8124,23,2449
대구광역시,서구,,내당2·3동제1투,3811,2854,2395,436,0,3,3,7,2844,10,957
대구광역시,서구,,내당2·3동제2투,3342,2601,2262,328,1,1,1,4,2597,4,741
대구광역시,서구,,내당2·3동제3투,3443,2692,2306,368,1,0,0,8,2683,9,751
대구광역시,서구,내당4동,소계,15967,12620,10349,2214,2,4,18,12,12599,21,3347
대구광역시,서구,,내당4동제1투,2483,1888,1574,300,1,0,10,0,1885,3,595
대구광역시,서구,,내당4동제2투,3545,2771,2221,540,0,1,5,0,2767,4,774
대구광역시,서구,,내당4동제3투,3734,3040,2438,592,1,1,1,4,3037,3,694
대구광역시,서구,,내당4동제4투,3069,2440,2026,403,0,2,1,4,2436,4,629
대구광역시,서구,,내당4동제5투,3136,2481,2090,379,0,0,1,4,2474,7,655
대구광역시,서구,비산1동,소계,10609,7974,6872,1056,1,5,5,13,7952,22,2635
대구광역시,서구,,비산1동제1투,3162,2319,2006,301,0,1,2,4,2314,5,843
대구광역시,서구,,비산1동제2투,2755,2067,1779,270,1,1,3,4,2058,9,688
대구광역시,서구,,비산1동제3투,2349,1828,1565,256,0,1,0,3,1825,3,521
대구광역시,서구,,비산1동제4투,2343,1760,1522,229,0,2,0,2,1755,5,583
대구광역시,서구,비산2·3동,소계,10721,7993,6919,1018,3,4,6,14,7964,29,2728
대구광역시,서구,,비산2·3동제1투,3355,2575,2237,322,2,2,2,3,2568,7,780
대구광역시,서구,,비산2·3동제2투,3548,2702,2355,324,1,1,4,7,2692,10,846
대구광역시,서구,,비산2·3동제3투,3818,2716,2327,372,0,1,0,4,2704,12,1102
대구광역시,서구,비산4동,소계,10045,7766,6563,1158,2,1,19,12,7755,11,2279
대구광역시,서구,,비산4동제1투,3496,2605,2233,358,1,0,6,4,2602,3,891
대구광역시,서구,,비산4동제2투,3345,2573,2167,391,1,1,4,7,2571,2,772
대구광역시,서구,,비산4동제3투,3204,2588,2163,409,0,0,9,1,2582,6,616
대구광역시,서구,비산5동,소계,6742,5168,4486,654,0,0,0,13,5153,15,1574
대구광역시,서구,,비산5동제1투,3333,2606,2256,336,0,0,0,8,2600,6,727
대구광역시,서구,,비산5동제2투,3409,2562,2230,318,0,0,0,5,2553,9,847
대구광역시,서구,비산6동,소계,8167,6255,5324,906,2,1,5,6,6244,11,1912
대구광역시,서구,,비산6동제1투,3945,3039,2585,444,0,0,3,3,3035,4,906
대구광역시,서구,,비산6동제2투,4222,3216,2739,462,2,1,2,3,3209,7,1006
대구광역시,서구,비산7동,소계,11796,8890,7689,1161,1,2,7,16,8876,14,2906
대구광역시,서구,,비산7동제1투,2716,1978,1704,271,0,0,0,2,1977,1,738
대구광역시,서구,,비산7동제2투,2673,2103,1827,270,0,0,1,2,2100,3,570
대구광역시,서구,,비산7동제3투,3059,2262,1935,312,1,2,3,1,2254,8,797
대구광역시,서구,,비산7동제4투,3348,2547,2223,308,0,0,3,11,2545,2,801
대구광역시,서구,평리1동,소계,7839,6025,5133,865,3,3,3,10,6017,8,1814
대구광역시,서구,,평리1동제1투,2367,1857,1568,282,0,1,1,4,1856,1,510
대구광역시,서구,,평리1동제2투,2555,1956,1660,287,0,1,0,2,1950,6,599
대구광역시,서구,,평리1동제3투,2917,2212,1905,296,3,1,2,4,2211,1,705
대구광역시,서구,평리2동,소계,7444,5834,4728,1076,1,2,7,6,5820,14,1610
대구광역시,서구,,평리2동제1투,4222,3367,2680,671,1,2,6,3,3363,4,855
대구광역시,서구,,평리2동제2투,3222,2467,2048,405,0,0,1,3,2457,10,755
대구광역시,서구,평리3동,소계,12120,9146,7757,1336,3,1,6,17,9120,26,2974
대구광역시,서구,,평리3동제1투,3224,2326,1971,344,1,0,4,4,2324,2,898
대구광역시,서구,,평리3동제2투,3027,2280,1993,274,0,0,1,4,2272,8,747
대구광역시,서구,,평리3동제3투,2958,2234,1908,314,1,0,1,5,2229,5,724
대구광역시,서구,,평리3동제4투,2911,2306,1885,404,1,1,0,4,2295,11,605
대구광역시,서구,평리4동,소계,16327,12682,10529,2099,4,5,17,13,12667,15,3645
대구광역시,서구,,평리4동제1투,4274,3282,2672,595,3,1,5,4,3280,2,992
대구광역시,서구,,평리4동제2투,3938,3022,2570,431,1,1,9,5,3017,5,916
대구광역시,서구,,평리4동제3투,3948,3088,2573,504,0,2,3,3,3085,3,860
대구광역시,서구,,평리4동제4투,4167,3290,2714,569,0,1,0,1,3285,5,877
대구광역시,서구,평리5동,소계,6745,5129,4381,720,0,0,7,8,5116,13,1616
대구광역시,서구,,평리5동제1투,3275,2444,2095,331,0,0,4,6,2436,8,831
대구광역시,서구,,평리5동제2투,3470,2685,2286,389,0,0,3,2,2680,5,785
대구광역시,서구,평리6동,소계,8000,6058,5191,838,1,3,4,10,6047,11,1942
대구광역시,서구,,평리6동제1투,2827,2116,1817,289,0,1,2,3,2112,4,711
대구광역시,서구,,평리6동제2투,2707,2104,1801,293,1,0,1,4,2100,4,603
대구광역시,서구,,평리6동제3투,2466,1838,1573,256,0,2,1,3,1835,3,628
대구광역시,서구,상중이동,소계,18590,14758,12199,2485,4,6,17,22,14733,25,3832
대구광역시,서구,,상중이동제1투,1951,1258,1074,177,1,1,0,3,1256,2,693
대구광역시,서구,,상중이동제2투,3666,2895,2445,439,1,1,3,2,2891,4,771
대구광역시,서구,,상중이동제3투,3636,2912,2393,510,0,3,2,0,2908,4,724
대구광역시,서구,,상중이동제4투,3286,2626,2188,424,0,0,5,5,2622,4,660
대구광역시,서구,,상중이동제5투,4331,3757,2961,778,2,1,7,4,3753,4,574
대구광역시,서구,,상중이동제6투,879,675,587,85,0,0,0,1,673,2,204
대구광역시,서구,,상중이동제7투,841,635,551,72,0,0,0,7,630,5,206
대구광역시,서구,원대동,소계,9277,7031,6100,884,1,4,12,9,7010,21,2246
대구광역시,서구,,원대동제1투,3021,2192,1907,268,0,1,5,3,2184,8,829
대구광역시,서구,,원대동제2투,3052,2406,2071,321,0,2,6,2,2402,4,646
대구광역시,서구,,원대동제3투,3204,2433,2122,295,1,1,1,4,2424,9,771
대구광역시,서구,잘못 투입·구분된 투표지,,0,0,0,0,0,0,0,0,0,0,0
대구광역시,남구,소계,,143826,109075,88347,20092,30,47,156,162,108834,241,34751
대구광역시,남구,재외투표,,609,425,228,192,1,1,0,0,422,3,184
대구광역시,남구,국내부재자투표,,3283,3025,2022,931,1,7,5,16,2982,43,258
대구광역시,남구,소계,,139934,105625,86097,18969,28,39,151,146,105430,195,34309
대구광역시,남구,이천동,소계,12300,9667,7773,1836,2,2,22,9,9644,23,2633
대구광역시,남구,,이천동제1투,2888,2045,1693,338,1,0,2,1,2035,10,843
대구광역시,남구,,이천동제2투,3382,2675,2171,489,1,1,6,3,2671,4,707
대구광역시,남구,,이천동제3투,2896,2376,1825,536,0,1,10,0,2372,4,520
대구광역시,남구,,이천동제4투,3134,2571,2084,473,0,0,4,5,2566,5,563
대구광역시,남구,봉덕1동,소계,8622,6247,5165,1049,1,3,7,12,6237,10,2375
대구광역시,남구,,봉덕1동제1투,2450,1662,1407,246,0,0,4,3,1660,2,788
대구광역시,남구,,봉덕1동제2투,2999,2336,1950,379,0,0,1,3,2333,3,663
대구광역시,남구,,봉덕1동제3투,3173,2249,1808,424,1,3,2,6,2244,5,924
대구광역시,남구,봉덕2동,소계,10563,8364,6943,1388,1,1,8,12,8353,11,2199
대구광역시,남구,,봉덕2동제1투,2461,1759,1497,250,1,1,3,4,1756,3,702
대구광역시,남구,,봉덕2동제2투,2246,1775,1465,304,0,0,1,2,1772,3,471
대구광역시,남구,,봉덕2동제3투,2893,2344,1946,392,0,0,1,3,2342,2,549
대구광역시,남구,,봉덕2동제4투,2963,2486,2035,442,0,0,3,3,2483,3,477
대구광역시,남구,봉덕3동,소계,15324,11220,9229,1947,4,2,16,6,11204,16,4104
대구광역시,남구,,봉덕3동제1투,4594,2892,2408,472,1,1,3,3,2888,4,1702
대구광역시,남구,,봉덕3동제2투,4167,3102,2542,549,2,0,5,1,3099,3,1065
대구광역시,남구,,봉덕3동제3투,3236,2482,2022,447,0,1,5,1,2476,6,754
대구광역시,남구,,봉덕3동제4투,3327,2744,2257,479,1,0,3,1,2741,3,583
대구광역시,남구,대명1동,소계,10396,7961,6375,1543,3,4,13,6,7944,17,2435
대구광역시,남구,,대명1동제1투,3686,2703,2176,512,2,1,4,2,2697,6,983
대구광역시,남구,,대명1동제2투,2913,2218,1794,411,1,0,2,3,2211,7,695
대구광역시,남구,,대명1동제3투,3797,3040,2405,620,0,3,7,1,3036,4,757
대구광역시,남구,대명2동,소계,11470,8568,6723,1798,5,4,11,15,8556,12,2902
대구광역시,남구,,대명2동제1투,3315,2302,1706,585,2,2,2,2,2299,3,1013
대구광역시,남구,,대명2동제2투,2364,1850,1494,346,0,0,3,2,1845,5,514
대구광역시,남구,,대명2동제3투,3003,2280,1800,469,1,1,3,4,2278,2,723
대구광역시,남구,,대명2동제4투,2788,2136,1723,398,2,1,3,7,2134,2,652
대구광역시,남구,대명3동,소계,12862,9541,7861,1622,3,4,6,24,9520,21,3321
대구광역시,남구,,대명3동제1투,3609,2584,2091,479,0,0,2,8,2580,4,1025
대구광역시,남구,,대명3동제2투,3186,2358,1935,411,1,2,1,4,2354,4,828
대구광역시,남구,,대명3동제3투,3022,2309,1936,359,1,0,2,7,2305,4,713
대구광역시,남구,,대명3동제4투,3045,2290,1899,373,1,2,1,5,2281,9,755
대구광역시,남구,대명4동,소계,10893,8260,6962,1248,1,3,12,14,8240,20,2633
대구광역시,남구,,대명4동제1투,3168,2325,1971,336,1,3,4,3,2318,7,843
대구광역시,남구,,대명4동제2투,2969,2244,1876,358,0,0,1,2,2237,7,725
대구광역시,남구,,대명4동제3투,2529,1989,1725,247,0,0,6,6,1984,5,540
대구광역시,남구,,대명4동제4투,2227,1702,1390,307,0,0,1,3,1701,1,525
대구광역시,남구,대명5동,소계,7796,5799,4738,1031,1,3,9,6,5788,11,1997
대구광역시,남구,,대명5동제1투,2746,1933,1565,358,0,1,0,4,1928,5,813
대구광역시,남구,,대명5동제2투,2839,2206,1801,394,1,2,2,1,2201,5,633
대구광역시,남구,,대명5동제3투,2211,1660,1372,279,0,0,7,1,1659,1,551
대구광역시,남구,대명6동,소계,8733,6641,5385,1221,2,5,11,10,6634,7,2092
대구광역시,남구,,대명6동제1투,2792,2044,1644,388,1,1,4,1,2039,5,748
대구광역시,남구,,대명6동제2투,3052,2374,1943,419,0,2,6,2,2372,2,678
대구광역시,남구,,대명6동제3투,2889,2223,1798,414,1,2,1,7,2223,0,666
대구광역시,남구,대명9동,소계,13686,10143,8108,1973,3,1,18,11,10114,29,3543
대구광역시,남구,,대명9동제1투,3662,2600,2085,498,2,0,6,3,2594,6,1062
대구광역시,남구,,대명9동제2투,3044,2399,1955,425,0,0,5,4,2389,10,645
대구광역시,남구,,대명9동제3투,3631,2711,2125,572,0,0,4,3,2704,7,920
대구광역시,남구,,대명9동제4투,3349,2433,1943,478,1,1,3,1,2427,6,916
대구광역시,남구,대명10동,소계,8793,6768,5491,1245,0,3,7,10,6756,12,2025
대구광역시,남구,,대명10동제1투,3171,2414,1947,461,0,0,2,3,2413,1,757
대구광역시,남구,,대명10동제2투,2508,1912,1566,338,0,0,3,2,1909,3,596
대구광역시,남구,,대명10동제3투,3114,2442,1978,446,0,3,2,5,2434,8,672
대구광역시,남구,대명11동,소계,8496,6446,5344,1068,2,4,11,11,6440,6,2050
대구광역시,남구,,대명11동제1투,3058,2266,1875,380,1,1,2,4,2263,3,792
대구광역시,남구,,대명11동제2투,2728,2062,1728,322,1,0,4,4,2059,3,666
대구광역시,남구,,대명11동제3투,2710,2118,1741,366,0,3,5,3,2118,0,592
대구광역시,남구,잘못 투입·구분된 투표지,,0,0,0,0,0,0,0,0,0,0,0
대구광역시,북구,소계,,347154,278722,220974,56240,52,101,368,326,278061,661,68432
대구광역시,북구,재외투표,,1055,725,369,347,0,0,3,1,720,5,330
대구광역시,북구,국내부재자투표,,9481,8783,5886,2665,10,19,21,34,8635,148,698
대구광역시,북구,소계,,336618,269214,214719,53228,42,82,344,291,268706,508,67404
대구광역시,북구,고성동,소계,5948,4603,3842,737,2,0,4,4,4589,14,1345
대구광역시,북구,,고성동제1투,2734,2102,1744,355,0,0,1,1,2101,1,632
대구광역시,북구,,고성동제2투,3214,2501,2098,382,2,0,3,3,2488,13,713
대구광역시,북구,칠성동,소계,15912,12940,10305,2567,3,3,19,14,12911,29,2972
대구광역시,북구,,칠성동제1투,3498,2737,2359,365,1,1,2,3,2731,6,761
대구광역시,북구,,칠성동제2투,3110,2587,1868,704,1,2,5,4,2584,3,523
대구광역시,북구,,칠성동제3투,2343,1705,1441,253,0,0,3,1,1698,7,638
대구광역시,북구,,칠성동제4투,4259,3596,2815,756,1,0,9,6,3587,9,663
대구광역시,북구,,칠성동제5투,2702,2315,1822,489,0,0,0,0,2311,4,387
대구광역시,북구,침산1동,소계,4885,3706,3174,503,3,1,4,4,3689,17,1179
대구광역시,북구,,침산1동제1투,2498,1881,1622,247,1,1,3,1,1875,6,617
대구광역시,북구,,침산1동제2투,2387,1825,1552,256,2,0,1,3,1814,11,562
대구광역시,북구,침산2동,소계,12450,10355,8188,2123,2,2,17,6,10338,17,2095
대구광역시,북구,,침산2동제1투,3807,3140,2562,559,1,1,6,4,3133,7,667
대구광역시,북구,,침산2동제2투,3962,3191,2579,599,1,0,7,1,3187,4,771
대구광역시,북구,,침산2동제3투,4681,4024,3047,965,0,1,4,1,4018,6,657
대구광역시,북구,침산3동,소계,15447,12880,10484,2349,1,5,10,13,12862,18,2567
대구광역시,북구,,침산3동제1투,2957,2284,1975,297,1,1,0,4,2278,6,673
대구광역시,북구,,침산3동제2투,3936,3286,2680,595,0,3,2,1,3281,5,650
대구광역시,북구,,침산3동제3투,4178,3543,2859,675,0,0,4,2,3540,3,635
대구광역시,북구,,침산3동제4투,4376,3767,2970,782,0,1,4,6,3763,4,609
대구광역시,북구,노원동,소계,10498,8080,7043,1002,0,1,9,5,8060,20,2418
대구광역시,북구,,노원동제1투,2011,1624,1402,214,0,1,1,1,1619,5,387
대구광역시,북구,,노원동제2투,3578,2662,2292,352,0,0,8,1,2653,9,916
대구광역시,북구,,노원동제3투,2865,2274,2004,264,0,0,0,2,2270,4,591
대구광역시,북구,,노원동제4투,2044,1520,1345,172,0,0,0,1,1518,2,524
대구광역시,북구,산격1동,소계,10579,8159,6932,1172,2,5,9,8,8128,31,2420
대구광역시,북구,,산격1동제1투,3632,2729,2349,364,1,3,4,2,2723,6,903
대구광역시,북구,,산격1동제2투,3600,2885,2429,439,1,0,4,3,2876,9,715
대구광역시,북구,,산격1동제3투,3347,2545,2154,369,0,2,1,3,2529,16,802
대구광역시,북구,산격2동,소계,10295,8510,6914,1561,0,2,11,11,8499,11,1785
대구광역시,북구,,산격2동제1투,3218,2657,2174,474,0,1,3,3,2655,2,561
대구광역시,북구,,산격2동제2투,3059,2419,1968,440,0,0,1,5,2414,5,640
대구광역시,북구,,산격2동제3투,4018,3434,2772,647,0,1,7,3,3430,4,584
대구광역시,북구,산격3동,소계,8367,6394,5065,1296,2,2,9,9,6383,11,1973
대구광역시,북구,,산격3동제1투,4058,3050,2308,720,2,2,8,4,3044,6,1008
대구광역시,북구,,산격3동제2투,4309,3344,2757,576,0,0,1,5,3339,5,965
대구광역시,북구,산격4동,소계,8757,6795,5646,1117,0,3,8,7,6781,14,1962
대구광역시,북구,,산격4동제1투,2957,2257,1854,392,0,1,4,3,2254,3,700
대구광역시,북구,,산격4동제2투,3028,2364,1982,368,0,2,2,3,2357,7,664
대구광역시,북구,,산격4동제3투,2772,2174,1810,357,0,0,2,1,2170,4,598
대구광역시,북구,복현1동,소계,6443,4797,3670,1099,1,3,6,10,4789,8,1646
대구광역시,북구,,복현1동제1투,3194,2368,1851,506,1,2,3,3,2366,2,826
대구광역시,북구,,복현1동제2투,3249,2429,1819,593,0,1,3,7,2423,6,820
대구광역시,북구,복현2동,소계,21838,17672,13774,3804,3,6,26,24,17637,35,4166
대구광역시,북구,,복현2동제1투,4216,3246,2441,785,1,1,4,7,3239,7,970
대구광역시,북구,,복현2동제2투,3061,2330,1833,482,0,0,2,6,2323,7,731
대구광역시,북구,,복현2동제3투,3591,3020,2270,732,0,3,11,2,3018,2,571
대구광역시,북구,,복현2동제4투,3806,3176,2547,619,0,0,2,1,3169,7,630
대구광역시,북구,,복현2동제5투,3538,2799,2187,596,1,1,4,2,2791,8,739
대구광역시,북구,,복현2동제6투,3626,3101,2496,590,1,1,3,6,3097,4,525
대구광역시,북구,대현동,소계,14795,11432,9153,2225,2,3,8,15,11406,26,3363
대구광역시,북구,,대현동제1투,3392,2537,2083,447,0,0,2,2,2534,3,855
대구광역시,북구,,대현동제2투,3213,2427,1913,503,0,0,1,5,2422,5,786
대구광역시,북구,,대현동제3투,4205,3127,2493,612,1,1,3,5,3115,12,1078
대구광역시,북구,,대현동제4투,3985,3341,2664,663,1,2,2,3,3335,6,644
대구광역시,북구,검단동,소계,7259,5664,4741,894,1,1,4,16,5657,7,1595
대구광역시,북구,,검단동제1투,3776,2932,2473,437,1,1,3,12,2927,5,844
대구광역시,북구,,검단동제2투,3483,2732,2268,457,0,0,1,4,2730,2,751
대구광역시,북구,무태조야동,소계,23057,18560,14477,3999,2,3,34,21,18536,24,4497
대구광역시,북구,,무태조야동제1투,4389,3513,2708,790,0,1,6,2,3507,6,876
대구광역시,북구,,무태조야동제2투,3267,2653,2077,563,1,0,3,4,2648,5,614
대구광역시,북구,,무태조야동제3투,4015,3235,2489,731,0,0,6,3,3229,6,780
대구광역시,북구,,무태조야동제4투,2815,1984,1585,390,1,1,3,3,1983,1,831
대구광역시,북구,,무태조야동제5투,2613,2201,1640,554,0,0,5,2,2201,0,412
대구광역시,북구,,무태조야동제6투,4250,3625,2814,798,0,1,8,3,3624,1,625
대구광역시,북구,,무태조야동제7투,1708,1349,1164,173,0,0,3,4,1344,5,359
대구광역시,북구,관문동,소계,13778,11186,9136,2002,1,5,10,14,11168,18,2592
대구광역시,북구,,관문동제1투,4880,3938,3119,806,1,1,5,2,3934,4,942
대구광역시,북구,,관문동제2투,4627,3700,3045,637,0,3,2,6,3693,7,927
대구광역시,북구,,관문동제3투,1071,841,732,100,0,1,1,3,837,4,230
대구광역시,북구,,관문동제4투,3200,2707,2240,459,0,0,2,3,2704,3,493
대구광역시,북구,태전1동,소계,18648,14729,11814,2835,1,5,21,21,14697,32,3919
대구광역시,북구,,태전1동제1투,4067,3139,2545,576,0,1,5,6,3133,6,928
대구광역시,북구,,태전1동제2투,4696,3899,3168,709,1,1,5,7,3891,8,797
대구광역시,북구,,태전1동제3투,2516,1867,1509,349,0,0,4,1,1863,4,649
대구광역시,북구,,태전1동제4투,3631,2727,2198,513,0,3,3,2,2719,8,904
대구광역시,북구,,태전1동제5투,3738,3097,2394,688,0,0,4,5,3091,6,641
대구광역시,북구,태전2동,소계,19963,15991,12911,3012,1,4,25,13,15966,25,3972
대구광역시,북구,,태전2동제1투,4255,3549,2883,652,0,1,6,2,3544,5,706
대구광역시,북구,,태전2동제2투,3905,3072,2529,528,0,1,5,2,3065,7,833
대구광역시,북구,,태전2동제3투,3780,2862,2317,534,0,1,3,2,2857,5,918
대구광역시,북구,,태전2동제4투,3853,3150,2545,590,0,0,7,3,3145,5,703
대구광역시,북구,,태전2동제5투,4170,3358,2637,708,1,1,4,4,3355,3,812
대구광역시,북구,구암동,소계,29198,23972,18518,5350,1,6,34,19,23928,44,5226
대구광역시,북구,,구암동제1투,3157,2452,2027,412,0,0,2,1,2442,10,705
대구광역시,북구,,구암동제2투,3831,3236,2542,684,0,0,6,0,3232,4,595
대구광역시,북구,,구암동제3투,3294,2666,2151,505,0,0,4,0,2660,6,628
대구광역시,북구,,구암동제4투,3205,2707,2125,569,0,2,3,3,2702,5,498
대구광역시,북구,,구암동제5투,3707,3008,2278,718,0,1,6,2,3005,3,699
대구광역시,북구,,구암동제6투,3931,3185,2415,756,0,1,6,2,3180,5,746
대구광역시,북구,,구암동제7투,3785,3127,2324,785,1,1,4,7,3122,5,658
대구광역시,북구,,구암동제8투,4288,3591,2656,921,0,1,3,4,3585,6,697
대구광역시,북구,관음동,소계,16294,12665,10313,2304,4,4,11,11,12647,18,3629
대구광역시,북구,,관음동제1투,4303,3100,2595,491,1,2,2,2,3093,7,1203
대구광역시,북구,,관음동제2투,4498,3520,2844,666,1,0,2,2,3515,5,978
대구광역시,북구,,관음동제3투,3609,2795,2263,522,2,1,3,3,2794,1,814
대구광역시,북구,,관음동제4투,3884,3250,2611,625,0,1,4,4,3245,5,634
대구광역시,북구,읍내동,소계,22454,17727,14074,3563,5,6,26,18,17692,35,4727
대구광역시,북구,,읍내동제1투,4365,3227,2580,632,3,1,2,3,3221,6,1138
대구광역시,북구,,읍내동제2투,4471,3704,2881,806,0,1,7,5,3700,4,767
대구광역시,북구,,읍내동제3투,4587,3590,2841,736,0,0,5,2,3584,6,997
대구광역시,북구,,읍내동제4투,4471,3535,2857,661,0,1,4,5,3528,7,936
대구광역시,북구,,읍내동제5투,4560,3671,2915,728,2,3,8,3,3659,12,889
대구광역시,북구,동천동,소계,21560,17725,13402,4238,2,8,24,16,17690,35,3835
대구광역시,북구,,동천동제1투,3692,2871,2238,615,1,2,4,2,2862,9,821
대구광역시,북구,,동천동제2투,2884,2349,1803,536,0,1,1,4,2345,4,535
대구광역시,북구,,동천동제3투,3045,2648,1974,661,1,1,6,1,2644,4,397
대구광역시,북구,,동천동제4투,3526,2889,2202,671,0,1,5,3,2882,7,637
대구광역시,북구,,동천동제5투,4436,3778,2804,961,0,3,3,3,3774,4,658
대구광역시,북구,,동천동제6투,3977,3190,2381,794,0,0,5,3,3183,7,787
대구광역시,북구,국우동,소계,18193,14672,11143,3476,3,4,15,12,14653,19,3521
대구광역시,북구,,국우동제1투,4732,3820,2963,843,1,1,5,4,3817,3,912
대구광역시,북구,,국우동제2투,3234,2471,1932,527,1,0,1,5,2466,5,763
대구광역시,북구,,국우동제3투,3655,3022,2262,750,0,0,3,2,3017,5,633
대구광역시,북구,,국우동제4투,3167,2655,1988,659,0,3,2,0,2652,3,512
대구광역시,북구,,국우동제5투,3405,2704,1998,697,1,0,4,1,2701,3,701
대구광역시,북구,잘못 투입·구분된 투표지,,0,0,0,0,0,0,0,0,0,0,0
대구광역시,수성구,소계,,353557,286479,225052,60016,46,94,441,244,285893,586,67078
대구광역시,수성구,재외투표,,1755,1234,643,580,1,0,2,0,1226,8,521
대구광역시,수성구,국내부재자투표,,11017,10221,6917,3127,6,17,28,19,10114,107,796
대구광역시,수성구,소계,,340785,275024,217492,56309,39,77,411,225,274553,471,65761
대구광역시,수성구,범어1동,소계,13684,11326,9048,2228,1,4,21,9,11311,15,2358
대구광역시,수성구,,범어1동제1투,4491,3582,2882,685,0,1,4,4,3576,6,909
대구광역시,수성구,,범어1동제2투,4081,3423,2745,662,0,1,10,1,3419,4,658
대구광역시,수성구,,범어1동제3투,5112,4321,3421,881,1,2,7,4,4316,5,791
대구광역시,수성구,범어2동,소계,10672,8474,6935,1510,1,1,9,7,8463,11,2198
대구광역시,수성구,,범어2동제1투,2699,2040,1569,462,0,0,5,1,2037,3,659
대구광역시,수성구,,범어2동제2투,2574,2027,1634,384,1,1,2,4,2026,1,547
대구광역시,수성구,,범어2동제3투,2424,1879,1533,339,0,0,0,2,1874,5,545
대구광역시,수성구,,범어2동제4투,2975,2528,2199,325,0,0,2,0,2526,2,447
대구광역시,수성구,범어3동,소계,8793,7083,5497,1557,1,3,7,3,7068,15,1710
대구광역시,수성구,,범어3동제1투,4658,3696,2866,816,0,0,3,1,3686,10,962
대구광역시,수성구,,범어3동제2투,4135,3387,2631,741,1,3,4,2,3382,5,748
대구광역시,수성구,범어4동,소계,13409,11049,8651,2349,0,4,18,14,11036,13,2360
대구광역시,수성구,,범어4동제1투,3060,2428,1968,449,0,0,2,6,2425,3,632
대구광역시,수성구,,범어4동제2투,3834,3175,2379,786,0,0,7,2,3174,1,659
대구광역시,수성구,,범어4동제3투,3049,2522,2037,467,0,4,4,3,2515,7,527
대구광역시,수성구,,범어4동제4투,3466,2924,2267,647,0,0,5,3,2922,2,542
대구광역시,수성구,만촌1동,소계,19218,15811,12449,3303,0,3,26,8,15789,22,3407
대구광역시,수성구,,만촌1동제1투,3627,2875,2262,601,0,2,3,2,2870,5,752
대구광역시,수성구,,만촌1동제2투,3733,3221,2434,777,0,0,7,0,3218,3,512
대구광역시,수성구,,만촌1동제3투,2845,2351,1856,483,0,1,6,2,2348,3,494
대구광역시,수성구,,만촌1동제4투,4374,3433,2707,713,0,0,6,3,3429,4,941
대구광역시,수성구,,만촌1동제5투,4639,3931,3190,729,0,0,4,1,3924,7,708
대구광역시,수성구,만촌2동,소계,10359,8283,6621,1629,4,0,11,6,8271,12,2076
대구광역시,수성구,,만촌2동제1투,4447,3507,2726,771,0,0,4,2,3503,4,940
대구광역시,수성구,,만촌2동제2투,2881,2315,1898,408,1,0,5,0,2312,3,566
대구광역시,수성구,,만촌2동제3투,3031,2461,1997,450,3,0,2,4,2456,5,570
대구광역시,수성구,만촌3동,소계,15823,13067,10355,2651,4,4,18,7,13039,28,2756
대구광역시,수성구,,만촌3동제1투,4903,3920,3194,708,2,2,4,2,3912,8,983
대구광역시,수성구,,만촌3동제2투,3507,2778,2225,538,0,0,3,3,2769,9,729
대구광역시,수성구,,만촌3동제3투,2996,2532,1998,522,1,1,5,2,2529,3,464
대구광역시,수성구,,만촌3동제4투,4417,3837,2938,883,1,1,6,0,3829,8,580
대구광역시,수성구,수성1가동,소계,14019,11375,9155,2169,2,2,15,11,11354,21,2644
대구광역시,수성구,,수성1가동제1투,2839,2278,1712,559,0,1,2,1,2275,3,561
대구광역시,수성구,,수성1가동제2투,3437,2902,2322,562,0,1,3,5,2893,9,535
대구광역시,수성구,,수성1가동제3투,3818,3176,2594,566,2,0,7,2,3171,5,642
대구광역시,수성구,,수성1가동제4투,3925,3019,2527,482,0,0,3,3,3015,4,906
대구광역시,수성구,수성2·3가동,소계,9703,7850,6379,1433,0,2,14,11,7839,11,1853
대구광역시,수성구,,수성2·3가동제1투,4968,4046,3268,760,0,1,9,2,4040,6,922
대구광역시,수성구,,수성2·3가동제2투,4735,3804,3111,673,0,1,5,9,3799,5,931
대구광역시,수성구,수성4가동,소계,13457,11115,8939,2122,2,1,16,12,11092,23,2342
대구광역시,수성구,,수성4가동제1투,4120,3390,2690,683,1,0,5,4,3383,7,730
대구광역시,수성구,,수성4가동제2투,3676,3016,2441,561,0,1,3,4,3010,6,660
대구광역시,수성구,,수성4가동제3투,2624,2122,1759,350,1,0,6,2,2118,4,502
대구광역시,수성구,,수성4가동제4투,3037,2587,2049,528,0,0,2,2,2581,6,450
대구광역시,수성구,황금1동,소계,17806,14795,11567,3160,3,0,27,9,14766,29,3011
대구광역시,수성구,,황금1동제1투,4354,3588,2878,694,0,0,11,1,3584,4,766
대구광역시,수성구,,황금1동제2투,2439,1884,1533,331,2,0,4,3,1873,11,555
대구광역시,수성구,,황금1동제3투,4167,3452,2713,727,0,0,3,2,3445,7,715
대구광역시,수성구,,황금1동제4투,3827,3275,2472,790,1,0,7,1,3271,4,552
대구광역시,수성구,,황금1동제5투,3019,2596,1971,618,0,0,2,2,2593,3,423
대구광역시,수성구,황금2동,소계,10374,7836,6399,1397,4,4,12,5,7821,15,2538
대구광역시,수성구,,황금2동제1투,3723,2785,2289,479,0,0,9,3,2780,5,938
대구광역시,수성구,,황금2동제2투,3158,2408,1946,449,4,2,1,1,2403,5,750
대구광역시,수성구,,황금2동제3투,3493,2643,2164,469,0,2,2,1,2638,5,850
대구광역시,수성구,중동,소계,11379,8497,7083,1375,1,1,14,6,8480,17,2882
대구광역시,수성구,,중동제1투,3188,2275,1887,374,0,0,6,3,2270,5,913
대구광역시,수성구,,중동제2투,2796,2139,1804,327,1,0,3,1,2136,3,657
대구광역시,수성구,,중동제3투,2694,1976,1658,311,0,1,2,1,1973,3,718
대구광역시,수성구,,중동제4투,2701,2107,1734,363,0,0,3,1,2101,6,594
대구광역시,수성구,상동,소계,13732,10522,8633,1834,1,4,13,8,10493,29,3210
대구광역시,수성구,,상동제1투,3501,2456,1992,456,1,1,3,0,2453,3,1045
대구광역시,수성구,,상동제2투,3971,3110,2575,521,0,1,2,2,3101,9,861
대구광역시,수성구,,상동제3투,3482,2845,2345,482,0,1,4,4,2836,9,637
대구광역시,수성구,,상동제4투,2778,2111,1721,375,0,1,4,2,2103,8,667
대구광역시,수성구,파동,소계,10987,8596,7033,1535,1,1,9,9,8588,8,2391
대구광역시,수성구,,파동제1투,3947,3021,2449,562,0,0,2,5,3018,3,926
대구광역시,수성구,,파동제2투,3554,2742,2258,473,0,1,5,3,2740,2,812
대구광역시,수성구,,파동제3투,3486,2833,2326,500,1,0,2,1,2830,3,653
대구광역시,수성구,두산동,소계,10987,8142,6602,1511,1,5,8,5,8132,10,2845
대구광역시,수성구,,두산동제1투,3646,2598,2108,477,0,2,3,2,2592,6,1048
대구광역시,수성구,,두산동제2투,3660,2578,2055,514,1,1,3,2,2576,2,1082
대구광역시,수성구,,두산동제3투,3681,2966,2439,520,0,2,2,1,2964,2,715
대구광역시,수성구,지산1동,소계,20617,16141,13020,3039,2,10,25,18,16114,27,4476
대구광역시,수성구,,지산1동제1투,3621,2872,2305,552,0,3,7,2,2869,3,749
대구광역시,수성구,,지산1동제2투,2504,1960,1555,398,0,1,1,1,1956,4,544
대구광역시,수성구,,지산1동제3투,2799,2147,1774,361,0,0,1,6,2142,5,652
대구광역시,수성구,,지산1동제4투,4057,3333,2676,633,1,3,10,3,3326,7,724
대구광역시,수성구,,지산1동제5투,3843,2966,2383,568,0,1,4,3,2959,7,877
대구광역시,수성구,,지산1동제6투,3793,2863,2327,527,1,2,2,3,2862,1,930
대구광역시,수성구,지산2동,소계,17912,14357,11433,2857,3,3,25,6,14327,30,3555
대구광역시,수성구,,지산2동제1투,3692,2756,2197,541,1,1,8,2,2750,6,936
대구광역시,수성구,,지산2동제2투,4117,3469,2764,693,2,0,5,1,3465,4,648
대구광역시,수성구,,지산2동제3투,3584,2908,2303,595,0,1,4,0,2903,5,676
대구광역시,수성구,,지산2동제4투,3217,2561,2076,468,0,1,4,1,2550,11,656
대구광역시,수성구,,지산2동제5투,3302,2663,2093,560,0,0,4,2,2659,4,639
대구광역시,수성구,범물1동,소계,12015,9410,7640,1725,1,2,13,14,9395,15,2605
대구광역시,수성구,,범물1동제1투,3236,2351,1950,392,0,0,1,4,2347,4,885
대구광역시,수성구,,범물1동제2투,2457,1846,1534,299,0,0,3,6,1842,4,611
대구광역시,수성구,,범물1동제3투,3179,2705,2118,576,1,1,4,3,2703,2,474
대구광역시,수성구,,범물1동제4투,3143,2508,2038,458,0,1,5,1,2503,5,635
대구광역시,수성구,범물2동,소계,14022,11291,8881,2369,1,1,14,8,11274,17,2731
대구광역시,수성구,,범물2동제1투,3688,2857,2277,572,0,0,2,2,2853,4,831
대구광역시,수성구,,범물2동제2투,3190,2539,1938,588,0,0,5,3,2534,5,651
대구광역시,수성구,,범물2동제3투,3674,3093,2426,655,1,1,4,1,3088,5,581
대구광역시,수성구,,범물2동제4투,3470,2802,2240,554,0,0,3,2,2799,3,668
대구광역시,수성구,고산1동,소계,24832,20869,15586,5181,4,9,38,15,20833,36,3963
대구광역시,수성구,,고산1동제1투,2455,2031,1512,508,0,2,5,2,2029,2,424
대구광역시,수성구,,고산1동제2투,3589,2919,2283,624,0,2,3,2,2914,5,670
대구광역시,수성구,,고산1동제3투,3599,3006,2271,721,1,1,4,2,3000,6,593
대구광역시,수성구,,고산1동제4투,3104,2554,1914,632,1,0,3,2,2552,2,550
대구광역시,수성구,,고산1동제5투,3662,3188,2447,719,0,2,10,1,3179,9,474
대구광역시,수성구,,고산1동제6투,4696,3922,2859,1041,1,1,10,4,3916,6,774
대구광역시,수성구,,고산1동제7투,3727,3249,2300,936,1,1,3,2,3243,6,478
대구광역시,수성구,고산2동,소계,21900,18121,13708,4344,0,8,31,9,18100,21,3779
대구광역시,수성구,,고산2동제1투,4046,3250,2521,714,0,2,7,2,3246,4,796
대구광역시,수성구,,고산2동제2투,4206,3526,2641,871,0,3,4,3,3522,4,680
대구광역시,수성구,,고산2동제3투,4351,3532,2747,777,0,1,1,0,3526,6,819
대구광역시,수성구,,고산2동제4투,4399,3767,2736,1018,0,1,9,1,3765,2,632
대구광역시,수성구,,고산2동제5투,4898,4046,3063,964,0,1,10,3,4041,5,852
대구광역시,수성구,고산3동,소계,25085,21014,15878,5031,2,5,27,25,20968,46,4071
대구광역시,수성구,,고산3동제1투,4187,3400,2632,749,1,0,6,3,3391,9,787
대구광역시,수성구,,고산3동제2투,3778,3085,2394,670,0,1,3,5,3073,12,693
대구광역시,수성구,,고산3동제3투,3944,3328,2455,854,0,0,9,6,3324,4,616
대구광역시,수성구,,고산3동제4투,4715,3928,2908,1005,0,2,6,1,3922,6,787
대구광역시,수성구,,고산3동제5투,3927,3361,2527,820,1,0,1,6,3355,6,566
대구광역시,수성구,,고산3동제6투,4534,3912,2962,933,0,2,2,4,3903,9,622
대구광역시,수성구,잘못 투입·구분된 투표지,,0,0,0,0,0,0,0,0,0,0,0
대구광역시,달서구,소계,,472596,382874,304535,76363,82,163,427,407,381977,897,89722
대구광역시,달서구,재외투표,,1516,1014,505,489,0,1,3,3,1001,13,502
대구광역시,달서구,국내부재자투표,,13520,12631,8545,3854,9,20,14,30,12472,159,889
대구광역시,달서구,소계,,457560,369229,295485,72020,73,142,410,374,368504,725,88331
대구광역시,달서구,성당동,소계,21324,16735,13495,3155,4,5,14,28,16701,34,4589
대구광역시,달서구,,성당동제1투,4574,3407,2835,551,0,2,1,8,3397,10,1167
대구광역시,달서구,,성당동제2투,3260,2443,2043,383,1,0,2,6,2435,8,817
대구광역시,달서구,,성당동제3투,4070,3103,2604,483,1,2,1,6,3097,6,967
대구광역시,달서구,,성당동제4투,4675,3907,2907,982,0,1,9,3,3902,5,768
대구광역시,달서구,,성당동제5투,4745,3875,3106,756,2,0,1,5,3870,5,870
대구광역시,달서구,두류1·2동,소계,15611,11766,9848,1833,5,11,15,20,11732,34,3845
대구광역시,달서구,,두류1·2동제1투,2748,1973,1680,281,0,1,2,2,1966,7,775
대구광역시,달서구,,두류1·2동제2투,2983,2263,1917,323,1,5,6,4,2256,7,720
대구광역시,달서구,,두류1·2동제3투,3150,2430,2079,326,2,2,4,7,2420,10,720
대구광역시,달서구,,두류1·2동제4투,3029,2338,1926,398,0,2,3,2,2331,7,691
대구광역시,달서구,,두류1·2동제5투,3701,2762,2246,505,2,1,0,5,2759,3,939
대구광역시,달서구,두류3동,소계,8928,7221,5916,1268,0,2,9,9,7204,17,1707
대구광역시,달서구,,두류3동제1투,3722,3142,2551,574,0,0,5,5,3135,7,580
대구광역시,달서구,,두류3동제2투,2938,2200,1795,394,0,1,3,1,2194,6,738
대구광역시,달서구,,두류3동제3투,2268,1879,1570,300,0,1,1,3,1875,4,389
대구광역시,달서구,본리동,소계,18508,14602,11534,3012,2,6,12,10,14576,26,3906
대구광역시,달서구,,본리동제1투,4911,3839,3064,759,1,2,4,2,3832,7,1072
대구광역시,달서구,,본리동제2투,4365,3156,2540,604,0,1,3,1,3149,7,1209
대구광역시,달서구,,본리동제3투,4609,3735,2975,747,0,0,3,4,3729,6,874
대구광역시,달서구,,본리동제4투,4623,3872,2955,902,1,3,2,3,3866,6,751
대구광역시,달서구,감삼동,소계,21672,17549,14329,3142,2,6,17,19,17515,34,4123
대구광역시,달서구,,감삼동제1투,3466,2580,2127,442,1,1,1,3,2575,5,886
대구광역시,달서구,,감삼동제2투,3885,3039,2555,471,0,1,4,4,3035,4,846
대구광역시,달서구,,감삼동제3투,2937,2283,1918,353,0,0,3,3,2277,6,654
대구광역시,달서구,,감삼동제4투,3992,3267,2594,652,1,2,3,4,3256,11,725
대구광역시,달서구,,감삼동제5투,4806,4153,3289,851,0,2,1,4,4147,6,653
대구광역시,달서구,,감삼동제6투,2586,2227,1846,373,0,0,5,1,2225,2,359
대구광역시,달서구,죽전동,소계,13658,10624,8831,1746,5,2,11,11,10606,18,3034
대구광역시,달서구,,죽전동제1투,4080,3176,2675,491,2,0,1,2,3171,5,904
대구광역시,달서구,,죽전동제2투,2847,2213,1811,389,2,1,3,2,2208,5,634
대구광역시,달서구,,죽전동제3투,3631,2750,2292,445,0,0,4,4,2745,5,881
대구광역시,달서구,,죽전동제4투,3100,2485,2053,421,1,1,3,3,2482,3,615
대구광역시,달서구,장기동,소계,13996,11425,9141,2235,1,7,9,10,11403,22,2571
대구광역시,달서구,,장기동제1투,4047,3248,2621,615,0,4,3,1,3244,4,799
대구광역시,달서구,,장기동제2투,2230,1757,1459,287,0,1,3,3,1753,4,473
대구광역시,달서구,,장기동제3투,4472,3848,2994,839,1,1,1,4,3840,8,624
대구광역시,달서구,,장기동제4투,3247,2572,2067,494,0,1,2,2,2566,6,675
대구광역시,달서구,용산1동,소계,25462,21195,16981,4134,3,4,16,13,21151,44,4267
대구광역시,달서구,,용산1동제1투,3587,2856,2326,519,0,0,1,2,2848,8,731
대구광역시,달서구,,용산1동제2투,3795,3229,2579,638,1,2,2,1,3223,6,566
대구광역시,달서구,,용산1동제3투,3045,2450,1964,475,1,1,3,2,2446,4,595
대구광역시,달서구,,용산1동제4투,3590,3096,2467,612,0,0,5,3,3087,9,494
대구광역시,달서구,,용산1동제5투,3700,2954,2346,598,0,1,1,2,2948,6,746
대구광역시,달서구,,용산1동제6투,3792,3183,2587,582,1,0,1,3,3174,9,609
대구광역시,달서구,,용산1동제7투,3953,3427,2712,710,0,0,3,0,3425,2,526
대구광역시,달서구,용산2동,소계,25063,20806,16469,4255,5,5,17,19,20770,36,4257
대구광역시,달서구,,용산2동제1투,3306,2571,2100,465,0,0,0,2,2567,4,735
대구광역시,달서구,,용산2동제2투,4340,3339,2661,665,1,0,4,4,3335,4,1001
대구광역시,달서구,,용산2동제3투,2329,1990,1572,413,0,1,1,1,1988,2,339
대구광역시,달서구,,용산2동제4투,3725,3258,2531,714,1,2,0,2,3250,8,467
대구광역시,달서구,,용산2동제5투,4410,3698,2939,739,1,0,9,4,3692,6,712
대구광역시,달서구,,용산2동제6투,3242,2787,2169,608,0,1,1,1,2780,7,455
대구광역시,달서구,,용산2동제7투,3711,3163,2497,651,2,1,2,5,3158,5,548
대구광역시,달서구,이곡1동,소계,19839,16265,12881,3302,5,8,23,18,16237,28,3574
대구광역시,달서구,,이곡1동제1투,3033,2255,1833,410,0,2,2,2,2249,6,778
대구광역시,달서구,,이곡1동제2투,2397,2078,1686,387,0,2,0,2,2077,1,319
대구광역시,달서구,,이곡1동제3투,3544,3032,2339,675,1,0,11,3,3029,3,512
대구광역시,달서구,,이곡1동제4투,3084,2520,2007,497,1,1,2,4,2512,8,564
대구광역시,달서구,,이곡1동제5투,3097,2614,2057,547,2,1,2,2,2611,3,483
대구광역시,달서구,,이곡1동제6투,4684,3766,2959,786,1,2,6,5,3759,7,918
대구광역시,달서구,이곡2동,소계,15169,12427,9928,2431,4,8,17,11,12399,28,2742
대구광역시,달서구,,이곡2동제1투,3405,2733,2111,613,0,3,1,2,2730,3,672
대구광역시,달서구,,이곡2동제2투,3958,3029,2363,646,2,1,6,2,3020,9,929
대구광역시,달서구,,이곡2동제3투,3879,3335,2713,605,2,2,5,2,3329,6,544
대구광역시,달서구,,이곡2동제4투,3927,3330,2741,567,0,2,5,5,3320,10,597
대구광역시,달서구,신당동,소계,29106,22376,17710,4528,5,17,24,26,22310,66,6730
대구광역시,달서구,,신당동제1투,4120,2826,2235,568,1,6,3,3,2816,10,1294
대구광역시,달서구,,신당동제2투,2386,1702,1348,345,1,1,4,0,1699,3,684
대구광역시,달서구,,신당동제3투,2017,1462,1146,310,0,1,0,1,1458,4,555
대구광역시,달서구,,신당동제4투,3253,2399,1966,409,0,2,2,10,2389,10,854
대구광역시,달서구,,신당동제5투,3626,2812,2289,499,2,2,4,3,2799,13,814
대구광역시,달서구,,신당동제6투,3659,3177,2559,605,1,0,6,1,3172,5,482
대구광역시,달서구,,신당동제7투,3706,2570,1916,639,0,2,2,2,2561,9,1136
대구광역시,달서구,,신당동제8투,4395,3754,2978,762,0,0,3,5,3748,6,641
대구광역시,달서구,,신당동제9투,1944,1674,1273,391,0,3,0,1,1668,6,270
대구광역시,달서구,월성1동,소계,26011,22119,16653,5369,5,6,34,19,22086,33,3892
대구광역시,달서구,,월성1동제1투,4495,3686,2720,955,1,0,3,3,3682,4,809
대구광역시,달서구,,월성1동제2투,2884,2456,1848,594,0,0,4,4,2450,6,428
대구광역시,달서구,,월성1동제3투,3531,3067,2295,760,1,1,3,3,3063,4,464
대구광역시,달서구,,월성1동제4투,2790,2457,1791,650,1,3,6,2,2453,4,333
대구광역시,달서구,,월성1동제5투,3921,3306,2636,657,1,1,7,1,3303,3,615
대구광역시,달서구,,월성1동제6투,2722,2317,1840,465,0,0,5,4,2314,3,405
대구광역시,달서구,,월성1동제7투,3882,3295,2418,865,1,0,5,1,3290,5,587
대구광역시,달서구,,월성1동제8투,1786,1535,1105,423,0,1,1,1,1531,4,251
대구광역시,달서구,월성2동,소계,16759,13234,10834,2323,3,5,16,23,13204,30,3525
대구광역시,달서구,,월성2동제1투,2595,1873,1597,266,2,0,0,4,1869,4,722
대구광역시,달서구,,월성2동제2투,2830,2243,1823,407,0,0,3,3,2236,7,587
대구광역시,달서구,,월성2동제3투,3050,2405,1972,416,0,0,5,7,2400,5,645
대구광역시,달서구,,월성2동제4투,3277,2741,2227,505,0,2,3,0,2737,4,536
대구광역시,달서구,,월성2동제5투,2378,1823,1498,307,0,3,4,6,1818,5,555
대구광역시,달서구,,월성2동제6투,2629,2149,1717,422,1,0,1,3,2144,5,480
대구광역시,달서구,진천동,소계,41153,33685,26822,6730,7,11,29,31,33630,55,7468
대구광역시,달서구,,진천동제1투,4761,3700,2934,753,0,2,3,3,3695,5,1061
대구광역시,달서구,,진천동제2투,3958,3182,2638,531,0,0,4,1,3174,8,776
대구광역시,달서구,,진천동제3투,4128,3217,2700,507,1,0,0,1,3209,8,911
대구광역시,달서구,,진천동제4투,3920,3143,2509,618,0,1,3,6,3137,6,777
대구광역시,달서구,,진천동제5투,3732,3204,2470,722,2,2,1,4,3201,3,528
대구광역시,달서구,,진천동제6투,3774,3110,2470,629,1,1,6,2,3109,1,664
대구광역시,달서구,,진천동제7투,3855,3145,2490,640,0,1,3,4,3138,7,710
대구광역시,달서구,,진천동제8투,2815,2360,1894,459,0,2,1,1,2357,3,455
대구광역시,달서구,,진천동제9투,3638,3131,2367,754,0,0,4,5,3130,1,507
대구광역시,달서구,,진천동제10투,4318,3591,2927,644,1,0,3,4,3579,12,727
대구광역시,달서구,,진천동제11투,2254,1902,1423,473,2,2,1,0,1901,1,352
대구광역시,달서구,상인1동,소계,32563,27747,21674,5952,2,12,39,18,27697,50,4816
대구광역시,달서구,,상인1동제1투,4182,3528,2800,714,0,2,6,1,3523,5,654
대구광역시,달서구,,상인1동제2투,2637,2231,1799,421,0,0,3,2,2225,6,406
대구광역시,달서구,,상인1동제3투,3744,3157,2466,674,0,2,4,2,3148,9,587
대구광역시,달서구,,상인1동제4투,2585,2092,1658,420,1,2,2,0,2083,9,493
대구광역시,달서구,,상인1동제5투,2309,1982,1567,404,0,0,5,3,1979,3,327
대구광역시,달서구,,상인1동제6투,3946,3352,2698,640,0,1,5,1,3345,7,594
대구광역시,달서구,,상인1동제7투,3932,3411,2609,793,1,0,4,2,3409,2,521
대구광역시,달서구,,상인1동제8투,3631,3173,2490,670,0,1,2,5,3168,5,458
대구광역시,달서구,,상인1동제9투,2626,2231,1736,488,0,1,4,0,2229,2,395
대구광역시,달서구,,상인1동제10투,2971,2590,1851,728,0,3,4,2,2588,2,381
대구광역시,달서구,상인2동,소계,19655,15567,12673,2830,0,1,17,21,15542,25,4088
대구광역시,달서구,,상인2동제1투,3384,2510,2053,446,0,1,1,2,2503,7,874
대구광역시,달서구,,상인2동제2투,3135,2481,2033,439,0,0,3,4,2479,2,654
대구광역시,달서구,,상인2동제3투,3142,2437,1996,424,0,0,5,5,2430,7,705
대구광역시,달서구,,상인2동제4투,3755,3101,2454,637,0,0,4,2,3097,4,654
대구광역시,달서구,,상인2동제5투,2882,2363,1909,446,0,0,1,5,2361,2,519
대구광역시,달서구,,상인2동제6투,3357,2675,2228,438,0,0,3,3,2672,3,682
대구광역시,달서구,상인3동,소계,12767,9889,8145,1701,2,5,7,8,9868,21,2878
대구광역시,달서구,,상인3동제1투,2979,2308,1877,427,0,1,1,1,2307,1,671
대구광역시,달서구,,상인3동제2투,3389,2685,2185,495,0,2,1,1,2684,1,704
대구광역시,달서구,,상인3동제3투,3586,2703,2302,380,2,1,1,5,2691,12,883
대구광역시,달서구,,상인3동제4투,2813,2193,1781,399,0,1,4,1,2186,7,620
대구광역시,달서구,도원동,소계,30787,25884,20217,5538,6,10,41,26,25838,46,4903
대구광역시,달서구,,도원동제1투,3543,2865,2251,592,3,0,7,5,2858,7,678
대구광역시,달서구,,도원동제2투,3140,2567,1987,565,1,0,5,5,2563,4,573
대구광역시,달서구,,도원동제3투,3382,2816,2191,609,1,1,4,2,2808,8,566
대구광역시,달서구,,도원동제4투,2960,2488,1974,502,0,1,5,1,2483,5,472
대구광역시,달서구,,도원동제5투,2664,2292,1780,503,1,3,2,0,2289,3,372
대구광역시,달서구,,도원동제6투,2952,2467,1934,518,0,2,7,1,2462,5,485
대구광역시,달서구,,도원동제7투,3124,2685,2098,576,0,2,3,3,2682,3,439
대구광역시,달서구,,도원동제8투,3736,3212,2508,693,0,0,4,3,3208,4,524
대구광역시,달서구,,도원동제9투,2675,2250,1803,438,0,0,2,4,2247,3,425
대구광역시,달서구,,도원동제10투,2611,2242,1691,542,0,1,2,2,2238,4,369
대구광역시,달서구,송현1동,소계,18626,14072,11707,2301,4,3,16,14,14045,27,4554
대구광역시,달서구,,송현1동제1투,3495,2683,2272,398,2,0,2,2,2676,7,812
대구광역시,달서구,,송현1동제2투,3543,2597,2185,400,0,2,4,0,2591,6,946
대구광역시,달서구,,송현1동제3투,3812,2897,2391,492,0,0,5,4,2892,5,915
대구광역시,달서구,,송현1동제4투,4222,3213,2624,578,0,1,1,7,3211,2,1009
대구광역시,달서구,,송현1동제5투,3554,2682,2235,433,2,0,4,1,2675,7,872
대구광역시,달서구,송현2동,소계,18538,14355,11714,2575,3,5,14,13,14324,31,4183
대구광역시,달서구,,송현2동제1투,3517,2558,2112,438,0,1,2,2,2555,3,959
대구광역시,달서구,,송현2동제2투,2595,2043,1682,347,1,0,5,1,2036,7,552
대구광역시,달서구,,송현2동제3투,3290,2490,2016,458,1,2,2,3,2482,8,800
대구광역시,달서구,,송현2동제4투,3112,2486,1974,501,0,1,2,3,2481,5,626
대구광역시,달서구,,송현2동제5투,2932,2400,1953,439,1,1,2,2,2398,2,532
대구광역시,달서구,,송현2동제6투,3092,2378,1977,392,0,0,1,2,2372,6,714
대구광역시,달서구,본동,소계,12365,9686,7983,1660,0,3,13,7,9666,20,2679
대구광역시,달서구,,본동제1투,2582,1883,1557,322,0,0,0,0,1879,4,699
대구광역시,달서구,,본동제2투,3530,3000,2457,527,0,0,7,1,2992,8,530
대구광역시,달서구,,본동제3투,2848,2242,1788,441,0,2,4,2,2237,5,606
대구광역시,달서구,,본동제4투,3405,2561,2181,370,0,1,2,4,2558,3,844
대구광역시,달서구,잘못 투입·구분된 투표지,,0,0,0,0,0,0,0,0,0,0,0
대구광역시,달성군,소계,,142838,114373,92161,21290,41,54,158,244,113948,425,28465
대구광역시,달성군,재외투표,,534,374,221,149,1,0,1,1,373,1,160
대구광역시,달성군,국내부재자투표,,4676,4273,3045,1043,14,18,20,20,4160,113,403
대구광역시,달성군,소계,,137628,109726,88895,20098,26,36,137,223,109415,311,27902
대구광역시,달성군,화원읍,소계,40621,32474,26238,6072,5,6,47,36,32404,70,8147
대구광역시,달성군,,화원읍제1투,4235,3078,2586,468,0,2,5,8,3069,9,1157
대구광역시,달성군,,화원읍제2투,4053,3312,2756,543,0,1,3,5,3308,4,741
대구광역시,달성군,,화원읍제3투,3354,2640,2221,404,0,1,5,3,2634,6,714
대구광역시,달성군,,화원읍제4투,3662,2375,1893,473,1,0,4,2,2373,2,1287
대구광역시,달성군,,화원읍제5투,3868,3275,2543,723,0,0,1,3,3270,5,593
대구광역시,달성군,,화원읍제6투,4121,3384,2747,619,0,0,9,2,3377,7,737
대구광역시,달성군,,화원읍제7투,1325,1105,939,159,1,0,4,0,1103,2,220
대구광역시,달성군,,화원읍제8투,2860,2236,1927,295,0,1,1,3,2227,9,624
대구광역시,달성군,,화원읍제9투,4568,3716,2982,712,1,0,6,5,3706,10,852
대구광역시,달성군,,화원읍제10투,3178,2675,2098,564,2,1,1,2,2668,7,503
대구광역시,달성군,,화원읍제11투,2174,1809,1400,401,0,0,3,1,1805,4,365
대구광역시,달성군,,화원읍제12투,3223,2869,2146,711,0,0,5,2,2864,5,354
대구광역시,달성군,논공읍,소계,16756,12806,10420,2290,2,5,18,31,12766,40,3950
대구광역시,달성군,,논공읍제1투,1899,1532,1373,143,0,1,1,10,1528,4,367
대구광역시,달성군,,논공읍제2투,1076,864,747,107,1,1,1,4,861,3,212
대구광역시,달성군,,논공읍제3투,2967,2184,1766,404,1,1,3,2,2177,7,783
대구광역시,달성군,,논공읍제4투,1991,1575,1255,313,0,0,1,1,1570,5,416
대구광역시,달성군,,논공읍제5투,2940,2313,1805,495,0,2,2,1,2305,8,627
대구광역시,달성군,,논공읍제6투,3272,2294,1844,432,0,0,4,7,2287,7,978
대구광역시,달성군,,논공읍제7투,2611,2044,1630,396,0,0,6,6,2038,6,567
대구광역시,달성군,다사읍,소계,44184,36244,28398,7670,8,20,48,37,36181,63,7940
대구광역시,달성군,,다사읍제1투,5016,3913,3082,803,2,4,6,5,3902,11,1103
대구광역시,달성군,,다사읍제2투,3292,2655,1998,642,0,2,5,5,2652,3,637
대구광역시,달성군,,다사읍제3투,3284,2550,2076,459,0,3,6,2,2546,4,734
대구광역시,달성군,,다사읍제4투,725,599,518,76,0,0,0,3,597,2,126
대구광역시,달성군,,다사읍제5투,3020,2466,1940,517,0,0,4,2,2463,3,554
대구광역시,달성군,,다사읍제6투,3127,2584,2031,542,1,0,1,1,2576,8,543
대구광역시,달성군,,다사읍제7투,3671,3028,2511,499,2,2,4,5,3023,5,643
대구광역시,달성군,,다사읍제8투,4367,3632,2869,741,0,3,6,3,3622,10,735
대구광역시,달성군,,다사읍제9투,2926,2403,1931,467,0,1,2,2,2403,0,523
대구광역시,달성군,,다사읍제10투,3861,3259,2521,722,1,2,3,4,3253,6,602
대구광역시,달성군,,다사읍제11투,4410,3717,2741,965,1,2,3,1,3713,4,693
대구광역시,달성군,,다사읍제12투,3339,2744,2178,553,1,1,4,2,2739,5,595
대구광역시,달성군,,다사읍제13투,3146,2694,2002,684,0,0,4,2,2692,2,452
대구광역시,달성군,가창면,소계,7141,5575,4641,874,3,1,6,23,5548,27,1566
대구광역시,달성군,,가창면제1투,2092,1622,1322,291,1,0,2,1,1617,5,470
대구광역시,달성군,,가창면제2투,1709,1327,1088,218,1,1,2,6,1316,11,382
대구광역시,달성군,,가창면제3투,2134,1702,1445,240,0,0,0,9,1694,8,432
대구광역시,달성군,,가창면제4투,1206,924,786,125,1,0,2,7,921,3,282
대구광역시,달성군,하빈면,소계,3815,2992,2562,392,0,0,4,15,2973,19,823
대구광역시,달성군,,하빈면제1투,1930,1521,1321,184,0,0,0,5,1510,11,409
대구광역시,달성군,,하빈면제2투,1885,1471,1241,208,0,0,4,10,1463,8,414
대구광역시,달성군,옥포면,소계,8607,6887,5943,900,0,1,2,18,6864,23,1720
대구광역시,달성군,,옥포면제1투,2963,2389,2035,339,0,0,0,4,2378,11,574
대구광역시,달성군,,옥포면제2투,2253,1796,1586,199,0,0,0,6,1791,5,457
대구광역시,달성군,,옥포면제3투,3391,2702,2322,362,0,1,2,8,2695,7,689
대구광역시,달성군,현풍면,소계,8379,6431,5406,959,4,0,2,24,6395,36,1948
대구광역시,달성군,,현풍면제1투,2569,1965,1630,320,1,0,1,6,1958,7,604
대구광역시,달성군,,현풍면제2투,2743,2089,1740,336,0,0,1,5,2082,7,654
대구광역시,달성군,,현풍면제3투,2006,1544,1328,203,2,0,0,3,1536,8,462
대구광역시,달성군,,현풍면제4투,1061,833,708,100,1,0,0,10,819,14,228
대구광역시,달성군,유가면,소계,2251,1759,1566,165,0,1,4,9,1745,14,492
대구광역시,달성군,,유가면제1투,877,692,631,54,0,1,1,2,689,3,185
대구광역시,달성군,,유가면제2투,1374,1067,935,111,0,0,3,7,1056,11,307
대구광역시,달성군,구지면,소계,5874,4558,3721,776,4,2,6,30,4539,19,1316
대구광역시,달성군,,구지면제1투,1627,1241,1070,141,2,0,5,13,1231,10,386
대구광역시,달성군,,구지면제2투,880,702,626,62,1,1,0,9,699,3,178
대구광역시,달성군,,구지면제3투,3367,2615,2025,573,1,1,1,8,2609,6,752
대구광역시,달성군,잘못 투입·구분된 투표지,,0,0,0,0,0,0,0,0,0,0,0
인천광역시,합계,,,2241366,1657821,852600,794213,508,1005,2730,1910,1652966,4855,583545
인천광역시,중구,소계,,78606,55585,30613,24538,13,25,116,66,55371,214,23021
인천광역시,중구,재외투표,,443,292,124,166,0,0,0,0,290,2,151
인천광역시,중구,국내부재자투표,,1463,1359,686,639,1,1,3,6,1336,23,104
인천광역시,중구,소계,,76700,53934,29803,23733,12,24,113,60,53745,189,22766
인천광역시,중구,신포동,소계,5215,3621,2185,1408,1,3,11,2,3610,11,1594
인천광역시,중구,,신포동제1투,2701,1993,1131,847,0,1,7,2,1988,5,708
인천광역시,중구,,신포동제2투,2514,1628,1054,561,1,2,4,0,1622,6,886
인천광역시,중구,연안동,소계,6831,4677,2765,1880,0,3,13,1,4662,15,2154
인천광역시,중구,,연안동제1투,1195,770,439,325,0,0,1,1,766,4,425
인천광역시,중구,,연안동제2투,2779,1830,1101,719,0,1,5,0,1826,4,949
인천광역시,중구,,연안동제3투,2857,2077,1225,836,0,2,7,0,2070,7,780
인천광역시,중구,신흥동,소계,12486,9020,5204,3756,3,3,18,9,8993,27,3466
인천광역시,중구,,신흥동제1투,2931,1982,1230,741,2,0,3,2,1978,4,949
인천광역시,중구,,신흥동제2투,3586,2732,1544,1172,1,0,6,1,2724,8,854
인천광역시,중구,,신흥동제3투,769,518,274,243,0,0,0,0,517,1,251
인천광역시,중구,,신흥동제4투,3098,2379,1295,1061,0,3,7,4,2370,9,719
인천광역시,중구,,신흥동제5투,2102,1409,861,539,0,0,2,2,1404,5,693
인천광역시,중구,도원동,소계,4188,2839,1721,1104,0,0,2,5,2832,7,1349
인천광역시,중구,,도원동제1투,2334,1538,903,626,0,0,2,2,1533,5,796
인천광역시,중구,,도원동제2투,1854,1301,818,478,0,0,0,3,1299,2,553
인천광역시,중구,율목동,소계,3819,2579,1510,1044,0,0,10,4,2568,11,1240
인천광역시,중구,,율목동투표소,3819,2579,1510,1044,0,0,10,4,2568,11,1240
인천광역시,중구,동인천동,소계,5786,3904,2372,1504,1,0,4,3,3884,20,1882
인천광역시,중구,,동인천동제1투,1884,1213,782,417,0,0,2,2,1203,10,671
인천광역시,중구,,동인천동제2투,3902,2691,1590,1087,1,0,2,1,2681,10,1211
인천광역시,중구,북성동,소계,3420,2430,1425,974,1,1,9,3,2413,17,990
인천광역시,중구,,북성동제1투,2522,1741,1000,718,1,1,6,1,1727,14,781
인천광역시,중구,,북성동제2투,898,689,425,256,0,0,3,2,686,3,209
인천광역시,중구,송월동,소계,4807,3456,1976,1449,1,4,9,6,3445,11,1351
인천광역시,중구,,송월동제1투,3060,2204,1231,953,0,2,6,5,2197,7,856
인천광역시,중구,,송월동제2투,1747,1252,745,496,1,2,3,1,1248,4,495
인천광역시,중구,영종동,소계,10862,7555,4232,3264,1,3,15,6,7521,34,3307
인천광역시,중구,,영종동제1투,2244,1536,997,528,0,1,3,0,1529,7,708
인천광역시,중구,,영종동제2투,1479,1075,482,585,0,1,3,0,1071,4,404
인천광역시,중구,,영종동제3투,1952,1350,863,476,1,0,5,1,1346,4,602
인천광역시,중구,,영종동제4투,2364,1532,997,521,0,0,1,3,1522,10,832
인천광역시,중구,,영종동제5투,2823,2062,893,1154,0,1,3,2,2053,9,761
인천광역시,중구,운서동,소계,14720,10736,4182,6485,3,7,18,17,10712,24,3984
인천광역시,중구,,운서동제1투,3322,2616,937,1664,0,2,5,1,2609,7,706
인천광역시,중구,,운서동제2투,3093,2094,837,1239,0,2,5,7,2090,4,999
인천광역시,중구,,운서동제3투,2801,2144,872,1254,1,2,3,3,2135,9,657
인천광역시,중구,,운서동제4투,2450,1558,650,900,1,0,3,2,1556,2,892
인천광역시,중구,,운서동제5투,3054,2324,886,1428,1,1,2,4,2322,2,730
인천광역시,중구,용유동,소계,4566,3117,2231,865,1,0,4,4,3105,12,1449
인천광역시,중구,,용유동제1투,2036,1385,970,411,1,0,2,0,1384,1,651
인천광역시,중구,,용유동제2투,1763,1173,823,337,0,0,1,2,1163,10,590
인천광역시,중구,,용유동제3투,701,508,394,111,0,0,1,2,508,0,193
인천광역시,중구,,용유동제4투,66,51,44,6,0,0,0,0,50,1,15
인천광역시,중구,잘못 투입·구분된 투표지,,0,0,0,0,0,0,0,0,0,0,0
인천광역시,동구,소계,,62787,46837,25911,20584,15,29,66,75,46680,157,15950
인천광역시,동구,재외투표,,248,171,73,94,1,0,0,0,168,3,77
인천광역시,동구,국내부재자투표,,1079,1019,479,514,1,4,0,5,1003,16,60
인천광역시,동구,소계,,61460,45647,25359,19976,13,25,66,70,45509,138,15813
인천광역시,동구,만석동,소계,5998,4310,2297,1985,0,2,5,7,4296,14,1688
인천광역시,동구,,만석동제1투,2504,1687,968,705,0,1,2,2,1678,9,817
인천광역시,동구,,만석동제2투,3494,2623,1329,1280,0,1,3,5,2618,5,871
인천광역시,동구,화수1·화평동,소계,6356,4653,2709,1908,3,4,11,5,4640,13,1703
인천광역시,동구,,화수1·화평동제1투,3101,2152,1287,853,0,1,4,3,2148,4,949
인천광역시,동구,,화수1·화평동제2투,3255,2501,1422,1055,3,3,7,2,2492,9,754
인천광역시,동구,화수2동,소계,7771,5903,3326,2549,3,0,7,11,5896,7,1868
인천광역시,동구,,화수2동제1투,2538,1800,1015,772,1,0,3,6,1797,3,738
인천광역시,동구,,화수2동제2투,2675,1989,1124,857,1,0,2,3,1987,2,686
인천광역시,동구,,화수2동제3투,2558,2114,1187,920,1,0,2,2,2112,2,444
인천광역시,동구,송현1·2동,소계,9701,7531,3946,3547,3,6,12,8,7522,9,2170
인천광역시,동구,,송현1·2동제1투,3054,2316,1383,925,0,1,2,2,2313,3,738
인천광역시,동구,,송현1·2동제2투,3054,2415,1270,1133,2,1,4,2,2412,3,639
인천광역시,동구,,송현1·2동제3투,3593,2800,1293,1489,1,4,6,4,2797,3,793
인천광역시,동구,송현3동,소계,3934,2907,1658,1222,0,2,2,6,2890,17,1027
인천광역시,동구,,송현3동제1투,1983,1501,845,642,0,1,0,3,1491,10,482
인천광역시,동구,,송현3동제2투,1951,1406,813,580,0,1,2,3,1399,7,545
인천광역시,동구,송림1동,소계,2667,1983,1199,768,0,2,2,3,1974,9,684
인천광역시,동구,,송림1동제1투,1497,1081,629,441,0,1,1,1,1073,8,416
인천광역시,동구,,송림1동제2투,1170,902,570,327,0,1,1,2,901,1,268
인천광역시,동구,송림2동,소계,3301,2350,1469,857,0,0,1,4,2331,19,951
인천광역시,동구,,송림2동제1투,1562,1066,654,401,0,0,1,1,1057,9,496
인천광역시,동구,,송림2동제2투,1739,1284,815,456,0,0,0,3,1274,10,455
인천광역시,동구,송림3·5동,소계,7946,5748,3042,2671,1,4,12,6,5736,12,2198
인천광역시,동구,,송림3·5동제1투,2577,1809,1020,779,0,2,1,3,1805,4,768
인천광역시,동구,,송림3·5동제2투,2492,1782,1141,627,1,0,5,2,1776,6,710
인천광역시,동구,,송림3·5동제3투,2877,2157,881,1265,0,2,6,1,2155,2,720
인천광역시,동구,송림4동,소계,4367,3317,1791,1502,1,3,3,7,3307,10,1050
인천광역시,동구,,송림4동제1투,1606,1101,660,428,0,1,3,4,1096,5,505
인천광역시,동구,,송림4동제2투,2761,2216,1131,1074,1,2,0,3,2211,5,545
인천광역시,동구,송림6동,소계,6076,4553,2442,2074,1,1,6,9,4533,20,1523
인천광역시,동구,,송림6동제1투,2282,1580,1013,553,1,0,1,4,1572,8,702
인천광역시,동구,,송림6동제2투,3794,2973,1429,1521,0,1,5,5,2961,12,821
인천광역시,동구,금창동,소계,3343,2392,1480,893,1,1,5,4,2384,8,951
인천광역시,동구,,금창동제1투,1654,1148,720,419,1,0,2,3,1145,3,506
인천광역시,동구,,금창동제2투,1689,1244,760,474,0,1,3,1,1239,5,445
인천광역시,남구,소계,,339766,243682,133464,108637,79,132,394,297,243003,679,96084
인천광역시,남구,재외투표,,1421,970,422,541,0,0,2,0,965,5,451
인천광역시,남구,국내부재자투표,,6582,6247,3153,2923,6,19,17,26,6144,103,335
인천광역시,남구,소계,,331763,236465,129889,105173,73,113,375,271,235894,571,95298
인천광역시,남구,숭의1·3동,소계,9999,6882,4083,2755,4,6,16,3,6867,15,3117
인천광역시,남구,,숭의1·3동제1투,3386,2287,1363,908,2,0,6,1,2280,7,1099
인천광역시,남구,,숭의1·3동제2투,3677,2505,1442,1043,1,3,7,2,2498,7,1172
인천광역시,남구,,숭의1·3동제3투,2936,2090,1278,804,1,3,3,0,2089,1,846
인천광역시,남구,숭의2동,소계,8831,6233,3812,2387,0,1,5,12,6217,16,2598
인천광역시,남구,,숭의2동제1투,3887,2735,1612,1110,0,0,3,5,2730,5,1152
인천광역시,남구,,숭의2동제2투,4944,3498,2200,1277,0,1,2,7,3487,11,1446
인천광역시,남구,숭의4동,소계,13025,9106,5272,3758,4,2,21,13,9070,36,3919
인천광역시,남구,,숭의4동제1투,4953,3449,2028,1397,1,1,6,5,3438,11,1504
인천광역시,남구,,숭의4동제2투,4121,2818,1626,1163,1,0,6,5,2801,17,1303
인천광역시,남구,,숭의4동제3투,3951,2839,1618,1198,2,1,9,3,2831,8,1112
인천광역시,남구,용현1·4동,소계,16772,11883,6658,5141,4,13,21,11,11848,35,4889
인천광역시,남구,,용현1·4동제1투,3626,2374,1406,957,1,2,3,1,2370,4,1252
인천광역시,남구,,용현1·4동제2투,3244,2250,1301,933,0,1,4,5,2244,6,994
인천광역시,남구,,용현1·4동제3투,3965,2868,1680,1168,2,3,4,1,2858,10,1097
인천광역시,남구,,용현1·4동제4투,2593,1945,991,940,0,4,1,2,1938,7,648
인천광역시,남구,,용현1·4동제5투,3344,2446,1280,1143,1,3,9,2,2438,8,898
인천광역시,남구,용현2동,소계,13811,10213,5676,4466,2,7,16,12,10179,34,3598
인천광역시,남구,,용현2동제1투,3442,2383,1237,1127,1,5,2,1,2373,10,1059
인천광역시,남구,,용현2동제2투,2257,1552,944,600,0,0,2,1,1547,5,705
인천광역시,남구,,용현2동제3투,3867,2944,1690,1239,1,0,1,4,2935,9,923
인천광역시,남구,,용현2동제4투,4245,3334,1805,1500,0,2,11,6,3324,10,911
인천광역시,남구,용현3동,소계,7766,5097,3000,2049,1,3,12,7,5072,25,2669
인천광역시,남구,,용현3동제1투,3986,2533,1548,963,0,1,5,3,2520,13,1453
인천광역시,남구,,용현3동제2투,3780,2564,1452,1086,1,2,7,4,2552,12,1216
인천광역시,남구,용현5동,소계,28395,20780,11311,9367,9,9,24,15,20735,45,7615
인천광역시,남구,,용현5동제1투,4321,3082,1647,1413,2,0,6,1,3069,13,1239
인천광역시,남구,,용현5동제2투,4140,2847,1564,1261,2,2,5,5,2839,8,1293
인천광역시,남구,,용현5동제3투,3149,2285,1306,969,1,1,1,3,2281,4,864
인천광역시,남구,,용현5동제4투,4092,2659,1507,1144,1,0,2,2,2656,3,1433
인천광역시,남구,,용현5동제5투,4683,3582,1939,1632,0,4,1,1,3577,5,1101
인천광역시,남구,,용현5동제6투,4589,3647,2049,1581,1,1,6,3,3641,6,942
인천광역시,남구,,용현5동제7투,3421,2678,1299,1367,2,1,3,0,2672,6,743
인천광역시,남구,학익1동,소계,27008,20719,11114,9495,6,7,37,27,20686,33,6289
인천광역시,남구,,학익1동제1투,4664,3476,1983,1479,0,1,4,3,3470,6,1188
인천광역시,남구,,학익1동제2투,3516,2374,1264,1096,2,1,2,5,2370,4,1142
인천광역시,남구,,학익1동제3투,3762,3083,1752,1310,2,1,12,3,3080,3,679
인천광역시,남구,,학익1동제4투,3981,2989,1549,1427,0,1,7,2,2986,3,992
인천광역시,남구,,학익1동제5투,3103,2307,1206,1093,0,0,1,4,2304,3,796
인천광역시,남구,,학익1동제6투,3098,2351,1289,1048,1,1,3,4,2346,5,747
인천광역시,남구,,학익1동제7투,4884,4139,2071,2042,1,2,8,6,4130,9,745
인천광역시,남구,학익2동,소계,17002,12825,7084,5664,3,3,31,12,12797,28,4177
인천광역시,남구,,학익2동제1투,3140,2120,1191,917,1,0,3,2,2114,6,1020
인천광역시,남구,,학익2동제2투,3279,2168,1249,906,1,0,7,2,2165,3,1111
인천광역시,남구,,학익2동제3투,3472,2734,1419,1302,0,1,6,0,2728,6,738
인천광역시,남구,,학익2동제4투,3509,2880,1643,1222,1,1,5,4,2876,4,629
인천광역시,남구,,학익2동제5투,3602,2923,1582,1317,0,1,10,4,2914,9,679
인천광역시,남구,도화1동,소계,16229,11103,6100,4943,4,4,13,6,11070,33,5126
인천광역시,남구,,도화1동제1투,5138,3354,1832,1509,1,0,1,2,3345,9,1784
인천광역시,남구,,도화1동제2투,4053,2711,1496,1195,0,0,7,3,2701,10,1342
인천광역시,남구,,도화1동제3투,3300,2454,1324,1122,0,2,2,1,2451,3,846
인천광역시,남구,,도화1동제4투,3738,2584,1448,1117,3,2,3,0,2573,11,1154
인천광역시,남구,도화2·3동,소계,16924,11706,6527,5106,1,6,15,21,11676,30,5218
인천광역시,남구,,도화2·3동제1투,3259,2119,1196,911,1,0,2,2,2112,7,1140
인천광역시,남구,,도화2·3동제2투,4303,3019,1659,1346,0,1,5,4,3015,4,1284
인천광역시,남구,,도화2·3동제3투,4033,2933,1536,1378,0,3,2,6,2925,8,1100
인천광역시,남구,,도화2·3동제4투,2352,1592,969,607,0,0,4,6,1586,6,760
인천광역시,남구,,도화2·3동제5투,2977,2043,1167,864,0,2,2,3,2038,5,934
인천광역시,남구,주안1동,소계,10890,6803,3338,3432,4,6,6,8,6794,9,4087
인천광역시,남구,,주안1동제1투,5549,3502,1677,1812,1,4,3,0,3497,5,2047
인천광역시,남구,,주안1동제2투,5341,3301,1661,1620,3,2,3,8,3297,4,2040
인천광역시,남구,주안2동,소계,20661,14146,8103,5964,5,5,27,12,14116,30,6515
인천광역시,남구,,주안2동제1투,4824,3115,1773,1321,1,3,6,2,3106,9,1709
인천광역시,남구,,주안2동제2투,4411,3053,1774,1261,1,1,6,2,3045,8,1358
인천광역시,남구,,주안2동제3투,3604,2592,1430,1150,0,0,7,2,2589,3,1012
인천광역시,남구,,주안2동제4투,4184,2856,1662,1177,1,0,3,6,2849,7,1328
인천광역시,남구,,주안2동제5투,3638,2530,1464,1055,2,1,5,0,2527,3,1108
인천광역시,남구,주안3동,소계,10139,7077,4071,2957,1,4,11,10,7054,23,3062
인천광역시,남구,,주안3동제1투,3493,2375,1314,1042,1,3,4,4,2368,7,1118
인천광역시,남구,,주안3동제2투,3594,2522,1459,1044,0,0,5,3,2511,11,1072
인천광역시,남구,,주안3동제3투,3052,2180,1298,871,0,1,2,3,2175,5,872
인천광역시,남구,주안4동,소계,19277,13575,7926,5570,1,9,20,17,13543,32,5702
인천광역시,남구,,주안4동제1투,4410,3008,1682,1301,0,1,10,4,2998,10,1402
인천광역시,남구,,주안4동제2투,4151,2938,1705,1219,1,1,4,3,2933,5,1213
인천광역시,남구,,주안4동제3투,3469,2458,1478,969,0,0,3,5,2455,3,1011
인천광역시,남구,,주안4동제4투,3444,2471,1508,954,0,2,1,1,2466,5,973
인천광역시,남구,,주안4동제5투,3803,2700,1553,1127,0,5,2,4,2691,9,1103
인천광역시,남구,주안5동,소계,18841,13585,6806,6688,8,6,20,25,13553,32,5256
인천광역시,남구,,주안5동제1투,4094,2848,1460,1373,0,1,6,7,2847,1,1246
인천광역시,남구,,주안5동제2투,4154,3038,1518,1495,3,3,10,2,3031,7,1116
인천광역시,남구,,주안5동제3투,3113,2288,1164,1106,1,0,1,3,2275,13,825
인천광역시,남구,,주안5동제4투,3496,2302,1164,1121,2,1,2,7,2297,5,1194
인천광역시,남구,,주안5동제5투,3984,3109,1500,1593,2,1,1,6,3103,6,875
인천광역시,남구,주안6동,소계,17687,12801,6403,6332,4,5,19,13,12776,25,4886
인천광역시,남구,,주안6동제1투,3197,2167,1058,1096,1,0,4,1,2160,7,1030
인천광역시,남구,,주안6동제2투,3883,2536,1293,1228,0,2,3,3,2529,7,1347
인천광역시,남구,,주안6동제3투,3063,2101,1195,896,0,1,3,2,2097,4,962
인천광역시,남구,,주안6동제4투,3401,2761,1285,1462,2,0,5,3,2757,4,640
인천광역시,남구,,주안6동제5투,4143,3236,1572,1650,1,2,4,4,3233,3,907
인천광역시,남구,주안7동,소계,12897,9236,5091,4092,5,2,12,8,9210,26,3661
인천광역시,남구,,주안7동제1투,3345,2477,1392,1071,0,0,6,2,2471,6,868
인천광역시,남구,,주안7동제2투,3386,2501,1372,1112,1,1,4,2,2492,9,885
인천광역시,남구,,주안7동제3투,3200,2132,1169,954,0,1,1,2,2127,5,1068
인천광역시,남구,,주안7동제4투,2966,2126,1158,955,4,0,1,2,2120,6,840
인천광역시,남구,주안8동,소계,18863,13884,7385,6419,5,7,22,18,13856,28,4979
인천광역시,남구,,주안8동제1투,3604,2649,1371,1264,1,0,4,3,2643,6,955
인천광역시,남구,,주안8동제2투,3675,2470,1278,1175,1,1,4,3,2462,8,1205
인천광역시,남구,,주안8동제3투,3924,2852,1554,1281,1,4,5,2,2847,5,1072
인천광역시,남구,,주안8동제4투,3810,2996,1633,1347,1,0,2,7,2990,6,814
인천광역시,남구,,주안8동제5투,3850,2917,1549,1352,1,2,7,3,2914,3,933
인천광역시,남구,관교동,소계,14424,11055,6088,4914,1,4,14,11,11032,23,3369
인천광역시,남구,,관교동제1투,4139,3340,2077,1251,1,1,4,0,3334,6,799
인천광역시,남구,,관교동제2투,3127,2310,1249,1049,0,1,5,1,2305,5,817
인천광역시,남구,,관교동제3투,3133,2494,1337,1146,0,1,3,5,2492,2,639
인천광역시,남구,,관교동제4투,4025,2911,1425,1468,0,1,2,5,2901,10,1114
인천광역시,남구,문학동,소계,12322,7756,4041,3674,1,4,13,10,7743,13,4566
인천광역시,남구,,문학동제1투,4563,2777,1388,1375,1,1,3,6,2774,3,1786
인천광역시,남구,,문학동제2투,3783,2441,1262,1165,0,2,3,4,2436,5,1342
인천광역시,남구,,문학동제3투,3976,2538,1391,1134,0,1,7,0,2533,5,1438
인천광역시,연수구,소계,,224398,172068,91538,79429,52,80,315,163,171577,491,52330
인천광역시,연수구,재외투표,,1274,850,339,501,0,0,2,1,843,7,424
인천광역시,연수구,국내부재자투표,,6074,5703,2851,2715,5,8,18,18,5615,88,371
인천광역시,연수구,소계,,217050,165515,88348,76213,47,72,295,144,165119,396,51535
인천광역시,연수구,옥련1동,소계,17079,12865,7074,5724,3,8,22,10,12841,24,4214
인천광역시,연수구,,옥련1동제1투,3762,2832,1600,1221,1,0,6,2,2830,2,930
인천광역시,연수구,,옥련1동제2투,2230,1593,962,617,0,4,4,1,1588,5,637
인천광역시,연수구,,옥련1동제3투,3351,2361,1383,962,0,3,4,4,2356,5,990
인천광역시,연수구,,옥련1동제4투,3738,2958,1495,1457,0,1,0,0,2953,5,780
인천광역시,연수구,,옥련1동제5투,3998,3121,1634,1467,2,0,8,3,3114,7,877
인천광역시,연수구,옥련2동,소계,18132,13823,7497,6266,4,2,20,6,13795,28,4309
인천광역시,연수구,,옥련2동제1투,3239,2244,1288,943,1,0,6,2,2240,4,995
인천광역시,연수구,,옥련2동제2투,2896,2093,1173,911,0,0,4,0,2088,5,803
인천광역시,연수구,,옥련2동제3투,4244,3388,1982,1392,0,1,4,3,3382,6,856
인천광역시,연수구,,옥련2동제4투,3825,2943,1422,1511,1,0,4,0,2938,5,882
인천광역시,연수구,,옥련2동제5투,3928,3155,1632,1509,2,1,2,1,3147,8,773
인천광역시,연수구,선학동,소계,16983,12354,6698,5576,3,5,25,17,12324,30,4629
인천광역시,연수구,,선학동제1투,3176,2430,1286,1133,0,0,6,1,2426,4,746
인천광역시,연수구,,선학동제2투,3404,2785,1573,1199,0,0,4,3,2779,6,619
인천광역시,연수구,,선학동제3투,3992,2911,1603,1285,1,2,8,5,2904,7,1081
인천광역시,연수구,,선학동제4투,2692,1531,778,743,0,1,1,1,1524,7,1161
인천광역시,연수구,,선학동제5투,3719,2697,1458,1216,2,2,6,7,2691,6,1022
인천광역시,연수구,연수1동,소계,21018,13460,7121,6262,6,5,18,15,13427,33,7558
인천광역시,연수구,,연수1동제1투,3607,2586,1372,1200,1,0,6,3,2582,4,1021
인천광역시,연수구,,연수1동제2투,3612,2823,1412,1389,1,2,4,4,2812,11,789
인천광역시,연수구,,연수1동제3투,3444,2564,1441,1112,1,1,3,3,2561,3,880
인천광역시,연수구,,연수1동제4투,3631,1688,884,799,0,0,1,1,1685,3,1943
인천광역시,연수구,,연수1동제5투,3322,2091,1113,969,1,1,2,0,2086,5,1231
인천광역시,연수구,,연수1동제6투,3402,1708,899,793,2,1,2,4,1701,7,1694
인천광역시,연수구,연수2동,소계,19303,14747,7408,7229,4,11,31,17,14700,47,4556
인천광역시,연수구,,연수2동제1투,3872,3043,1675,1352,0,3,7,2,3039,4,829
인천광역시,연수구,,연수2동제2투,3626,2969,1405,1550,0,2,4,1,2962,7,657
인천광역시,연수구,,연수2동제3투,3634,2610,1397,1176,3,1,8,11,2596,14,1024
인천광역시,연수구,,연수2동제4투,2594,2095,926,1156,1,1,1,1,2086,9,499
인천광역시,연수구,,연수2동제5투,3377,2525,1207,1302,0,4,5,2,2520,5,852
인천광역시,연수구,,연수2동제6투,2200,1505,798,693,0,0,6,0,1497,8,695
인천광역시,연수구,연수3동,소계,15857,12211,6055,6076,3,9,17,16,12176,35,3646
인천광역시,연수구,,연수3동제1투,3571,2945,1469,1464,0,2,3,4,2942,3,626
인천광역시,연수구,,연수3동제2투,3519,2679,1193,1470,2,2,2,2,2671,8,840
인천광역시,연수구,,연수3동제3투,3200,2451,1222,1207,0,3,3,5,2440,11,749
인천광역시,연수구,,연수3동제4투,2796,1944,1138,790,1,1,3,4,1937,7,852
인천광역시,연수구,,연수3동제5투,2771,2192,1033,1145,0,1,6,1,2186,6,579
인천광역시,연수구,청학동,소계,24329,17453,9674,7681,8,8,21,23,17415,38,6876
인천광역시,연수구,,청학동제1투,4689,3274,1830,1428,0,2,1,6,3267,7,1415
인천광역시,연수구,,청학동제2투,3062,2383,1288,1082,0,2,4,3,2379,4,679
인천광역시,연수구,,청학동제3투,3177,2470,1282,1174,1,0,7,0,2464,6,707
인천광역시,연수구,,청학동제4투,3755,2624,1400,1209,2,1,3,4,2619,5,1131
인천광역시,연수구,,청학동제5투,3712,2626,1472,1139,2,0,4,3,2620,6,1086
인천광역시,연수구,,청학동제6투,3166,2191,1239,938,2,3,1,6,2189,2,975
인천광역시,연수구,,청학동제7투,2768,1885,1163,711,1,0,1,1,1877,8,883
인천광역시,연수구,동춘1동,소계,12810,10087,5374,4653,1,8,15,9,10060,27,2723
인천광역시,연수구,,동춘1동제1투,2293,1552,971,567,0,0,1,1,1540,12,741
인천광역시,연수구,,동춘1동제2투,3447,2847,1414,1417,0,4,3,2,2840,7,600
인천광역시,연수구,,동춘1동제3투,3295,2620,1369,1241,0,1,5,3,2619,1,675
인천광역시,연수구,,동춘1동제4투,3775,3068,1620,1428,1,3,6,3,3061,7,707
인천광역시,연수구,동춘2동,소계,15933,12778,6196,6500,7,4,32,6,12745,33,3155
인천광역시,연수구,,동춘2동제1투,3701,2842,1298,1526,3,0,3,4,2834,8,859
인천광역시,연수구,,동춘2동제2투,3911,3151,1532,1601,1,1,9,0,3144,7,760
인천광역시,연수구,,동춘2동제3투,3830,3136,1529,1591,0,2,9,0,3131,5,694
인천광역시,연수구,,동춘2동제4투,4491,3649,1837,1782,3,1,11,2,3636,13,842
인천광역시,연수구,동춘3동,소계,14587,12198,6655,5484,2,3,23,9,12176,22,2389
인천광역시,연수구,,동춘3동제1투,3562,2991,1734,1239,0,1,9,1,2984,7,571
인천광역시,연수구,,동춘3동제2투,3730,3102,1670,1420,0,1,4,3,3098,4,628
인천광역시,연수구,,동춘3동제3투,4080,3411,1868,1529,0,0,7,2,3406,5,669
인천광역시,연수구,,동춘3동제4투,3215,2694,1383,1296,2,1,3,3,2688,6,521
인천광역시,연수구,송도1동,소계,24419,20241,11149,8969,3,6,51,9,20187,54,4178
인천광역시,연수구,,송도1동제1투,3454,2851,1396,1438,0,0,5,3,2842,9,603
인천광역시,연수구,,송도1동제2투,3701,3123,1784,1319,0,0,12,2,3117,6,578
인천광역시,연수구,,송도1동제3투,3600,2952,1465,1473,0,0,9,0,2947,5,648
인천광역시,연수구,,송도1동제4투,3145,2634,1443,1179,1,1,4,0,2628,6,511
인천광역시,연수구,,송도1동제5투,3262,2773,1640,1112,1,2,6,1,2762,11,489
인천광역시,연수구,,송도1동제6투,3293,2657,1437,1203,1,1,7,0,2649,8,636
인천광역시,연수구,,송도1동제7투,3964,3251,1984,1245,0,2,8,3,3242,9,713
인천광역시,연수구,송도2동,소계,16600,13298,7447,5793,3,3,20,7,13273,25,3302
인천광역시,연수구,,송도2동제1투,2934,2274,1226,1034,1,0,3,4,2268,6,660
인천광역시,연수구,,송도2동제2투,2851,2214,1278,932,0,1,2,0,2213,1,637
인천광역시,연수구,,송도2동제3투,3768,3112,1771,1323,0,1,8,2,3105,7,656
인천광역시,연수구,,송도2동제4투,2712,2191,1113,1073,0,1,1,1,2189,2,521
인천광역시,연수구,,송도2동제5투,2976,2379,1451,915,1,0,5,0,2372,7,597
인천광역시,연수구,,송도2동제6투,1359,1128,608,516,1,0,1,0,1126,2,231
인천광역시,남동구,소계,,393970,293649,148815,143099,81,182,458,275,292910,739,100321
인천광역시,남동구,재외투표,,1564,1091,407,670,1,1,4,1,1084,7,473
인천광역시,남동구,국내부재자투표,,8905,8373,4120,4043,13,19,23,37,8255,118,532
인천광역시,남동구,소계,,383501,284185,144288,138386,67,162,431,237,283571,614,99316
인천광역시,남동구,구월1동,소계,22367,15264,7509,7658,2,6,26,18,15219,45,7103
인천광역시,남동구,,구월1동제1투,3855,2620,1240,1365,0,0,2,4,2611,9,1235
인천광역시,남동구,,구월1동제2투,3058,2118,1080,1026,1,0,4,4,2115,3,940
인천광역시,남동구,,구월1동제3투,3512,2718,1484,1211,0,1,7,7,2710,8,794
인천광역시,남동구,,구월1동제4투,4076,3016,1573,1427,0,3,6,1,3010,6,1060
인천광역시,남동구,,구월1동제5투,4392,2541,994,1534,1,1,2,1,2533,8,1851
인천광역시,남동구,,구월1동제6투,3474,2251,1138,1095,0,1,5,1,2240,11,1223
인천광역시,남동구,구월2동,소계,30671,24065,12021,11922,6,20,35,18,24022,43,6606
인천광역시,남동구,,구월2동제1투,3970,3042,1537,1490,1,4,5,0,3037,5,928
인천광역시,남동구,,구월2동제2투,4511,3761,1812,1932,0,3,7,3,3757,4,750
인천광역시,남동구,,구월2동제3투,3942,3241,1595,1626,1,4,5,4,3235,6,701
인천광역시,남동구,,구월2동제4투,3677,3076,1479,1585,1,3,5,0,3073,3,601
인천광역시,남동구,,구월2동제5투,4475,3613,1693,1904,1,1,6,1,3606,7,862
인천광역시,남동구,,구월2동제6투,3206,2428,1287,1130,1,0,0,2,2420,8,778
인천광역시,남동구,,구월2동제7투,3579,2527,1441,1068,0,4,6,3,2522,5,1052
인천광역시,남동구,,구월2동제8투,3311,2377,1177,1187,1,1,1,5,2372,5,934
인천광역시,남동구,구월3동,소계,10955,7574,4062,3469,0,7,13,5,7556,18,3381
인천광역시,남동구,,구월3동제1투,4723,3215,1709,1484,0,3,7,2,3205,10,1508
인천광역시,남동구,,구월3동제2투,3190,2239,1225,1007,0,2,2,0,2236,3,951
인천광역시,남동구,,구월3동제3투,3042,2120,1128,978,0,2,4,3,2115,5,922
인천광역시,남동구,구월4동,소계,15666,10359,5423,4866,4,6,17,12,10328,31,5307
인천광역시,남동구,,구월4동제1투,3236,2048,1088,948,2,1,4,2,2045,3,1188
인천광역시,남동구,,구월4동제2투,2976,1908,1039,856,0,0,4,1,1900,8,1068
인천광역시,남동구,,구월4동제3투,3141,2064,1050,997,2,3,4,3,2059,5,1077
인천광역시,남동구,,구월4동제4투,3534,2453,1258,1178,0,1,3,5,2445,8,1081
인천광역시,남동구,,구월4동제5투,2779,1886,988,887,0,1,2,1,1879,7,893
인천광역시,남동구,간석1동,소계,21056,15252,7819,7344,4,7,37,9,15220,32,5804
인천광역시,남동구,,간석1동제1투,5407,3769,1781,1969,0,1,9,3,3763,6,1638
인천광역시,남동구,,간석1동제2투,4919,3252,1742,1492,1,1,6,1,3243,9,1667
인천광역시,남동구,,간석1동제3투,3502,2571,1223,1326,2,2,7,2,2562,9,931
인천광역시,남동구,,간석1동제4투,3903,3184,1738,1431,1,2,5,3,3180,4,719
인천광역시,남동구,,간석1동제5투,3325,2476,1335,1126,0,1,10,0,2472,4,849
인천광역시,남동구,간석2동,소계,15670,12421,6679,5677,4,6,17,11,12394,27,3249
인천광역시,남동구,,간석2동제1투,2838,1959,1116,831,1,1,2,4,1955,4,879
인천광역시,남동구,,간석2동제2투,2585,1858,1063,785,0,1,1,2,1852,6,727
인천광역시,남동구,,간석2동제3투,4288,3585,1824,1743,2,1,5,3,3578,7,703
인천광역시,남동구,,간석2동제4투,3644,3090,1627,1445,1,2,8,0,3083,7,554
인천광역시,남동구,,간석2동제5투,2315,1929,1049,873,0,1,1,2,1926,3,386
인천광역시,남동구,간석3동,소계,22943,15546,8147,7310,6,12,17,24,15516,30,7397
인천광역시,남동구,,간석3동제1투,4789,3046,1635,1393,3,4,2,5,3042,4,1743
인천광역시,남동구,,간석3동제2투,4196,2553,1330,1202,0,1,2,12,2547,6,1643
인천광역시,남동구,,간석3동제3투,3284,2197,1204,987,0,0,1,0,2192,5,1087
인천광역시,남동구,,간석3동제4투,3757,2937,1471,1448,1,4,2,2,2928,9,820
인천광역시,남동구,,간석3동제5투,4670,3192,1653,1523,1,0,7,4,3188,4,1478
인천광역시,남동구,,간석3동제6투,2247,1621,854,757,1,3,3,1,1619,2,626
인천광역시,남동구,간석4동,소계,23500,17284,8874,8330,0,14,15,15,17248,36,6216
인천광역시,남동구,,간석4동제1투,3772,2533,1370,1153,0,4,1,1,2529,4,1239
인천광역시,남동구,,간석4동제2투,4725,3120,1548,1555,0,3,5,2,3113,7,1605
인천광역시,남동구,,간석4동제3투,4427,3411,1863,1536,0,4,0,1,3404,7,1016
인천광역시,남동구,,간석4동제4투,3606,2970,1539,1420,0,1,4,2,2966,4,636
인천광역시,남동구,,간석4동제5투,3267,2380,1133,1230,0,2,4,2,2371,9,887
인천광역시,남동구,,간석4동제6투,3703,2870,1421,1436,0,0,1,7,2865,5,833
인천광역시,남동구,만수1동,소계,15647,10901,5811,5018,4,6,12,13,10864,37,4746
인천광역시,남동구,,만수1동제1투,3361,2466,1248,1205,2,0,3,2,2460,6,895
인천광역시,남동구,,만수1동제2투,3186,2107,1140,958,0,0,0,3,2101,6,1079
인천광역시,남동구,,만수1동제3투,3814,2582,1387,1178,1,2,2,3,2573,9,1232
인천광역시,남동구,,만수1동제4투,2696,1869,1107,740,1,3,4,4,1859,10,827
인천광역시,남동구,,만수1동제5투,2590,1877,929,937,0,1,3,1,1871,6,713
인천광역시,남동구,만수2동,소계,23874,18276,8856,9320,5,7,32,23,18243,33,5598
인천광역시,남동구,,만수2동제1투,3174,2239,1092,1139,0,0,2,3,2236,3,935
인천광역시,남동구,,만수2동제2투,4774,3462,1660,1783,0,1,6,6,3456,6,1312
인천광역시,남동구,,만수2동제3투,4605,3452,1781,1654,1,0,4,6,3446,6,1153
인천광역시,남동구,,만수2동제4투,3769,2874,1447,1408,2,3,7,3,2870,4,895
인천광역시,남동구,,만수2동제5투,4083,3434,1637,1776,0,2,8,3,3426,8,649
인천광역시,남동구,,만수2동제6투,3469,2815,1239,1560,2,1,5,2,2809,6,654
인천광역시,남동구,만수3동,소계,15761,11706,5949,5692,1,5,16,9,11672,34,4055
인천광역시,남동구,,만수3동제1투,4586,3403,1691,1695,0,0,5,6,3397,6,1183
인천광역시,남동구,,만수3동제2투,2727,1796,970,818,0,1,1,0,1790,6,931
인천광역시,남동구,,만수3동제3투,3165,2179,1162,1006,1,0,2,1,2172,7,986
인천광역시,남동구,,만수3동제4투,5283,4328,2126,2173,0,4,8,2,4313,15,955
인천광역시,남동구,만수4동,소계,16405,12710,6314,6325,3,6,27,9,12684,26,3695
인천광역시,남동구,,만수4동제1투,3082,2228,1076,1136,0,0,3,4,2219,9,854
인천광역시,남동구,,만수4동제2투,3146,2529,1286,1236,0,1,2,2,2527,2,617
인천광역시,남동구,,만수4동제3투,3411,2660,1239,1409,0,0,8,0,2656,4,751
인천광역시,남동구,,만수4동제4투,3685,2968,1483,1465,2,5,7,2,2964,4,717
인천광역시,남동구,,만수4동제5투,3081,2325,1230,1079,1,0,7,1,2318,7,756
인천광역시,남동구,만수5동,소계,15665,10998,5832,5099,3,6,24,5,10969,29,4667
인천광역시,남동구,,만수5동제1투,4134,2789,1466,1306,1,2,3,1,2779,10,1345
인천광역시,남동구,,만수5동제2투,4018,3090,1674,1393,1,1,12,2,3083,7,928
인천광역시,남동구,,만수5동제3투,3571,2476,1311,1153,1,2,4,1,2472,4,1095
인천광역시,남동구,,만수5동제4투,3942,2643,1381,1247,0,1,5,1,2635,8,1299
인천광역시,남동구,만수6동,소계,22471,17122,8677,8370,2,10,19,16,17094,28,5349
인천광역시,남동구,,만수6동제1투,3332,2327,1246,1066,0,2,5,5,2324,3,1005
인천광역시,남동구,,만수6동제2투,3553,2736,1329,1395,0,1,3,3,2731,5,817
인천광역시,남동구,,만수6동제3투,4086,3085,1534,1540,1,2,2,1,3080,5,1001
인천광역시,남동구,,만수6동제4투,3882,3145,1588,1544,1,4,3,0,3140,5,737
인천광역시,남동구,,만수6동제5투,4160,2999,1352,1632,0,1,3,5,2993,6,1161
인천광역시,남동구,,만수6동제6투,3458,2830,1628,1193,0,0,3,2,2826,4,628
인천광역시,남동구,장수서창동,소계,19829,15680,7732,7831,10,18,31,12,15634,46,4149
인천광역시,남동구,,장수서창동제1투,4687,3699,1834,1843,0,7,5,1,3690,9,988
인천광역시,남동구,,장수서창동제2투,335,262,202,54,0,1,1,2,260,2,73
인천광역시,남동구,,장수서창동제3투,4419,3327,1777,1523,3,3,7,3,3316,11,1092
인천광역시,남동구,,장수서창동제4투,2906,2421,1177,1231,1,2,8,0,2419,2,485
인천광역시,남동구,,장수서창동제5투,3332,2518,1185,1307,5,1,3,3,2504,14,814
인천광역시,남동구,,장수서창동제6투,2015,1658,757,888,0,2,5,2,1654,4,357
인천광역시,남동구,,장수서창동제7투,2135,1795,800,985,1,2,2,1,1791,4,340
인천광역시,남동구,남촌도림동,소계,19083,13922,7403,6435,4,5,32,10,13889,33,5161
인천광역시,남동구,,남촌도림동제1투,3196,2090,1169,907,2,1,2,4,2085,5,1106
인천광역시,남동구,,남촌도림동제2투,3528,2547,1309,1220,0,3,8,3,2543,4,981
인천광역시,남동구,,남촌도림동제3투,4386,3170,1660,1494,2,0,4,1,3161,9,1216
인천광역시,남동구,,남촌도림동제4투,4813,3583,1984,1575,0,0,11,1,3571,12,1230
인천광역시,남동구,,남촌도림동제5투,3160,2532,1281,1239,0,1,7,1,2529,3,628
인천광역시,남동구,논현1동,소계,22880,17197,8342,8789,2,12,17,7,17169,28,5683
인천광역시,남동구,,논현1동제1투,3154,2307,937,1356,1,2,3,1,2300,7,847
인천광역시,남동구,,논현1동제2투,2456,1623,826,789,1,2,2,1,1621,2,833
인천광역시,남동구,,논현1동제3투,3501,2723,1278,1435,0,2,4,2,2721,2,778
인천광역시,남동구,,논현1동제4투,3342,2238,1207,1020,0,1,4,0,2232,6,1104
인천광역시,남동구,,논현1동제5투,3024,2222,1048,1167,0,1,1,2,2219,3,802
인천광역시,남동구,,논현1동제6투,4408,3666,1764,1892,0,3,2,0,3661,5,742
인천광역시,남동구,,논현1동제7투,2995,2418,1282,1130,0,1,1,1,2415,3,577
인천광역시,남동구,논현2동,소계,25367,19125,9563,9485,5,8,26,6,19093,32,6242
인천광역시,남동구,,논현2동제1투,3866,2628,1324,1293,1,1,1,0,2620,8,1238
인천광역시,남동구,,논현2동제2투,2649,2205,1216,979,0,1,3,2,2201,4,444
인천광역시,남동구,,논현2동제3투,2826,2232,1246,979,0,1,3,2,2231,1,594
인천광역시,남동구,,논현2동제4투,4578,3205,1529,1660,0,2,5,0,3196,9,1373
인천광역시,남동구,,논현2동제5투,4660,3507,1633,1863,0,1,4,0,3501,6,1153
인천광역시,남동구,,논현2동제6투,2815,2310,1168,1131,3,1,4,1,2308,2,505
인천광역시,남동구,,논현2동제7투,2555,2008,885,1117,1,1,3,0,2007,1,547
인천광역시,남동구,,논현2동제8투,1418,1030,562,463,0,0,3,1,1029,1,388
인천광역시,남동구,논현고잔동,소계,23691,18783,9275,9446,2,1,18,15,18757,26,4908
인천광역시,남동구,,논현고잔동제1투,1639,1315,668,643,0,0,2,2,1315,0,324
인천광역시,남동구,,논현고잔동제2투,4984,3557,1850,1694,0,0,1,5,3550,7,1427
인천광역시,남동구,,논현고잔동제3투,2327,1928,852,1071,0,0,2,1,1926,2,399
인천광역시,남동구,,논현고잔동제4투,3922,3186,1336,1838,1,0,6,0,3181,5,736
인천광역시,남동구,,논현고잔동제5투,3166,2635,1601,1025,0,0,2,2,2630,5,531
인천광역시,남동구,,논현고잔동제6투,3709,3097,1390,1696,1,1,4,3,3095,2,612
인천광역시,남동구,,논현고잔동제7투,3006,2490,1233,1252,0,0,1,1,2487,3,516
인천광역시,남동구,,논현고잔동제8투,938,575,345,227,0,0,0,1,573,2,363
인천광역시,부평구,소계,,445709,330418,159386,168820,104,242,553,357,329462,956,115291
인천광역시,부평구,재외투표,,2003,1389,552,824,0,0,4,2,1382,7,614
인천광역시,부평구,국내부재자투표,,9886,9297,4383,4633,16,27,38,44,9141,156,589
인천광역시,부평구,소계,,433820,319732,154451,163363,88,215,511,311,318939,793,114088
인천광역시,부평구,부평1동,소계,27238,20720,10157,10456,5,18,30,12,20678,42,6518
인천광역시,부평구,,부평1동제1투,3893,2904,1390,1501,0,0,6,3,2900,4,989
인천광역시,부평구,,부평1동제2투,5011,3285,1482,1787,0,6,2,1,3278,7,1726
인천광역시,부평구,,부평1동제3투,3640,3051,1628,1408,1,1,1,3,3042,9,589
인천광역시,부평구,,부평1동제4투,4068,3265,1679,1568,1,2,5,0,3255,10,803
인천광역시,부평구,,부평1동제5투,3807,2989,1442,1529,3,1,8,3,2986,3,818
인천광역시,부평구,,부평1동제6투,4410,3526,1702,1806,0,7,6,1,3522,4,884
인천광역시,부평구,,부평1동제7투,2409,1700,834,857,0,1,2,1,1695,5,709
인천광역시,부평구,부평2동,소계,17785,12255,5776,6428,2,6,11,13,12236,19,5530
인천광역시,부평구,,부평2동제1투,3896,2519,1219,1285,1,2,5,2,2514,5,1377
인천광역시,부평구,,부평2동제2투,3448,2429,1120,1302,0,1,0,3,2426,3,1019
인천광역시,부평구,,부평2동제3투,3635,2494,1152,1334,1,0,2,2,2491,3,1141
인천광역시,부평구,,부평2동제4투,3661,2618,1204,1402,0,3,2,3,2614,4,1043
인천광역시,부평구,,부평2동제5투,3145,2195,1081,1105,0,0,2,3,2191,4,950
인천광역시,부평구,부평3동,소계,12605,8593,4331,4204,5,6,10,6,8562,31,4012
인천광역시,부평구,,부평3동제1투,4593,3009,1477,1508,3,6,3,1,2998,11,1584
인천광역시,부평구,,부평3동제2투,1963,1387,737,641,0,0,0,2,1380,7,576
인천광역시,부평구,,부평3동제3투,3549,2531,1259,1261,1,0,1,3,2525,6,1018
인천광역시,부평구,,부평3동제4투,2500,1666,858,794,1,0,6,0,1659,7,834
인천광역시,부평구,부평4동,소계,21287,13987,6844,7057,0,17,20,14,13952,35,7300
인천광역시,부평구,,부평4동제1투,5555,3473,1752,1695,0,6,9,4,3466,7,2082
인천광역시,부평구,,부평4동제2투,4683,3028,1403,1611,0,0,3,3,3020,8,1655
인천광역시,부평구,,부평4동제3투,2752,1805,860,934,0,1,5,2,1802,3,947
인천광역시,부평구,,부평4동제4투,4249,2907,1351,1542,0,3,2,3,2901,6,1342
인천광역시,부평구,,부평4동제5투,4048,2774,1478,1275,0,7,1,2,2763,11,1274
인천광역시,부평구,부평5동,소계,19970,13477,6583,6807,1,16,22,17,13446,31,6493
인천광역시,부평구,,부평5동제1투,5422,3279,1587,1669,0,4,5,5,3270,9,2143
인천광역시,부평구,,부평5동제2투,4814,3307,1562,1725,0,2,8,4,3301,6,1507
인천광역시,부평구,,부평5동제3투,4351,3073,1567,1496,0,2,2,2,3069,4,1278
인천광역시,부평구,,부평5동제4투,5383,3818,1867,1917,1,8,7,6,3806,12,1565
인천광역시,부평구,부평6동,소계,13101,9096,4222,4806,3,5,13,10,9059,37,4005
인천광역시,부평구,,부평6동제1투,2786,1809,913,885,0,0,3,3,1804,5,977
인천광역시,부평구,,부평6동제2투,2960,2102,1021,1056,1,0,2,3,2083,19,858
인천광역시,부평구,,부평6동제3투,3449,2349,1035,1298,2,2,4,2,2343,6,1100
인천광역시,부평구,,부평6동제4투,3906,2836,1253,1567,0,3,4,2,2829,7,1070
인천광역시,부평구,산곡1동,소계,16276,11360,5845,5423,3,10,16,14,11311,49,4916
인천광역시,부평구,,산곡1동제1투,3282,2023,1120,890,1,1,2,1,2015,8,1259
인천광역시,부평구,,산곡1동제2투,3325,2496,1319,1153,0,3,4,4,2483,13,829
인천광역시,부평구,,산곡1동제3투,3152,2240,1179,1041,0,3,4,3,2230,10,912
인천광역시,부평구,,산곡1동제4투,3242,2314,1127,1168,0,1,4,2,2302,12,928
인천광역시,부평구,,산곡1동제5투,3275,2287,1100,1171,2,2,2,4,2281,6,988
인천광역시,부평구,산곡2동,소계,26244,20787,10019,10670,4,8,26,16,20743,44,5457
인천광역시,부평구,,산곡2동제1투,4085,3181,1432,1736,0,4,5,1,3178,3,904
인천광역시,부평구,,산곡2동제2투,3392,2784,1318,1450,2,1,6,0,2777,7,608
인천광역시,부평구,,산곡2동제3투,5208,4086,1986,2081,1,2,5,5,4080,6,1122
인천광역시,부평구,,산곡2동제4투,4695,3765,1942,1804,0,1,3,1,3751,14,930
인천광역시,부평구,,산곡2동제5투,4613,3631,1764,1853,1,0,3,5,3626,5,982
인천광역시,부평구,,산곡2동제6투,4251,3340,1577,1746,0,0,4,4,3331,9,911
인천광역시,부평구,산곡3동,소계,20698,16069,8626,7341,2,8,33,15,16025,44,4629
인천광역시,부평구,,산곡3동제1투,4415,3586,1921,1640,0,4,8,3,3576,10,829
인천광역시,부평구,,산곡3동제2투,3871,2949,1585,1342,0,0,8,5,2940,9,922
인천광역시,부평구,,산곡3동제3투,2709,2173,1109,1053,0,1,4,0,2167,6,536
인천광역시,부평구,,산곡3동제4투,3166,2271,1186,1066,1,2,6,4,2265,6,895
인천광역시,부평구,,산곡3동제5투,3121,2584,1445,1124,0,0,5,2,2576,8,537
인천광역시,부평구,,산곡3동제6투,3416,2506,1380,1116,1,1,2,1,2501,5,910
인천광역시,부평구,산곡4동,소계,15371,12272,6204,6012,9,6,13,3,12247,25,3099
인천광역시,부평구,,산곡4동제1투,4000,3174,1547,1605,1,4,5,1,3163,11,826
인천광역시,부평구,,산곡4동제2투,3463,2666,1359,1300,2,0,1,1,2663,3,797
인천광역시,부평구,,산곡4동제3투,4378,3589,1868,1704,5,1,4,1,3583,6,789
인천광역시,부평구,,산곡4동제4투,3530,2843,1430,1403,1,1,3,0,2838,5,687
인천광역시,부평구,청천1동,소계,13276,8774,4582,4123,4,3,18,13,8743,31,4502
인천광역시,부평구,,청천1동제1투,2927,2013,1067,922,1,1,5,2,1998,15,914
인천광역시,부평구,,청천1동제2투,3479,2170,1134,1019,1,1,5,2,2162,8,1309
인천광역시,부평구,,청천1동제3투,3247,2113,1129,972,0,0,1,4,2106,7,1134
인천광역시,부평구,,청천1동제4투,3623,2478,1252,1210,2,1,7,5,2477,1,1145
인천광역시,부평구,청천2동,소계,28579,21621,10206,11259,4,26,36,26,21557,64,6958
인천광역시,부평구,,청천2동제1투,3958,2417,1185,1212,1,2,6,3,2409,8,1541
인천광역시,부평구,,청천2동제2투,3965,3041,1504,1516,0,4,3,5,3032,9,924
인천광역시,부평구,,청천2동제3투,3396,2807,1391,1391,2,9,4,5,2802,5,589
인천광역시,부평구,,청천2동제4투,3336,2674,1155,1506,0,2,8,3,2674,0,662
인천광역시,부평구,,청천2동제5투,3339,2774,1225,1530,0,4,2,2,2763,11,565
인천광역시,부평구,,청천2동제6투,3279,2536,1136,1374,1,2,6,3,2522,14,743
인천광역시,부평구,,청천2동제7투,3537,2665,1201,1449,0,2,3,4,2659,6,872
인천광역시,부평구,,청천2동제8투,3769,2707,1409,1281,0,1,4,1,2696,11,1062
인천광역시,부평구,갈산1동,소계,14710,10567,4965,5527,6,10,11,15,10534,33,4143
인천광역시,부평구,,갈산1동제1투,2997,1957,958,988,0,2,3,3,1954,3,1040
인천광역시,부평구,,갈산1동제2투,3914,2799,1348,1430,1,2,2,2,2785,14,1115
인천광역시,부평구,,갈산1동제3투,4005,2991,1428,1540,2,2,4,4,2980,11,1014
인천광역시,부평구,,갈산1동제4투,3794,2820,1231,1569,3,4,2,6,2815,5,974
인천광역시,부평구,갈산2동,소계,18489,14081,6873,7118,3,5,25,23,14047,34,4408
인천광역시,부평구,,갈산2동제1투,4152,3340,1664,1662,1,1,5,5,3338,2,812
인천광역시,부평구,,갈산2동제2투,3865,2823,1242,1559,0,2,6,8,2817,6,1042
인천광역시,부평구,,갈산2동제3투,3861,2973,1505,1442,2,1,6,5,2961,12,888
인천광역시,부평구,,갈산2동제4투,4404,3465,1740,1709,0,1,4,3,3457,8,939
인천광역시,부평구,,갈산2동제5투,2207,1480,722,746,0,0,4,2,1474,6,727
인천광역시,부평구,삼산1동,소계,30166,22719,10250,12326,4,15,41,22,22658,61,7447
인천광역시,부평구,,삼산1동제1투,4210,2931,1337,1575,0,3,3,0,2918,13,1279
인천광역시,부평구,,삼산1동제2투,5303,4069,1986,2065,1,4,6,3,4065,4,1234
인천광역시,부평구,,삼산1동제3투,3768,2793,1300,1475,2,1,6,2,2786,7,975
인천광역시,부평구,,삼산1동제4투,4247,3224,1265,1945,0,2,2,4,3218,6,1023
인천광역시,부평구,,삼산1동제5투,2665,1854,1114,709,1,0,5,9,1838,16,811
인천광역시,부평구,,삼산1동제6투,5758,4423,2002,2397,0,1,11,3,4414,9,1335
인천광역시,부평구,,삼산1동제7투,4215,3425,1246,2160,0,4,8,1,3419,6,790
인천광역시,부평구,삼산2동,소계,22331,18004,7930,9986,8,3,32,16,17975,29,4327
인천광역시,부평구,,삼산2동제1투,4312,3369,1282,2072,1,1,6,4,3366,3,943
인천광역시,부평구,,삼산2동제2투,3687,3116,1154,1951,3,1,4,1,3114,2,571
인천광역시,부평구,,삼산2동제3투,3230,2554,1296,1248,0,0,2,0,2546,8,676
인천광역시,부평구,,삼산2동제4투,3594,2696,1331,1342,1,0,7,9,2690,6,898
인천광역시,부평구,,삼산2동제5투,4007,3422,1639,1763,1,1,8,1,3413,9,585
인천광역시,부평구,,삼산2동제6투,3501,2847,1228,1610,2,0,5,1,2846,1,654
인천광역시,부평구,부개1동,소계,16398,11614,5867,5669,7,4,18,20,11585,29,4784
인천광역시,부평구,,부개1동제1투,3917,2725,1327,1378,3,0,5,4,2717,8,1192
인천광역시,부평구,,부개1동제2투,2703,1862,895,951,1,1,4,5,1857,5,841
인천광역시,부평구,,부개1동제3투,2715,2114,1083,1020,2,2,2,3,2112,2,601
인천광역시,부평구,,부개1동제4투,3951,2658,1361,1284,1,1,1,3,2651,7,1293
인천광역시,부평구,,부개1동제5투,3112,2255,1201,1036,0,0,6,5,2248,7,857
인천광역시,부평구,부개2동,소계,19306,14640,6889,7674,2,7,20,12,14604,36,4666
인천광역시,부평구,,부개2동제1투,4664,3329,1654,1654,2,1,6,3,3320,9,1335
인천광역시,부평구,,부개2동제2투,3665,2625,1264,1347,0,2,2,3,2618,7,1040
인천광역시,부평구,,부개2동제3투,4800,3732,1615,2099,0,2,4,2,3722,10,1068
인천광역시,부평구,,부개2동제4투,3238,2545,1217,1312,0,1,3,4,2537,8,693
인천광역시,부평구,,부개2동제5투,2939,2409,1139,1262,0,1,5,0,2407,2,530
인천광역시,부평구,부개3동,소계,27766,21601,9570,11924,6,18,38,13,21569,32,6165
인천광역시,부평구,,부개3동제1투,3536,2640,1206,1421,0,2,3,2,2634,6,896
인천광역시,부평구,,부개3동제2투,3677,2531,1106,1412,3,4,2,2,2529,2,1146
인천광역시,부평구,,부개3동제3투,4024,3153,1324,1812,0,4,9,1,3150,3,871
인천광역시,부평구,,부개3동제4투,3788,2985,1189,1780,1,4,7,1,2982,3,803
인천광역시,부평구,,부개3동제5투,4528,3647,1887,1741,0,2,7,2,3639,8,881
인천광역시,부평구,,부개3동제6투,4105,3431,1437,1974,2,1,8,4,3426,5,674
인천광역시,부평구,,부개3동제7투,4108,3214,1421,1784,0,1,2,1,3209,5,894
인천광역시,부평구,일신동,소계,11288,8806,4246,4516,2,4,18,7,8793,13,2482
인천광역시,부평구,,일신동제1투,4318,3279,1614,1645,0,2,9,4,3274,5,1039
인천광역시,부평구,,일신동제2투,3744,2944,1354,1577,2,1,4,3,2941,3,800
인천광역시,부평구,,일신동제3투,3226,2583,1278,1294,0,1,5,0,2578,5,643
인천광역시,부평구,십정1동,소계,17447,12276,6250,5942,1,10,28,11,12242,34,5171
인천광역시,부평구,,십정1동제1투,3710,2417,1324,1071,0,2,7,5,2409,8,1293
인천광역시,부평구,,십정1동제2투,3227,2247,1270,969,0,3,2,0,2244,3,980
인천광역시,부평구,,십정1동제3투,4329,3009,1538,1441,1,2,10,4,2996,13,1320
인천광역시,부평구,,십정1동제4투,2426,1705,860,839,0,1,2,0,1702,3,721
인천광역시,부평구,,십정1동제5투,3755,2898,1258,1622,0,2,7,2,2891,7,857
인천광역시,부평구,십정2동,소계,23489,16413,8216,8095,7,10,32,13,16373,40,7076
인천광역시,부평구,,십정2동제1투,4344,2800,1444,1335,1,2,6,5,2793,7,1544
인천광역시,부평구,,십정2동제2투,3843,2668,1407,1243,2,3,4,0,2659,9,1175
인천광역시,부평구,,십정2동제3투,3600,2513,1275,1223,0,2,4,3,2507,6,1087
인천광역시,부평구,,십정2동제4투,3638,2434,1266,1161,0,0,2,1,2430,4,1204
인천광역시,부평구,,십정2동제5투,3894,2569,1243,1313,1,1,4,1,2563,6,1325
인천광역시,부평구,,십정2동제6투,4170,3429,1581,1820,3,2,12,3,3421,8,741
인천광역시,부평구,잘못 투입·구분된 투표지,,0,0,0,0,0,0,0,0,0,0,0
인천광역시,계양구,소계,,267899,197466,92670,103499,53,120,357,213,196912,554,70433
인천광역시,계양구,재외투표,,1097,753,315,431,0,0,1,1,748,5,344
인천광역시,계양구,국내부재자투표,,6426,6096,2829,3112,7,8,10,21,5987,109,330
인천광역시,계양구,소계,,260376,190617,89526,99956,46,112,346,191,190177,440,69759
인천광역시,계양구,효성1동,소계,25647,18852,9081,9648,9,6,28,21,18793,59,6795
인천광역시,계양구,,효성1동제1투,4339,3159,1598,1547,2,0,1,4,3152,7,1180
인천광역시,계양구,,효성1동제2투,3219,2287,1075,1190,1,1,8,2,2277,10,932
인천광역시,계양구,,효성1동제3투,4519,3329,1622,1687,2,1,6,1,3319,10,1190
인천광역시,계양구,,효성1동제4투,4025,2844,1382,1442,1,2,2,4,2833,11,1181
인천광역시,계양구,,효성1동제5투,3000,2136,1030,1090,1,0,3,6,2130,6,864
인천광역시,계양구,,효성1동제6투,3202,2383,1163,1209,1,1,3,1,2378,5,819
인천광역시,계양구,,효성1동제7투,3343,2714,1211,1483,1,1,5,3,2704,10,629
인천광역시,계양구,효성2동,소계,26460,19553,9603,9849,0,12,25,23,19512,41,6907
인천광역시,계양구,,효성2동제1투,4152,2821,1438,1365,0,3,2,3,2811,10,1331
인천광역시,계양구,,효성2동제2투,4533,3019,1485,1518,0,0,4,5,3012,7,1514
인천광역시,계양구,,효성2동제3투,4680,3762,1808,1942,0,0,2,3,3755,7,918
인천광역시,계양구,,효성2동제4투,4482,3494,1658,1818,0,1,7,6,3490,4,988
인천광역시,계양구,,효성2동제5투,4005,2833,1476,1345,0,1,1,3,2826,7,1172
인천광역시,계양구,,효성2동제6투,4608,3624,1738,1861,0,7,9,3,3618,6,984
인천광역시,계양구,계산1동,소계,19234,13042,6263,6695,4,12,17,18,13009,33,6192
인천광역시,계양구,,계산1동제1투,4173,2815,1367,1429,0,2,3,4,2805,10,1358
인천광역시,계양구,,계산1동제2투,4329,2902,1368,1515,1,4,3,3,2894,8,1427
인천광역시,계양구,,계산1동제3투,3392,2313,1125,1170,2,5,2,3,2307,6,1079
인천광역시,계양구,,계산1동제4투,4224,2861,1365,1482,1,0,5,5,2858,3,1363
인천광역시,계양구,,계산1동제5투,3116,2151,1038,1099,0,1,4,3,2145,6,965
인천광역시,계양구,계산2동,소계,15405,10874,5174,5632,2,8,25,9,10850,24,4531
인천광역시,계양구,,계산2동제1투,3851,2587,1219,1356,0,1,5,1,2582,5,1264
인천광역시,계양구,,계산2동제2투,3860,2712,1272,1418,1,2,7,2,2702,10,1148
인천광역시,계양구,,계산2동제3투,4077,3136,1469,1647,1,3,9,4,3133,3,941
인천광역시,계양구,,계산2동제4투,3617,2439,1214,1211,0,2,4,2,2433,6,1178
인천광역시,계양구,계산3동,소계,18344,13658,6251,7321,6,7,28,14,13627,31,4686
인천광역시,계양구,,계산3동제1투,4385,3383,1634,1728,2,0,9,4,3377,6,1002
인천광역시,계양구,,계산3동제2투,3387,2540,1098,1429,1,1,7,2,2538,2,847
인천광역시,계양구,,계산3동제3투,3154,2365,1018,1339,1,1,3,1,2363,2,789
인천광역시,계양구,,계산3동제4투,3754,2744,1321,1404,1,1,3,4,2734,10,1010
인천광역시,계양구,,계산3동제5투,3664,2626,1180,1421,1,4,6,3,2615,11,1038
인천광역시,계양구,계산4동,소계,17401,13542,6334,7133,2,11,33,7,13520,22,3859
인천광역시,계양구,,계산4동제1투,4097,2958,1298,1643,1,5,5,1,2953,5,1139
인천광역시,계양구,,계산4동제2투,5020,4120,1991,2105,0,2,11,3,4112,8,900
인천광역시,계양구,,계산4동제3투,3971,3038,1501,1519,0,3,10,2,3035,3,933
인천광역시,계양구,,계산4동제4투,4313,3426,1544,1866,1,1,7,1,3420,6,887
인천광역시,계양구,작전1동,소계,24767,18571,8598,9853,3,8,44,20,18526,45,6196
인천광역시,계양구,,작전1동제1투,5022,3840,1799,2018,0,2,10,5,3834,6,1182
인천광역시,계양구,,작전1동제2투,4384,3161,1401,1735,0,0,11,3,3150,11,1223
인천광역시,계양구,,작전1동제3투,4631,3630,1741,1867,2,1,8,6,3625,5,1001
인천광역시,계양구,,작전1동제4투,3504,2521,1159,1341,1,2,5,3,2511,10,983
인천광역시,계양구,,작전1동제5투,3260,2253,994,1244,0,2,4,1,2245,8,1007
인천광역시,계양구,,작전1동제6투,3966,3166,1504,1648,0,1,6,2,3161,5,800
인천광역시,계양구,작전2동,소계,22834,16354,7943,8322,2,10,27,14,16318,36,6480
인천광역시,계양구,,작전2동제1투,3845,2627,1278,1332,0,3,7,1,2621,6,1218
인천광역시,계양구,,작전2동제2투,3472,2619,1255,1350,0,3,2,4,2614,5,853
인천광역시,계양구,,작전2동제3투,3714,2759,1251,1496,0,3,2,2,2754,5,955
인천광역시,계양구,,작전2동제4투,2928,2215,1071,1136,1,0,1,1,2210,5,713
인천광역시,계양구,,작전2동제5투,3105,2147,1070,1064,1,0,5,3,2143,4,958
인천광역시,계양구,,작전2동제6투,3121,2103,1060,1030,0,1,5,2,2098,5,1018
인천광역시,계양구,,작전2동제7투,2649,1884,958,914,0,0,5,1,1878,6,765
인천광역시,계양구,작전서운동,소계,26066,19602,8663,10801,7,10,44,25,19550,52,6464
인천광역시,계양구,,작전서운동제1투,3586,2258,934,1282,2,2,12,5,2237,21,1328
인천광역시,계양구,,작전서운동제2투,4076,3243,1403,1825,2,1,4,4,3239,4,833
인천광역시,계양구,,작전서운동제3투,3893,3093,1534,1541,0,1,11,3,3090,3,800
인천광역시,계양구,,작전서운동제4투,4510,3362,1642,1702,1,0,6,2,3353,9,1148
인천광역시,계양구,,작전서운동제5투,3870,3007,1194,1800,0,2,4,3,3003,4,863
인천광역시,계양구,,작전서운동제6투,3769,2942,1155,1770,1,0,4,5,2935,7,827
인천광역시,계양구,,작전서운동제7투,2362,1697,801,881,1,4,3,3,1693,4,665
인천광역시,계양구,계양1동,소계,32855,24330,11362,12846,5,12,36,17,24278,52,8525
인천광역시,계양구,,계양1동제1투,4478,3246,1749,1470,1,7,6,1,3234,12,1232
인천광역시,계양구,,계양1동제2투,5054,3568,1900,1668,0,0,0,0,3568,0,1486
인천광역시,계양구,,계양1동제3투,6084,4225,1814,2392,0,1,7,1,4215,10,1859
인천광역시,계양구,,계양1동제4투,4112,3294,1455,1817,1,1,8,3,3285,9,818
인천광역시,계양구,,계양1동제5투,411,324,227,96,0,0,0,0,323,1,87
인천광역시,계양구,,계양1동제6투,3719,3008,1423,1568,2,1,4,5,3003,5,711
인천광역시,계양구,,계양1동제7투,3498,2669,1124,1527,1,1,4,5,2662,7,829
인천광역시,계양구,,계양1동제8투,5499,3996,1670,2308,0,1,7,2,3988,8,1503
인천광역시,계양구,계양2동,소계,31363,22239,10254,11856,6,16,39,23,22194,45,9124
인천광역시,계양구,,계양2동제1투,4700,3008,1455,1538,2,3,6,2,3006,2,1692
인천광역시,계양구,,계양2동제2투,3760,2605,1221,1362,1,3,4,5,2596,9,1155
인천광역시,계양구,,계양2동제3투,2862,2052,978,1063,1,1,3,0,2046,6,810
인천광역시,계양구,,계양2동제4투,3133,2102,1077,1011,0,0,2,5,2095,7,1031
인천광역시,계양구,,계양2동제5투,3711,2688,1335,1335,0,3,5,2,2680,8,1023
인천광역시,계양구,,계양2동제6투,4670,3223,1537,1665,2,1,8,4,3217,6,1447
인천광역시,계양구,,계양2동제7투,4450,3489,1406,2065,0,1,9,3,3484,5,961
인천광역시,계양구,,계양2동제8투,4077,3072,1245,1817,0,4,2,2,3070,2,1005
인천광역시,서구,소계,,353650,262508,131340,129603,74,152,350,280,261799,709,91142
인천광역시,서구,재외투표,,1387,963,364,589,0,1,2,1,957,6,424
인천광역시,서구,국내부재자투표,,8032,7558,3621,3709,8,15,23,32,7408,150,474
인천광역시,서구,소계,,344231,253987,127355,125305,66,136,325,247,253434,553,90244
인천광역시,서구,검암경서동,소계,27336,20296,9133,11072,4,15,26,14,20264,32,7040
인천광역시,서구,,검암경서동제1투,3916,3029,1303,1717,1,3,1,1,3026,3,887
인천광역시,서구,,검암경서동제2투,770,552,383,162,0,1,2,2,550,2,218
인천광역시,서구,,검암경서동제3투,5968,4328,2122,2191,0,1,6,1,4321,7,1640
인천광역시,서구,,검암경서동제4투,3307,2599,1096,1493,0,1,4,2,2596,3,708
인천광역시,서구,,검암경서동제5투,3146,2427,1145,1272,0,2,2,1,2422,5,719
인천광역시,서구,,검암경서동제6투,5583,4149,1769,2369,2,1,3,1,4145,4,1434
인천광역시,서구,,검암경서동제7투,4646,3212,1315,1868,1,6,8,6,3204,8,1434
인천광역시,서구,연희동,소계,34744,24069,12495,11421,7,10,33,35,24001,68,10675
인천광역시,서구,,연희동제1투,4098,2598,1353,1228,1,1,1,3,2587,11,1500
인천광역시,서구,,연희동제2투,4152,2985,1550,1417,2,1,5,5,2980,5,1167
인천광역시,서구,,연희동제3투,3877,2453,1312,1106,2,3,7,7,2437,16,1424
인천광역시,서구,,연희동제4투,3914,2904,1565,1328,0,0,3,3,2899,5,1010
인천광역시,서구,,연희동제5투,3993,2915,1566,1332,1,1,5,3,2908,7,1078
인천광역시,서구,,연희동제6투,3496,2473,1276,1184,0,0,3,4,2467,6,1023
인천광역시,서구,,연희동제7투,3888,2579,1293,1274,0,1,3,5,2576,3,1309
인천광역시,서구,,연희동제8투,3438,2540,1218,1311,0,1,3,3,2536,4,898
인천광역시,서구,,연희동제9투,3888,2622,1362,1241,1,2,3,2,2611,11,1266
인천광역시,서구,청라1동,소계,15381,12461,5331,7083,1,4,12,8,12439,22,2920
인천광역시,서구,,청라1동제1투,4523,3716,1551,2151,1,1,3,1,3708,8,807
인천광역시,서구,,청라1동제2투,3385,2737,1230,1498,0,0,1,4,2733,4,648
인천광역시,서구,,청라1동제3투,4172,3427,1538,1877,0,1,4,2,3422,5,745
인천광역시,서구,,청라1동제4투,3301,2581,1012,1557,0,2,4,1,2576,5,720
인천광역시,서구,청라2동,소계,20465,16469,7804,8595,0,4,24,9,16436,33,3996
인천광역시,서구,,청라2동제1투,3745,3020,1560,1447,0,1,4,3,3015,5,725
인천광역시,서구,,청라2동제2투,3087,2551,1263,1278,0,0,6,1,2548,3,536
인천광역시,서구,,청라2동제3투,4232,3317,1508,1797,0,1,3,0,3309,8,915
인천광역시,서구,,청라2동제4투,3458,2777,1177,1589,0,1,3,0,2770,7,681
인천광역시,서구,,청라2동제5투,2668,2137,1021,1106,0,1,5,2,2135,2,531
인천광역시,서구,,청라2동제6투,3275,2667,1275,1378,0,0,3,3,2659,8,608
인천광역시,서구,가정1동,소계,8801,5886,3334,2518,2,2,8,8,5872,14,2915
인천광역시,서구,,가정1동제1투,1498,890,518,363,1,1,2,3,888,2,608
인천광역시,서구,,가정1동제2투,3298,2265,1330,922,0,1,3,3,2259,6,1033
인천광역시,서구,,가정1동제3투,4005,2731,1486,1233,1,0,3,2,2725,6,1274
인천광역시,서구,가정2동,소계,6378,4453,2274,2150,1,8,3,9,4445,8,1925
인천광역시,서구,,가정2동제1투,3206,2233,1218,999,1,3,2,5,2228,5,973
인천광역시,서구,,가정2동제2투,3172,2220,1056,1151,0,5,1,4,2217,3,952
인천광역시,서구,가정3동,소계,9284,6853,3655,3161,2,1,11,10,6840,13,2431
인천광역시,서구,,가정3동제1투,4057,3036,1638,1384,0,0,3,5,3030,6,1021
인천광역시,서구,,가정3동제2투,2877,1968,1058,898,1,1,3,3,1964,4,909
인천광역시,서구,,가정3동제3투,2350,1849,959,879,1,0,5,2,1846,3,501
인천광역시,서구,신현원창동,소계,21865,16111,8782,7239,5,8,21,19,16074,37,5754
인천광역시,서구,,신현원창동제1투,3769,2554,1444,1088,1,1,5,3,2542,12,1215
인천광역시,서구,,신현원창동제2투,3723,2627,1439,1168,2,2,6,5,2622,5,1096
인천광역시,서구,,신현원창동제3투,3272,2243,1204,1025,0,2,5,2,2238,5,1029
인천광역시,서구,,신현원창동제4투,2851,2035,1130,898,0,0,1,4,2033,2,816
인천광역시,서구,,신현원창동제5투,32,28,22,6,0,0,0,0,28,0,4
인천광역시,서구,,신현원창동제6투,4560,3633,1974,1642,1,1,3,3,3624,9,927
인천광역시,서구,,신현원창동제7투,3658,2991,1569,1412,1,2,1,2,2987,4,667
인천광역시,서구,석남1동,소계,19492,13659,7388,6189,9,10,14,14,13624,35,5833
인천광역시,서구,,석남1동제1투,4168,2914,1596,1305,1,3,3,1,2909,5,1254
인천광역시,서구,,석남1동제2투,4136,3077,1598,1465,5,2,2,1,3073,4,1059
인천광역시,서구,,석남1동제3투,4139,2846,1513,1313,2,2,2,2,2834,12,1293
인천광역시,서구,,석남1동제4투,3603,2499,1373,1109,1,2,2,6,2493,6,1104
인천광역시,서구,,석남1동제5투,3446,2323,1308,997,0,1,5,4,2315,8,1123
인천광역시,서구,석남2동,소계,13532,9836,5299,4481,1,5,15,11,9812,24,3696
인천광역시,서구,,석남2동제1투,2262,1635,959,664,1,0,3,0,1627,8,627
인천광역시,서구,,석남2동제2투,3834,2984,1527,1442,0,2,2,5,2978,6,850
인천광역시,서구,,석남2동제3투,4348,3176,1689,1471,0,2,5,1,3168,8,1172
인천광역시,서구,,석남2동제4투,3088,2041,1124,904,0,1,5,5,2039,2,1047
인천광역시,서구,석남3동,소계,14058,9662,5125,4476,2,6,10,11,9630,32,4396
인천광역시,서구,,석남3동제1투,4729,3236,1676,1538,0,3,2,5,3224,12,1493
인천광역시,서구,,석남3동제2투,4483,3225,1678,1524,1,2,4,4,3213,12,1258
인천광역시,서구,,석남3동제3투,4846,3201,1771,1414,1,1,4,2,3193,8,1645
인천광역시,서구,가좌1동,소계,10936,7532,4171,3311,3,7,13,11,7516,16,3404
인천광역시,서구,,가좌1동제1투,3890,2567,1431,1124,0,0,5,2,2562,5,1323
인천광역시,서구,,가좌1동제2투,3262,2369,1339,1007,1,6,4,6,2363,6,893
인천광역시,서구,,가좌1동제3투,3784,2596,1401,1180,2,1,4,3,2591,5,1188
인천광역시,서구,가좌2동,소계,17795,14019,7152,6802,0,7,15,12,13988,31,3776
인천광역시,서구,,가좌2동제1투,4143,3165,1604,1543,0,3,3,3,3156,9,978
인천광역시,서구,,가좌2동제2투,4098,3147,1616,1515,0,1,3,4,3139,8,951
인천광역시,서구,,가좌2동제3투,3965,3093,1677,1405,0,1,3,0,3086,7,872
인천광역시,서구,,가좌2동제4투,5589,4614,2255,2339,0,2,6,5,4607,7,975
인천광역시,서구,가좌3동,소계,16119,11852,6503,5276,5,7,17,10,11818,34,4267
인천광역시,서구,,가좌3동제1투,3377,2467,1529,923,4,2,3,1,2462,5,910
인천광역시,서구,,가좌3동제2투,4321,3162,1669,1473,0,3,4,5,3154,8,1159
인천광역시,서구,,가좌3동제3투,4199,3081,1611,1449,0,0,7,2,3069,12,1118
인천광역시,서구,,가좌3동제4투,4222,3142,1694,1431,1,2,3,2,3133,9,1080
인천광역시,서구,가좌4동,소계,9766,7003,3735,3221,1,8,11,14,6990,13,2763
인천광역시,서구,,가좌4동제1투,3325,2374,1269,1090,0,2,3,6,2370,4,951
인천광역시,서구,,가좌4동제2투,3288,2361,1192,1156,0,0,3,5,2356,5,927
인천광역시,서구,,가좌4동제3투,3153,2268,1274,975,1,6,5,3,2264,4,885
인천광역시,서구,검단1동,소계,35818,26155,13263,12762,8,12,32,20,26097,58,9663
인천광역시,서구,,검단1동제1투,4234,3090,1527,1547,1,1,5,4,3085,5,1144
인천광역시,서구,,검단1동제2투,6041,4193,2186,1973,6,5,7,3,4180,13,1848
인천광역시,서구,,검단1동제3투,3536,2594,1289,1293,0,0,1,3,2586,8,942
인천광역시,서구,,검단1동제4투,2869,2036,1147,886,0,0,0,0,2033,3,833
인천광역시,서구,,검단1동제5투,3680,2596,1308,1279,0,1,3,2,2593,3,1084
인천광역시,서구,,검단1동제6투,3611,2722,1381,1329,0,2,3,2,2717,5,889
인천광역시,서구,,검단1동제7투,3455,2589,1166,1412,0,3,2,0,2583,6,866
인천광역시,서구,,검단1동제8투,4086,3101,1670,1414,0,0,4,2,3090,11,985
인천광역시,서구,,검단1동제9투,4306,3234,1589,1629,1,0,7,4,3230,4,1072
인천광역시,서구,검단2동,소계,16855,12702,6125,6521,4,4,17,10,12681,21,4153
인천광역시,서구,,검단2동제1투,3391,2603,1260,1333,1,0,5,2,2601,2,788
인천광역시,서구,,검단2동제2투,4052,3084,1444,1627,0,1,3,4,3079,5,968
인천광역시,서구,,검단2동제3투,5047,3872,1822,2036,1,1,5,1,3866,6,1175
인천광역시,서구,,검단2동제4투,4365,3143,1599,1525,2,2,4,3,3135,8,1222
인천광역시,서구,검단3동,소계,16766,12742,5426,7250,4,6,16,11,12713,29,4024
인천광역시,서구,,검단3동제1투,5876,4383,1795,2570,0,1,6,5,4377,6,1493
인천광역시,서구,,검단3동제2투,6169,4558,2137,2387,4,4,7,4,4543,15,1611
인천광역시,서구,,검단3동제3투,4721,3801,1494,2293,0,1,3,2,3793,8,920
인천광역시,서구,검단4동,소계,28840,22227,10360,11777,7,12,27,11,22194,33,6613
인천광역시,서구,,검단4동제1투,4448,3443,1703,1723,0,1,6,3,3436,7,1005
인천광역시,서구,,검단4동제2투,3986,3149,1501,1633,0,5,4,2,3145,4,837
인천광역시,서구,,검단4동제3투,4161,3357,1492,1853,1,0,5,1,3352,5,804
인천광역시,서구,,검단4동제4투,4260,3425,1624,1785,1,3,4,1,3418,7,835
인천광역시,서구,,검단4동제5투,4916,3632,1615,2006,1,2,2,3,3629,3,1284
인천광역시,서구,,검단4동제6투,4741,3586,1686,1887,2,1,5,1,3582,4,1155
인천광역시,서구,,검단4동제7투,2328,1635,739,890,2,0,1,0,1632,3,693
인천광역시,강화군,소계,,57270,42705,29666,12534,26,29,84,125,42464,241,14565
인천광역시,강화군,재외투표,,237,165,61,104,0,0,0,0,165,0,72
인천광역시,강화군,국내부재자투표,,1864,1726,867,780,9,7,7,6,1676,50,138
인천광역시,강화군,소계,,55169,40814,28738,11650,17,22,77,119,40623,191,14355
인천광역시,강화군,강화읍,소계,17560,12824,8568,4139,5,7,33,20,12772,52,4736
인천광역시,강화군,,강화읍제1투,2090,1522,1086,420,0,2,4,5,1517,5,568
인천광역시,강화군,,강화읍제2투,3472,2497,1670,803,1,2,5,2,2483,14,975
인천광역시,강화군,,강화읍제3투,1910,1369,955,395,0,0,3,4,1357,12,541
인천광역시,강화군,,강화읍제4투,2135,1570,1079,481,0,1,5,2,1568,2,565
인천광역시,강화군,,강화읍제5투,3336,2532,1571,937,1,0,10,6,2525,7,804
인천광역시,강화군,,강화읍제6투,2304,1655,1133,511,2,0,2,1,1649,6,649
인천광역시,강화군,,강화읍제7투,2313,1679,1074,592,1,2,4,0,1673,6,634
인천광역시,강화군,선원면,소계,5513,4130,2746,1363,1,1,6,5,4122,8,1383
인천광역시,강화군,,선원면제1투,2293,1690,1251,426,0,1,2,4,1684,6,603
인천광역시,강화군,,선원면제2투,3220,2440,1495,937,1,0,4,1,2438,2,780
인천광역시,강화군,불은면,소계,3840,2864,2006,833,2,0,2,7,2850,14,976
인천광역시,강화군,,불은면제1투,2439,1804,1264,527,0,0,2,3,1796,8,635
인천광역시,강화군,,불은면제2투,1401,1060,742,306,2,0,0,4,1054,6,341
인천광역시,강화군,길상면,소계,5378,3969,2909,1000,5,2,8,13,3937,32,1409
인천광역시,강화군,,길상면제1투,2109,1576,1112,418,4,2,6,9,1551,25,533
인천광역시,강화군,,길상면제2투,1461,1071,794,270,0,0,1,0,1065,6,390
인천광역시,강화군,,길상면제3투,1120,812,617,191,1,0,1,2,812,0,308
인천광역시,강화군,,길상면제4투,688,510,386,121,0,0,0,2,509,1,178
인천광역시,강화군,화도면,소계,3775,2794,2053,713,0,1,7,4,2778,16,981
인천광역시,강화군,,화도면제1투,1523,1121,829,281,0,1,2,2,1115,6,402
인천광역시,강화군,,화도면제2투,937,684,492,190,0,0,2,0,684,0,253
인천광역시,강화군,,화도면제3투,764,581,435,136,0,0,1,2,574,7,183
인천광역시,강화군,,화도면제4투,551,408,297,106,0,0,2,0,405,3,143
인천광역시,강화군,양도면,소계,3164,2368,1677,667,0,1,3,11,2359,9,796
인천광역시,강화군,,양도면제1투,1717,1256,856,390,0,0,1,5,1252,4,461
인천광역시,강화군,,양도면제2투,1447,1112,821,277,0,1,2,6,1107,5,335
인천광역시,강화군,내가면,소계,2737,2094,1549,523,0,2,1,7,2082,12,643
인천광역시,강화군,,내가면제1투,1453,1106,785,310,0,1,1,4,1101,5,347
인천광역시,강화군,,내가면제2투,650,503,378,116,0,1,0,2,497,6,147
인천광역시,강화군,,내가면제3투,634,485,386,97,0,0,0,1,484,1,149
인천광역시,강화군,하점면,소계,3529,2642,1961,650,2,2,3,14,2632,10,887
인천광역시,강화군,,하점면제1투,1615,1202,876,312,0,1,3,5,1197,5,413
인천광역시,강화군,,하점면제2투,924,687,521,160,1,0,0,3,685,2,237
인천광역시,강화군,,하점면제3투,990,753,564,178,1,1,0,6,750,3,237
인천광역시,강화군,양사면,소계,1635,1265,921,328,0,1,0,11,1261,4,370
인천광역시,강화군,,양사면제1투,576,435,299,127,0,1,0,7,434,1,141
인천광역시,강화군,,양사면제2투,679,529,380,145,0,0,0,3,528,1,150
인천광역시,강화군,,양사면제3투,380,301,242,56,0,0,0,1,299,2,79
인천광역시,강화군,송해면,소계,2744,2031,1529,481,0,1,4,4,2019,12,713
인천광역시,강화군,,송해면투표소,2744,2031,1529,481,0,1,4,4,2019,12,713
인천광역시,강화군,교동면,소계,2684,1888,1361,504,1,0,3,11,1880,8,796
인천광역시,강화군,,교동면제1투,1259,892,621,256,0,0,1,8,886,6,367
인천광역시,강화군,,교동면제2투,748,506,376,127,0,0,2,0,505,1,242
인천광역시,강화군,,교동면제3투,677,490,364,121,1,0,0,3,489,1,187
인천광역시,강화군,삼산면,소계,2037,1489,1088,372,1,3,4,11,1479,10,548
인천광역시,강화군,,삼산면제1투,691,488,330,148,0,1,0,3,482,6,203
인천광역시,강화군,,삼산면제2투,321,248,187,54,1,0,1,4,247,1,73
인천광역시,강화군,,삼산면제3투,953,704,532,161,0,2,3,3,701,3,249
인천광역시,강화군,,삼산면제4투,72,49,39,9,0,0,0,1,49,0,23
인천광역시,강화군,서도면,소계,573,456,370,77,0,1,3,1,452,4,117
인천광역시,강화군,,서도면제1투,334,271,216,48,0,1,3,1,269,2,63
인천광역시,강화군,,서도면제2투,239,185,154,29,0,0,0,0,183,2,54
인천광역시,옹진군,소계,,17311,12903,9197,3470,11,14,37,59,12788,115,4408
인천광역시,옹진군,재외투표,,53,35,18,17,0,0,0,0,35,0,18
인천광역시,옹진군,국내부재자투표,,1099,1015,596,373,0,1,5,8,983,32,84
인천광역시,옹진군,소계,,16159,11853,8583,3080,11,13,32,51,11770,83,4306
인천광역시,옹진군,북도면,소계,1865,1418,1025,339,7,3,3,12,1389,29,447
인천광역시,옹진군,,북도면제1투,562,413,282,128,0,0,1,2,413,0,149
인천광역시,옹진군,,북도면제2투,415,316,252,61,0,0,0,1,314,2,99
인천광역시,옹진군,,북도면제3투,888,689,491,150,7,3,2,9,662,27,199
인천광역시,옹진군,연평면,소계,1647,1184,874,301,0,0,1,3,1179,5,463
인천광역시,옹진군,,연평면제1투,1527,1122,828,285,0,0,1,3,1117,5,405
인천광역시,옹진군,,연평면제2투,120,62,46,16,0,0,0,0,62,0,58
인천광역시,옹진군,백령면,소계,4379,3104,2274,782,1,4,11,13,3085,19,1275
인천광역시,옹진군,,백령면제1투,1764,1219,859,341,0,2,4,4,1210,9,545
인천광역시,옹진군,,백령면제2투,1722,1248,879,349,1,2,6,2,1239,9,474
인천광역시,옹진군,,백령면제3투,472,352,298,45,0,0,1,7,351,1,120
인천광역시,옹진군,,백령면제4투,421,285,238,47,0,0,0,0,285,0,136
인천광역시,옹진군,대청면,소계,1158,907,772,127,0,1,1,0,901,6,251
인천광역시,옹진군,,대청면제1투,495,382,329,52,0,0,0,0,381,1,113
인천광역시,옹진군,,대청면제2투,451,347,287,58,0,0,1,0,346,1,104
인천광역시,옹진군,,대청면제3투,212,178,156,17,0,1,0,0,174,4,34
인천광역시,옹진군,덕적면,소계,1571,1153,853,280,0,0,1,10,1144,9,418
인천광역시,옹진군,,덕적면제1투,724,529,365,156,0,0,1,5,527,2,195
인천광역시,옹진군,,덕적면제2투,389,280,200,74,0,0,0,1,275,5,109
인천광역시,옹진군,,덕적면제3투,226,175,145,24,0,0,0,4,173,2,51
인천광역시,옹진군,,덕적면제4투,96,79,69,10,0,0,0,0,79,0,17
인천광역시,옹진군,,덕적면제5투,75,46,41,5,0,0,0,0,46,0,29
인천광역시,옹진군,,덕적면제6투,61,44,33,11,0,0,0,0,44,0,17
인천광역시,옹진군,자월면,소계,1024,796,614,170,0,0,4,5,793,3,228
인천광역시,옹진군,,자월면제1투,526,404,298,100,0,0,2,2,402,2,122
인천광역시,옹진군,,자월면제2투,181,150,126,21,0,0,0,2,149,1,31
인천광역시,옹진군,,자월면제3투,235,177,138,39,0,0,0,0,177,0,58
인천광역시,옹진군,,자월면제4투,82,65,52,10,0,0,2,1,65,0,17
인천광역시,옹진군,영흥면,소계,4515,3291,2171,1081,3,5,11,8,3279,12,1224
인천광역시,옹진군,,영흥면제1투,2021,1429,885,528,2,0,6,3,1424,5,592
인천광역시,옹진군,,영흥면제2투,1586,1183,793,372,1,3,5,3,1177,6,403
인천광역시,옹진군,,영흥면제3투,908,679,493,181,0,2,0,2,678,1,229
광주광역시,합계,,,1117781,898416,69574,823737,268,333,1113,561,895586,2830,219365
광주광역시,동구,소계,,88752,68402,6693,61023,105,39,112,47,68019,383,20350
광주광역시,동구,재외투표,,374,275,39,235,0,0,0,0,274,1,99
광주광역시,동구,국내부재자투표,,2612,2406,351,1996,9,0,5,7,2368,38,206
광주광역시,동구,소계,,85766,65719,6303,58790,96,39,107,40,65375,344,20047
광주광역시,동구,충장동,소계,4242,2904,319,2570,1,0,4,1,2895,9,1338
광주광역시,동구,,충장동제1투,2499,1643,210,1424,1,0,3,1,1639,4,856
광주광역시,동구,,충장동제2투,1743,1261,109,1146,0,0,1,0,1256,5,482
광주광역시,동구,동명동,소계,4457,3301,341,2934,4,1,4,5,3289,12,1156
광주광역시,동구,,동명동제1투,2186,1572,173,1389,1,1,1,2,1567,5,614
광주광역시,동구,,동명동제2투,2271,1729,168,1545,3,0,3,3,1722,7,542
광주광역시,동구,계림1동,소계,7360,5170,476,4656,9,3,2,2,5148,22,2190
광주광역시,동구,,계림1동제1투,2639,1836,166,1657,3,1,0,1,1828,8,803
광주광역시,동구,,계림1동제2투,2583,1815,168,1635,1,0,1,1,1806,9,768
광주광역시,동구,,계림1동제3투,2138,1519,142,1364,5,2,1,0,1514,5,619
광주광역시,동구,계림2동,소계,8823,7004,597,6355,9,0,15,2,6978,26,1819
광주광역시,동구,,계림2동제1투,4124,3247,266,2956,5,0,4,2,3233,14,877
광주광역시,동구,,계림2동제2투,1494,1082,101,968,2,0,4,0,1075,7,412
광주광역시,동구,,계림2동제3투,3205,2675,230,2431,2,0,7,0,2670,5,530
광주광역시,동구,산수1동,소계,7202,5359,411,4906,10,3,9,1,5340,19,1843
광주광역시,동구,,산수1동제1투,2425,1823,150,1660,6,1,1,1,1819,4,602
광주광역시,동구,,산수1동제2투,2805,2063,152,1898,4,0,2,0,2056,7,742
광주광역시,동구,,산수1동제3투,1972,1473,109,1348,0,2,6,0,1465,8,499
광주광역시,동구,산수2동,소계,9112,7359,694,6610,8,0,18,6,7336,23,1753
광주광역시,동구,,산수2동제1투,2726,2054,164,1865,4,0,7,2,2042,12,672
광주광역시,동구,,산수2동제2투,1698,1376,123,1248,0,0,2,0,1373,3,322
광주광역시,동구,,산수2동제3투,2580,2099,138,1948,4,0,4,3,2097,2,481
광주광역시,동구,,산수2동제4투,2108,1830,269,1549,0,0,5,1,1824,6,278
광주광역시,동구,지산1동,소계,4363,3332,273,3032,2,3,2,0,3312,20,1031
광주광역시,동구,,지산1동제1투,2862,2274,171,2086,1,2,1,0,2261,13,588
광주광역시,동구,,지산1동제2투,1501,1058,102,946,1,1,1,0,1051,7,443
광주광역시,동구,지산2동,소계,4937,3820,405,3375,2,7,6,1,3796,24,1117
광주광역시,동구,,지산2동제1투,3362,2597,278,2297,2,4,4,0,2585,12,765
광주광역시,동구,,지산2동제2투,1575,1223,127,1078,0,3,2,1,1211,12,352
광주광역시,동구,서남동,소계,3652,2431,235,2179,3,2,0,0,2419,12,1221
광주광역시,동구,,서남동제1투,1923,1330,131,1190,3,1,0,0,1325,5,593
광주광역시,동구,,서남동제2투,1729,1101,104,989,0,1,0,0,1094,7,628
광주광역시,동구,학동,소계,7258,5605,463,5074,14,4,7,3,5565,40,1653
광주광역시,동구,,학동제1투,2041,1517,110,1380,6,2,4,1,1503,14,524
광주광역시,동구,,학동제2투,2328,1699,162,1524,3,0,1,1,1691,8,629
광주광역시,동구,,학동제3투,2889,2389,191,2170,5,2,2,1,2371,18,500
광주광역시,동구,학운동,소계,10622,8682,1207,7393,9,7,21,2,8639,43,1940
광주광역시,동구,,학운동제1투,2703,2030,224,1782,2,1,5,0,2014,16,673
광주광역시,동구,,학운동제2투,3211,2741,409,2311,3,0,9,0,2732,9,470
광주광역시,동구,,학운동제3투,2098,1749,267,1466,1,0,5,1,1740,9,349
광주광역시,동구,,학운동제4투,2610,2162,307,1834,3,6,2,1,2153,9,448
광주광역시,동구,지원1동,소계,7363,5846,446,5346,8,5,7,6,5818,28,1517
광주광역시,동구,,지원1동제1투,3145,2466,167,2273,4,3,3,1,2451,15,679
광주광역시,동구,,지원1동제2투,2966,2413,201,2194,1,2,2,2,2402,11,553
광주광역시,동구,,지원1동제3투,1252,967,78,879,3,0,2,3,965,2,285
광주광역시,동구,지원2동,소계,6375,4906,436,4360,17,4,12,11,4840,66,1469
광주광역시,동구,,지원2동제1투,915,694,62,608,5,3,3,2,683,11,221
광주광역시,동구,,지원2동제2투,2816,2093,196,1845,5,1,4,6,2057,36,723
광주광역시,동구,,지원2동제3투,2644,2119,178,1907,7,0,5,3,2100,19,525
광주광역시,동구,잘못 투입·구분된 투표지,,0,2,0,2,0,0,0,0,2,0,-2
광주광역시,서구,소계,,239898,194600,15648,178033,40,56,210,116,194103,497,45298
광주광역시,서구,재외투표,,731,530,43,482,0,0,2,1,528,2,201
광주광역시,서구,국내부재자투표,,8211,7523,960,6394,11,9,18,20,7412,111,688
광주광역시,서구,소계,,230956,186547,14645,171157,29,47,190,95,186163,384,44409
광주광역시,서구,양동,소계,4594,3452,354,3079,1,0,4,0,3438,14,1142
광주광역시,서구,,양동제1투,2211,1738,172,1561,1,0,1,0,1735,3,473
광주광역시,서구,,양동제2투,2383,1714,182,1518,0,0,3,0,1703,11,669
광주광역시,서구,양3동,소계,4524,3594,211,3365,2,0,5,3,3586,8,930
광주광역시,서구,,양3동제1투,3295,2619,160,2444,2,0,3,3,2612,7,676
광주광역시,서구,,양3동제2투,1229,975,51,921,0,0,2,0,974,1,254
광주광역시,서구,농성1동,소계,7296,5527,461,5035,0,4,6,4,5510,17,1769
광주광역시,서구,,농성1동제1투,2050,1545,130,1409,0,0,3,1,1543,2,505
광주광역시,서구,,농성1동제2투,2571,1916,130,1772,0,2,3,2,1909,7,655
광주광역시,서구,,농성1동제3투,2675,2066,201,1854,0,2,0,1,2058,8,609
광주광역시,서구,농성2동,소계,4965,3714,345,3346,0,0,5,7,3703,11,1251
광주광역시,서구,,농성2동제1투,2410,1739,184,1544,0,0,5,3,1736,3,671
광주광역시,서구,,농성2동제2투,2555,1975,161,1802,0,0,0,4,1967,8,580
광주광역시,서구,광천동,소계,8769,6718,586,6096,2,3,4,5,6696,22,2051
광주광역시,서구,,광천동제1투,2620,1844,129,1700,1,0,1,3,1834,10,776
광주광역시,서구,,광천동제2투,4505,3658,345,3300,1,1,1,2,3650,8,847
광주광역시,서구,,광천동제3투,1644,1216,112,1096,0,2,2,0,1212,4,428
광주광역시,서구,유덕동,소계,8398,6964,481,6457,1,3,6,3,6951,13,1434
광주광역시,서구,,유덕동제1투,1213,877,73,798,0,0,3,0,874,3,336
광주광역시,서구,,유덕동제2투,3741,3175,210,2954,1,1,1,1,3168,7,566
광주광역시,서구,,유덕동제3투,3444,2912,198,2705,0,2,2,2,2909,3,532
광주광역시,서구,치평동,소계,21685,18125,1508,16552,0,8,16,7,18091,34,3560
광주광역시,서구,,치평동제1투,4212,3500,251,3236,0,2,4,0,3493,7,712
광주광역시,서구,,치평동제2투,3657,3119,228,2880,0,2,4,2,3116,3,538
광주광역시,서구,,치평동제3투,2744,2350,285,2058,0,1,2,0,2346,4,394
광주광역시,서구,,치평동제4투,3816,3268,299,2956,0,0,3,3,3261,7,548
광주광역시,서구,,치평동제5투,2833,2417,181,2229,0,2,0,1,2413,4,416
광주광역시,서구,,치평동제6투,4423,3471,264,3193,0,1,3,1,3462,9,952
광주광역시,서구,상무1동,소계,18999,14654,1152,13466,1,0,17,7,14643,11,4345
광주광역시,서구,,상무1동제1투,3205,2378,190,2185,0,0,1,0,2376,2,827
광주광역시,서구,,상무1동제2투,3721,3062,262,2793,0,0,3,3,3061,1,659
광주광역시,서구,,상무1동제3투,4206,3403,309,3085,1,0,5,0,3400,3,803
광주광역시,서구,,상무1동제4투,3274,1974,131,1838,0,0,3,0,1972,2,1300
광주광역시,서구,,상무1동제5투,4593,3837,260,3565,0,0,5,4,3834,3,756
광주광역시,서구,상무2동,소계,20825,15896,1278,14537,3,4,18,13,15853,43,4929
광주광역시,서구,,상무2동제1투,4389,3631,276,3340,1,1,3,1,3622,9,758
광주광역시,서구,,상무2동제2투,4139,3248,281,2932,0,2,7,9,3231,17,891
광주광역시,서구,,상무2동제3투,3562,2807,252,2544,0,0,4,1,2801,6,755
광주광역시,서구,,상무2동제4투,4102,2911,198,2704,1,0,1,1,2905,6,1191
광주광역시,서구,,상무2동제5투,4633,3299,271,3017,1,1,3,1,3294,5,1334
광주광역시,서구,화정1동,소계,12790,10019,805,9171,0,4,14,4,9998,21,2771
광주광역시,서구,,화정1동제1투,4187,3481,236,3235,0,1,3,0,3475,6,706
광주광역시,서구,,화정1동제2투,4098,3169,275,2881,0,1,5,1,3163,6,929
광주광역시,서구,,화정1동제3투,4505,3369,294,3055,0,2,6,3,3360,9,1136
광주광역시,서구,화정2동,소계,9401,7582,555,6994,1,1,8,6,7565,17,1819
광주광역시,서구,,화정2동제1투,3014,2286,164,2107,0,0,3,5,2279,7,728
광주광역시,서구,,화정2동제2투,1911,1527,108,1414,0,0,2,0,1524,3,384
광주광역시,서구,,화정2동제3투,4476,3769,283,3473,1,1,3,1,3762,7,707
광주광역시,서구,화정3동,소계,9624,7707,684,6993,2,2,3,5,7689,18,1917
광주광역시,서구,,화정3동제1투,2131,1691,134,1552,1,0,1,1,1689,2,440
광주광역시,서구,,화정3동제2투,3140,2467,203,2253,1,0,2,1,2460,7,673
광주광역시,서구,,화정3동제3투,4353,3549,347,3188,0,2,0,3,3540,9,804
광주광역시,서구,화정4동,소계,15864,13111,1027,12036,3,2,12,5,13085,26,2753
광주광역시,서구,,화정4동제1투,4501,3509,289,3202,0,1,5,2,3499,10,992
광주광역시,서구,,화정4동제2투,2950,2581,261,2310,1,0,4,0,2576,5,369
광주광역시,서구,,화정4동제3투,2305,1920,128,1789,0,0,0,1,1918,2,385
광주광역시,서구,,화정4동제4투,3284,2848,190,2648,2,0,3,1,2844,4,436
광주광역시,서구,,화정4동제5투,2824,2253,159,2087,0,1,0,1,2248,5,571
광주광역시,서구,서창동,소계,5050,3928,375,3513,2,2,13,4,3909,19,1122
광주광역시,서구,,서창동제1투,1703,1212,104,1088,0,1,7,2,1202,10,491
광주광역시,서구,,서창동제2투,1347,1095,93,993,2,0,2,2,1092,3,252
광주광역시,서구,,서창동제3투,2000,1621,178,1432,0,1,4,0,1615,6,379
광주광역시,서구,금호1동,소계,18399,15225,1103,14071,1,2,10,7,15194,31,3174
광주광역시,서구,,금호1동제1투,3859,3265,274,2984,0,0,2,0,3260,5,594
광주광역시,서구,,금호1동제2투,4362,3647,283,3350,1,0,4,2,3640,7,715
광주광역시,서구,,금호1동제3투,3516,2725,205,2505,0,0,1,2,2713,12,791
광주광역시,서구,,금호1동제4투,4339,3724,197,3516,0,2,1,2,3718,6,615
광주광역시,서구,,금호1동제5투,2323,1864,144,1716,0,0,2,1,1863,1,459
광주광역시,서구,금호2동,소계,19308,16579,1113,15420,2,3,11,5,16554,25,2729
광주광역시,서구,,금호2동제1투,3310,2610,200,2400,0,1,2,1,2604,6,700
광주광역시,서구,,금호2동제2투,4388,3785,220,3557,0,0,1,3,3781,4,603
광주광역시,서구,,금호2동제3투,4113,3602,259,3334,0,1,1,1,3596,6,511
광주광역시,서구,,금호2동제4투,4466,3919,224,3683,1,1,5,0,3914,5,547
광주광역시,서구,,금호2동제5투,3031,2663,210,2446,1,0,2,0,2659,4,368
광주광역시,서구,풍암동,소계,28207,23355,1926,21346,4,9,27,7,23319,36,4852
광주광역시,서구,,풍암동제1투,3779,3246,283,2956,0,0,2,0,3241,5,533
광주광역시,서구,,풍암동제2투,3082,2616,139,2474,0,0,2,0,2615,1,466
광주광역시,서구,,풍암동제3투,3569,3103,230,2865,0,0,4,1,3100,3,466
광주광역시,서구,,풍암동제4투,3724,3263,392,2859,1,3,6,0,3261,2,461
광주광역시,서구,,풍암동제5투,3096,2621,191,2423,1,1,2,2,2620,1,475
광주광역시,서구,,풍암동제6투,4370,3400,231,3159,0,0,3,2,3395,5,970
광주광역시,서구,,풍암동제7투,3991,2841,196,2624,2,3,4,2,2831,10,1150
광주광역시,서구,,풍암동제8투,2596,2265,264,1986,0,2,4,0,2256,9,331
광주광역시,서구,동천동,소계,12258,10397,681,9680,4,0,11,3,10379,18,1861
광주광역시,서구,,동천동제1투,2570,2082,123,1949,3,0,3,0,2078,4,488
광주광역시,서구,,동천동제2투,3208,2844,131,2698,0,0,4,2,2835,9,364
광주광역시,서구,,동천동제3투,3651,3260,296,2955,1,0,4,1,3257,3,391
광주광역시,서구,,동천동제4투,2829,2211,131,2078,0,0,0,0,2209,2,618
광주광역시,남구,소계,,171637,137610,11307,125439,27,48,191,83,137095,515,34027
광주광역시,남구,재외투표,,606,449,50,396,0,1,0,1,448,1,157
광주광역시,남구,국내부재자투표,,5988,5507,732,4644,6,10,13,13,5418,89,481
광주광역시,남구,소계,,165043,131654,10525,120399,21,37,178,69,131229,425,33389
광주광역시,남구,양림동,소계,7261,5767,461,5272,1,1,9,4,5748,19,1494
광주광역시,남구,,양림동제1투,4338,3514,259,3243,0,0,4,2,3508,6,824
광주광역시,남구,,양림동제2투,2923,2253,202,2029,1,1,5,2,2240,13,670
광주광역시,남구,방림1동,소계,6679,5349,424,4883,1,0,10,4,5322,27,1330
광주광역시,남구,,방림1동제1투,3942,3197,236,2934,1,0,5,3,3179,18,745
광주광역시,남구,,방림1동제2투,2737,2152,188,1949,0,0,5,1,2143,9,585
광주광역시,남구,방림2동,소계,8701,6964,527,6394,1,0,12,2,6936,28,1737
광주광역시,남구,,방림2동제1투,3264,2440,190,2229,1,0,4,1,2425,15,824
광주광역시,남구,,방림2동제2투,3386,2791,199,2578,0,0,4,0,2781,10,595
광주광역시,남구,,방림2동제3투,2051,1733,138,1587,0,0,4,1,1730,3,318
광주광역시,남구,봉선1동,소계,12974,10011,776,9195,1,3,5,4,9984,27,2963
광주광역시,남구,,봉선1동제1투,3160,2557,178,2372,0,0,0,0,2550,7,603
광주광역시,남구,,봉선1동제2투,2831,2181,170,2005,0,1,2,0,2178,3,650
광주광역시,남구,,봉선1동제3투,3745,2886,243,2624,1,2,1,2,2873,13,859
광주광역시,남구,,봉선1동제4투,3238,2387,185,2194,0,0,2,2,2383,4,851
광주광역시,남구,봉선2동,소계,19802,16804,1905,14770,3,8,19,14,16719,85,2998
광주광역시,남구,,봉선2동제1투,3960,3316,374,2928,1,0,4,3,3310,6,644
광주광역시,남구,,봉선2동제2투,3702,3021,280,2667,2,3,5,7,2964,57,681
광주광역시,남구,,봉선2동제3투,3340,2882,240,2626,0,3,3,1,2873,9,458
광주광역시,남구,,봉선2동제4투,4466,3890,357,3519,0,1,4,1,3882,8,576
광주광역시,남구,,봉선2동제5투,4334,3695,654,3030,0,1,3,2,3690,5,639
광주광역시,남구,사직동,소계,5087,3547,312,3206,2,1,8,3,3532,15,1540
광주광역시,남구,,사직동제1투,2331,1577,141,1419,2,0,4,1,1567,10,754
광주광역시,남구,,사직동제2투,2756,1970,171,1787,0,1,4,2,1965,5,786
광주광역시,남구,월산동,소계,8561,6276,494,5736,2,5,12,3,6252,24,2285
광주광역시,남구,,월산동제1투,1472,1075,84,985,0,0,2,1,1072,3,397
광주광역시,남구,,월산동제2투,2279,1725,145,1566,1,2,5,1,1720,5,554
광주광역시,남구,,월산동제3투,2263,1495,110,1375,1,3,1,1,1491,4,768
광주광역시,남구,,월산동제4투,2547,1981,155,1810,0,0,4,0,1969,12,566
광주광역시,남구,월산4동,소계,8909,6704,469,6198,3,0,9,3,6682,22,2205
광주광역시,남구,,월산4동제1투,3195,2332,179,2138,1,0,5,1,2324,8,863
광주광역시,남구,,월산4동제2투,2920,2292,157,2124,1,0,1,2,2285,7,628
광주광역시,남구,,월산4동제3투,2794,2080,133,1936,1,0,3,0,2073,7,714
광주광역시,남구,월산5동,소계,6771,5141,359,4753,1,2,8,1,5124,17,1630
광주광역시,남구,,월산5동제1투,3732,2796,201,2575,1,2,5,0,2784,12,936
광주광역시,남구,,월산5동제2투,3039,2345,158,2178,0,0,3,1,2340,5,694
광주광역시,남구,백운1동,소계,10463,8483,651,7783,1,3,13,6,8457,26,1980
광주광역시,남구,,백운1동제1투,3408,2651,228,2402,0,0,5,2,2637,14,757
광주광역시,남구,,백운1동제2투,3616,3002,228,2759,1,2,5,2,2997,5,614
광주광역시,남구,,백운1동제3투,3439,2830,195,2622,0,1,3,2,2823,7,609
광주광역시,남구,백운2동,소계,4930,3706,347,3343,0,1,3,5,3699,7,1224
광주광역시,남구,,백운2동제1투,3653,2750,253,2482,0,1,3,4,2743,7,903
광주광역시,남구,,백운2동제2투,1277,956,94,861,0,0,0,1,956,0,321
광주광역시,남구,주월1동,소계,14971,11852,801,11006,1,2,9,5,11824,28,3119
광주광역시,남구,,주월1동제1투,4240,3363,237,3111,1,1,4,1,3355,8,877
광주광역시,남구,,주월1동제2투,4237,3320,226,3084,0,1,3,1,3315,5,917
광주광역시,남구,,주월1동제3투,4092,3201,207,2980,0,0,2,2,3191,10,891
광주광역시,남구,,주월1동제4투,2402,1968,131,1831,0,0,0,1,1963,5,434
광주광역시,남구,주월2동,소계,8356,6574,410,6123,1,1,12,3,6550,24,1782
광주광역시,남구,,주월2동제1투,2317,1767,120,1636,0,0,6,0,1762,5,550
광주광역시,남구,,주월2동제2투,3002,2423,122,2286,0,0,2,2,2412,11,579
광주광역시,남구,,주월2동제3투,3037,2384,168,2201,1,1,4,1,2376,8,653
광주광역시,남구,효덕동,소계,31365,26332,2018,24232,1,7,32,6,26296,36,5033
광주광역시,남구,,효덕동제1투,4623,3857,217,3628,0,1,4,0,3850,7,766
광주광역시,남구,,효덕동제2투,4500,3793,248,3539,0,0,3,0,3790,3,707
광주광역시,남구,,효덕동제3투,3548,3031,357,2663,0,1,7,0,3028,3,517
광주광역시,남구,,효덕동제4투,3890,3239,303,2926,0,1,5,2,3237,2,651
광주광역시,남구,,효덕동제5투,4031,3373,237,3124,0,2,3,1,3367,6,658
광주광역시,남구,,효덕동제6투,2841,2370,161,2202,0,0,1,1,2365,5,471
광주광역시,남구,,효덕동제7투,3877,3206,177,3017,1,2,4,2,3203,3,671
광주광역시,남구,,효덕동제8투,4055,3463,318,3133,0,0,5,0,3456,7,592
광주광역시,남구,송암동,소계,4911,3935,256,3660,0,2,4,1,3923,12,976
광주광역시,남구,,송암동제1투,2117,1565,94,1460,0,1,1,0,1556,9,552
광주광역시,남구,,송암동제2투,2794,2370,162,2200,0,1,3,1,2367,3,424
광주광역시,남구,대촌동,소계,5302,4209,315,3845,2,1,13,5,4181,28,1093
광주광역시,남구,,대촌동제1투,2613,2115,164,1930,1,0,5,3,2103,12,498
광주광역시,남구,,대촌동제2투,952,708,62,640,1,0,1,0,704,4,244
광주광역시,남구,,대촌동제3투,1737,1386,89,1275,0,1,7,2,1374,12,351
광주광역시,북구,소계,,344569,276928,20378,255181,44,114,344,153,276214,714,67641
광주광역시,북구,재외투표,,1030,712,79,628,0,0,1,1,709,3,318
광주광역시,북구,국내부재자투표,,11468,10556,1380,8966,10,18,18,26,10418,138,912
광주광역시,북구,소계,,332071,265660,18919,245587,34,96,325,126,265087,573,66411
광주광역시,북구,중흥1동,소계,3220,2273,206,2048,1,0,6,4,2265,8,947
광주광역시,북구,,중흥1동제1투,1596,1123,112,997,1,0,5,3,1118,5,473
광주광역시,북구,,중흥1동제2투,1624,1150,94,1051,0,0,1,1,1147,3,474
광주광역시,북구,중흥2동,소계,7527,5880,501,5352,1,3,7,4,5868,12,1647
광주광역시,북구,,중흥2동제1투,2376,1956,233,1715,1,1,2,0,1952,4,420
광주광역시,북구,,중흥2동제2투,2453,1859,129,1723,0,0,1,3,1856,3,594
광주광역시,북구,,중흥2동제3투,2698,2065,139,1914,0,2,4,1,2060,5,633
광주광역시,북구,중흥3동,소계,5052,3843,324,3498,1,2,5,4,3834,9,1209
광주광역시,북구,,중흥3동제1투,2592,1967,163,1798,1,1,1,1,1965,2,625
광주광역시,북구,,중흥3동제2투,2460,1876,161,1700,0,1,4,3,1869,7,584
광주광역시,북구,중앙동,소계,3576,2525,222,2285,0,3,5,1,2516,9,1051
광주광역시,북구,,중앙동투표소,3576,2525,222,2285,0,3,5,1,2516,9,1051
광주광역시,북구,임동,소계,8326,6508,504,5974,1,5,6,2,6492,16,1818
광주광역시,북구,,임동제1투,4730,3797,255,3526,1,2,4,1,3789,8,933
광주광역시,북구,,임동제2투,3596,2711,249,2448,0,3,2,1,2703,8,885
광주광역시,북구,신안동,소계,10090,7456,547,6876,0,2,9,5,7439,17,2634
광주광역시,북구,,신안동제1투,3642,2473,196,2268,0,0,3,1,2468,5,1169
광주광역시,북구,,신안동제2투,2905,2228,140,2079,0,0,2,1,2222,6,677
광주광역시,북구,,신안동제3투,3543,2755,211,2529,0,2,4,3,2749,6,788
광주광역시,북구,용봉동,소계,29968,24345,1790,22488,1,4,20,6,24309,36,5623
광주광역시,북구,,용봉동제1투,3731,2802,181,2614,0,1,0,1,2797,5,929
광주광역시,북구,,용봉동제2투,4129,3400,262,3130,0,1,3,0,3396,4,729
광주광역시,북구,,용봉동제3투,3835,3114,185,2920,0,0,4,1,3110,4,721
광주광역시,북구,,용봉동제4투,3279,2472,201,2261,0,0,3,2,2467,5,807
광주광역시,북구,,용봉동제5투,5307,4494,314,4165,0,0,3,1,4483,11,813
광주광역시,북구,,용봉동제6투,4569,3709,324,3377,0,2,3,1,3707,2,860
광주광역시,북구,,용봉동제7투,5118,4354,323,4021,1,0,4,0,4349,5,764
광주광역시,북구,운암1동,소계,15789,13367,1083,12237,1,7,22,2,13352,15,2422
광주광역시,북구,,운암1동제1투,4407,3650,325,3318,0,3,4,0,3650,0,757
광주광역시,북구,,운암1동제2투,4266,3530,314,3193,0,3,12,1,3523,7,736
광주광역시,북구,,운암1동제3투,2691,2381,183,2192,0,0,4,0,2379,2,310
광주광역시,북구,,운암1동제4투,4425,3806,261,3534,1,1,2,1,3800,6,619
광주광역시,북구,운암2동,소계,12194,9337,685,8613,0,4,10,7,9319,18,2857
광주광역시,북구,,운암2동제1투,2779,2028,137,1882,0,2,2,1,2024,4,751
광주광역시,북구,,운암2동제2투,2388,1688,117,1567,0,0,0,2,1686,2,700
광주광역시,북구,,운암2동제3투,3383,2776,224,2541,0,1,4,3,2773,3,607
광주광역시,북구,,운암2동제4투,3644,2845,207,2623,0,1,4,1,2836,9,799
광주광역시,북구,운암3동,소계,14062,11686,810,10832,2,1,12,7,11664,22,2376
광주광역시,북구,,운암3동제1투,3109,2603,209,2382,1,0,4,4,2600,3,506
광주광역시,북구,,운암3동제2투,3722,3125,204,2906,1,0,5,1,3117,8,597
광주광역시,북구,,운암3동제3투,2822,2273,133,2134,0,0,1,0,2268,5,549
광주광역시,북구,,운암3동제4투,4409,3685,264,3410,0,1,2,2,3679,6,724
광주광역시,북구,동림동,소계,16294,13528,750,12732,1,2,7,7,13499,29,2766
광주광역시,북구,,동림동제1투,3803,3049,150,2886,0,1,2,1,3040,9,754
광주광역시,북구,,동림동제2투,3427,2843,174,2663,0,0,3,0,2840,3,584
광주광역시,북구,,동림동제3투,3519,3042,180,2851,0,0,1,3,3035,7,477
광주광역시,북구,,동림동제4투,3221,2754,160,2583,1,0,0,3,2747,7,467
광주광역시,북구,,동림동제5투,2324,1840,86,1749,0,1,1,0,1837,3,484
광주광역시,북구,우산동,소계,12530,9455,791,8620,4,4,8,5,9432,23,3075
광주광역시,북구,,우산동제1투,2597,1718,109,1601,1,1,2,0,1714,4,879
광주광역시,북구,,우산동제2투,2851,2158,156,1993,0,0,2,1,2152,6,693
광주광역시,북구,,우산동제3투,2132,1687,139,1542,0,1,1,1,1684,3,445
광주광역시,북구,,우산동제4투,2385,1798,132,1648,3,1,3,2,1789,9,587
광주광역시,북구,,우산동제5투,2565,2094,255,1836,0,1,0,1,2093,1,471
광주광역시,북구,풍향동,소계,4767,3531,303,3212,1,0,2,2,3520,11,1236
광주광역시,북구,,풍향동제1투,2575,1925,163,1752,1,0,1,1,1918,7,650
광주광역시,북구,,풍향동제2투,2192,1606,140,1460,0,0,1,1,1602,4,586
광주광역시,북구,문화동,소계,12344,9729,765,8901,1,5,19,7,9698,31,2615
광주광역시,북구,,문화동제1투,4178,3140,276,2833,1,2,9,6,3127,13,1038
광주광역시,북구,,문화동제2투,3466,2831,230,2592,0,0,3,0,2825,6,635
광주광역시,북구,,문화동제3투,2923,2390,164,2212,0,2,6,0,2384,6,533
광주광역시,북구,,문화동제4투,1777,1368,95,1264,0,1,1,1,1362,6,409
광주광역시,북구,문흥1동,소계,14103,11838,833,10969,0,1,12,5,11820,18,2265
광주광역시,북구,,문흥1동제1투,2900,2385,155,2227,0,0,0,1,2383,2,515
광주광역시,북구,,문흥1동제2투,2703,2207,216,1984,0,1,2,1,2204,3,496
광주광역시,북구,,문흥1동제3투,3122,2712,215,2489,0,0,4,0,2708,4,410
광주광역시,북구,,문흥1동제4투,3039,2648,151,2488,0,0,4,1,2644,4,391
광주광역시,북구,,문흥1동제5투,2339,1886,96,1781,0,0,2,2,1881,5,453
광주광역시,북구,문흥2동,소계,14142,11671,652,10974,0,3,13,2,11644,27,2471
광주광역시,북구,,문흥2동제1투,2893,2466,108,2347,0,0,5,1,2461,5,427
광주광역시,북구,,문흥2동제2투,2388,2001,89,1909,0,1,0,0,1999,2,387
광주광역시,북구,,문흥2동제3투,3328,2775,139,2631,0,1,0,1,2772,3,553
광주광역시,북구,,문흥2동제4투,2850,2288,177,2096,0,0,4,0,2277,11,562
광주광역시,북구,,문흥2동제5투,2683,2141,139,1991,0,1,4,0,2135,6,542
광주광역시,북구,두암1동,소계,7427,5818,477,5314,0,0,10,1,5802,16,1609
광주광역시,북구,,두암1동제1투,2515,2009,184,1815,0,0,4,0,2003,6,506
광주광역시,북구,,두암1동제2투,2586,1981,142,1829,0,0,5,0,1976,5,605
광주광역시,북구,,두암1동제3투,2326,1828,151,1670,0,0,1,1,1823,5,498
광주광역시,북구,두암2동,소계,15376,12089,860,11158,3,8,22,7,12058,31,3287
광주광역시,북구,,두암2동제1투,2949,2195,171,2012,0,2,3,0,2188,7,754
광주광역시,북구,,두암2동제2투,2547,1947,154,1784,0,1,1,0,1940,7,600
광주광역시,북구,,두암2동제3투,2729,2057,136,1910,1,0,4,2,2053,4,672
광주광역시,북구,,두암2동제4투,3451,2816,198,2602,2,2,6,2,2812,4,635
광주광역시,북구,,두암2동제5투,3700,3074,201,2850,0,3,8,3,3065,9,626
광주광역시,북구,두암3동,소계,13921,10760,920,9760,2,2,22,8,10714,46,3161
광주광역시,북구,,두암3동제1투,2361,1655,152,1486,0,0,6,2,1646,9,706
광주광역시,북구,,두암3동제2투,2800,2326,204,2111,0,2,2,1,2320,6,474
광주광역시,북구,,두암3동제3투,2938,2249,150,2092,0,0,1,2,2245,4,689
광주광역시,북구,,두암3동제4투,2793,2081,199,1852,0,0,9,2,2062,19,712
광주광역시,북구,,두암3동제5투,3029,2449,215,2219,2,0,4,1,2441,8,580
광주광역시,북구,삼각동,소계,9670,7814,482,7303,0,2,9,2,7798,16,1856
광주광역시,북구,,삼각동제1투,3419,2498,197,2291,0,1,1,1,2491,7,921
광주광역시,북구,,삼각동제2투,2942,2529,149,2370,0,0,4,1,2524,5,413
광주광역시,북구,,삼각동제3투,3309,2787,136,2642,0,1,4,0,2783,4,522
광주광역시,북구,일곡동,소계,22342,18926,1184,17683,5,4,19,6,18901,25,3416
광주광역시,북구,,일곡동제1투,3823,3141,159,2967,0,1,4,3,3134,7,682
광주광역시,북구,,일곡동제2투,4155,3318,179,3131,2,0,1,1,3314,4,837
광주광역시,북구,,일곡동제3투,2542,2213,118,2091,0,0,1,0,2210,3,329
광주광역시,북구,,일곡동제4투,3710,3184,190,2986,2,0,2,0,3180,4,526
광주광역시,북구,,일곡동제5투,3943,3479,249,3221,0,1,3,0,3474,5,464
광주광역시,북구,,일곡동제6투,4169,3591,289,3287,1,2,8,2,3589,2,578
광주광역시,북구,매곡동,소계,10824,9112,616,8467,1,4,10,4,9102,10,1712
광주광역시,북구,,매곡동제1투,3015,2522,156,2354,0,0,6,1,2517,5,493
광주광역시,북구,,매곡동제2투,4462,3763,266,3488,1,0,2,3,3760,3,699
광주광역시,북구,,매곡동제3투,3347,2827,194,2625,0,4,2,0,2825,2,520
광주광역시,북구,오치1동,소계,10123,7779,545,7197,3,4,8,4,7761,18,2344
광주광역시,북구,,오치1동제1투,3325,2509,190,2309,2,0,2,0,2503,6,816
광주광역시,북구,,오치1동제2투,3338,2596,181,2405,0,1,2,2,2591,5,742
광주광역시,북구,,오치1동제3투,3460,2674,174,2483,1,3,4,2,2667,7,786
광주광역시,북구,오치2동,소계,11974,9263,630,8584,2,8,13,4,9241,22,2711
광주광역시,북구,,오치2동제1투,2362,1897,126,1764,0,0,2,0,1892,5,465
광주광역시,북구,,오치2동제2투,3153,2342,181,2138,0,4,7,0,2330,12,811
광주광역시,북구,,오치2동제3투,3026,2316,167,2136,2,4,4,1,2314,2,710
광주광역시,북구,,오치2동제4투,3433,2708,156,2546,0,0,0,3,2705,3,725
광주광역시,북구,석곡동,소계,2487,1927,159,1741,1,1,11,1,1914,13,560
광주광역시,북구,,석곡동제1투,1909,1479,113,1347,0,0,9,1,1470,9,430
광주광역시,북구,,석곡동제2투,578,448,46,394,1,1,2,0,444,4,130
광주광역시,북구,건국동,소계,43943,35200,2280,32769,2,17,38,19,35125,75,8743
광주광역시,북구,,건국동제1투,4670,3784,278,3499,1,2,0,1,3781,3,886
광주광역시,북구,,건국동제2투,3762,3052,152,2889,0,3,0,1,3045,7,710
광주광역시,북구,,건국동제3투,4923,3935,250,3673,0,1,2,0,3926,9,988
광주광역시,북구,,건국동제4투,3879,3180,190,2978,0,0,6,0,3174,6,699
광주광역시,북구,,건국동제5투,4258,3475,251,3211,0,2,5,1,3470,5,783
광주광역시,북구,,건국동제6투,3511,2805,178,2611,0,0,6,5,2800,5,706
광주광역시,북구,,건국동제7투,4114,3222,213,2990,0,4,3,2,3212,10,892
광주광역시,북구,,건국동제8투,5543,4591,284,4290,0,2,7,2,4585,6,952
광주광역시,북구,,건국동제9투,2612,1940,167,1758,0,1,4,4,1934,6,672
광주광역시,북구,,건국동제10투,3766,2994,182,2793,1,2,5,1,2984,10,772
광주광역시,북구,,건국동제11투,2905,2222,135,2077,0,0,0,2,2214,8,683
광주광역시,광산구,소계,,272925,220876,15548,204061,52,76,256,162,220155,721,52049
광주광역시,광산구,재외투표,,619,430,47,378,0,1,0,1,427,3,189
광주광역시,광산구,국내부재자투표,,8351,7589,1154,6269,13,7,18,27,7488,101,762
광주광역시,광산구,소계,,263955,212857,14347,197414,39,68,238,134,212240,617,51098
광주광역시,광산구,송정1동,소계,8797,6916,514,6373,0,4,5,3,6899,17,1881
광주광역시,광산구,,송정1동제1투,3363,2581,223,2347,0,2,3,1,2576,5,782
광주광역시,광산구,,송정1동제2투,2504,1879,142,1723,0,1,2,1,1869,10,625
광주광역시,광산구,,송정1동제3투,2930,2456,149,2303,0,1,0,1,2454,2,474
광주광역시,광산구,송정2동,소계,5582,4288,397,3858,1,2,5,4,4267,21,1294
광주광역시,광산구,,송정2동제1투,2049,1462,101,1353,0,1,1,1,1457,5,587
광주광역시,광산구,,송정2동제2투,1909,1520,180,1328,0,1,3,1,1513,7,389
광주광역시,광산구,,송정2동제3투,1624,1306,116,1177,1,0,1,2,1297,9,318
광주광역시,광산구,도산동,소계,10739,8436,706,7689,0,1,10,10,8416,20,2303
광주광역시,광산구,,도산동제1투,3571,2789,207,2569,0,0,3,2,2781,8,782
광주광역시,광산구,,도산동제2투,3350,2572,281,2272,0,1,3,5,2562,10,778
광주광역시,광산구,,도산동제3투,3818,3075,218,2848,0,0,4,3,3073,2,743
광주광역시,광산구,신흥동,소계,4136,3175,252,2903,2,1,3,2,3163,12,961
광주광역시,광산구,,신흥동제1투,1730,1274,117,1147,2,0,1,2,1269,5,456
광주광역시,광산구,,신흥동제2투,2406,1901,135,1756,0,1,2,0,1894,7,505
광주광역시,광산구,어룡동,소계,16864,13450,871,12513,1,3,15,8,13411,39,3414
광주광역시,광산구,,어룡동제1투,2123,1578,105,1464,0,0,4,0,1573,5,545
광주광역시,광산구,,어룡동제2투,2965,2339,164,2166,0,0,0,2,2332,7,626
광주광역시,광산구,,어룡동제3투,2470,1970,128,1829,0,1,4,0,1962,8,500
광주광역시,광산구,,어룡동제4투,3025,2329,163,2151,0,1,2,2,2319,10,696
광주광역시,광산구,,어룡동제5투,2988,2496,112,2374,0,0,3,3,2492,4,492
광주광역시,광산구,,어룡동제6투,3293,2738,199,2529,1,1,2,1,2733,5,555
광주광역시,광산구,우산동,소계,18653,13882,1032,12748,4,4,26,16,13830,52,4771
광주광역시,광산구,,우산동제1투,3778,2831,199,2618,0,0,6,2,2825,6,947
광주광역시,광산구,,우산동제2투,2318,1722,106,1602,1,3,3,2,1717,5,596
광주광역시,광산구,,우산동제3투,2742,1968,194,1737,2,0,11,6,1950,18,774
광주광역시,광산구,,우산동제4투,1983,1455,90,1361,1,0,0,0,1452,3,528
광주광역시,광산구,,우산동제5투,3627,2877,161,2707,0,0,2,0,2870,7,750
광주광역시,광산구,,우산동제6투,1959,1445,116,1321,0,0,1,3,1441,4,514
광주광역시,광산구,,우산동제7투,2246,1584,166,1402,0,1,3,3,1575,9,662
광주광역시,광산구,월곡1동,소계,10790,8394,571,7773,2,4,15,2,8367,27,2396
광주광역시,광산구,,월곡1동제1투,2663,1896,150,1736,1,0,2,0,1889,7,767
광주광역시,광산구,,월곡1동제2투,1887,1391,97,1283,0,1,5,0,1386,5,496
광주광역시,광산구,,월곡1동제3투,3328,2852,175,2661,1,3,5,1,2846,6,476
광주광역시,광산구,,월곡1동제4투,2912,2255,149,2093,0,0,3,1,2246,9,657
광주광역시,광산구,월곡2동,소계,14499,11703,748,10905,0,3,10,9,11675,28,2796
광주광역시,광산구,,월곡2동제1투,3115,2202,141,2049,0,1,1,3,2195,7,913
광주광역시,광산구,,월곡2동제2투,2668,2029,144,1873,0,0,5,3,2025,4,639
광주광역시,광산구,,월곡2동제3투,3335,2761,205,2544,0,0,2,3,2754,7,574
광주광역시,광산구,,월곡2동제4투,2785,2445,138,2300,0,2,1,0,2441,4,340
광주광역시,광산구,,월곡2동제5투,2596,2266,120,2139,0,0,1,0,2260,6,330
광주광역시,광산구,비아동,소계,5442,4101,296,3783,1,1,6,2,4089,12,1341
광주광역시,광산구,,비아동제1투,2004,1514,107,1399,0,0,3,0,1509,5,490
광주광역시,광산구,,비아동제2투,3438,2587,189,2384,1,1,3,2,2580,7,851
광주광역시,광산구,첨단1동,소계,16425,14017,1131,12826,1,5,17,6,13986,31,2408
광주광역시,광산구,,첨단1동제1투,4081,3481,320,3150,1,0,2,0,3473,8,600
광주광역시,광산구,,첨단1동제2투,4076,3477,279,3178,0,0,7,4,3468,9,599
광주광역시,광산구,,첨단1동제3투,4565,3869,329,3527,0,1,6,1,3864,5,696
광주광역시,광산구,,첨단1동제4투,3703,3190,203,2971,0,4,2,1,3181,9,513
광주광역시,광산구,첨단2동,소계,28531,23291,1490,21707,6,12,21,8,23244,47,5240
광주광역시,광산구,,첨단2동제1투,2312,1680,102,1571,0,4,1,0,1678,2,632
광주광역시,광산구,,첨단2동제2투,3643,2934,185,2729,3,1,6,4,2928,6,709
광주광역시,광산구,,첨단2동제3투,3322,2652,181,2463,1,1,1,1,2648,4,670
광주광역시,광산구,,첨단2동제4투,2959,2435,141,2283,0,0,1,0,2425,10,524
광주광역시,광산구,,첨단2동제5투,3671,3198,191,2997,0,2,1,1,3192,6,473
광주광역시,광산구,,첨단2동제6투,2863,2461,155,2299,0,1,3,0,2458,3,402
광주광역시,광산구,,첨단2동제7투,3725,3224,201,3008,2,2,2,0,3215,9,501
광주광역시,광산구,,첨단2동제8투,2887,2039,151,1882,0,1,2,1,2037,2,848
광주광역시,광산구,,첨단2동제9투,3149,2668,183,2475,0,0,4,1,2663,5,481
광주광역시,광산구,신가동,소계,16943,13602,766,12775,0,7,9,4,13561,41,3341
광주광역시,광산구,,신가동제1투,3148,2325,150,2161,0,0,2,0,2313,12,823
광주광역시,광산구,,신가동제2투,3368,2860,113,2741,0,1,1,0,2856,4,508
광주광역시,광산구,,신가동제3투,1583,1124,81,1033,0,0,2,0,1116,8,459
광주광역시,광산구,,신가동제4투,3898,3190,170,3008,0,3,0,2,3183,7,708
광주광역시,광산구,,신가동제5투,4946,4103,252,3832,0,3,4,2,4093,10,843
광주광역시,광산구,운남동,소계,22519,18999,1055,17867,5,2,14,14,18957,42,3520
광주광역시,광산구,,운남동제1투,2866,2410,129,2272,2,0,2,0,2405,5,456
광주광역시,광산구,,운남동제2투,2251,1946,121,1822,0,0,0,1,1944,2,305
광주광역시,광산구,,운남동제3투,2446,1940,104,1826,0,0,2,4,1936,4,506
광주광역시,광산구,,운남동제4투,1671,1414,99,1310,0,0,1,0,1410,4,257
광주광역시,광산구,,운남동제5투,2917,2422,123,2287,0,1,1,2,2414,8,495
광주광역시,광산구,,운남동제6투,2586,2241,138,2092,0,1,5,0,2236,5,345
광주광역시,광산구,,운남동제7투,2680,2386,114,2263,3,0,0,1,2381,5,294
광주광역시,광산구,,운남동제8투,2710,2213,124,2079,0,0,3,3,2209,4,497
광주광역시,광산구,,운남동제9투,2392,2027,103,1916,0,0,0,3,2022,5,365
광주광역시,광산구,신창동,소계,21868,17880,1126,16687,3,6,13,7,17842,38,3988
광주광역시,광산구,,신창동제1투,1292,940,62,874,1,0,1,0,938,2,352
광주광역시,광산구,,신창동제2투,3277,2822,175,2638,1,0,2,1,2817,5,455
광주광역시,광산구,,신창동제3투,1545,1341,81,1252,0,1,1,0,1335,6,204
광주광역시,광산구,,신창동제4투,3200,2702,190,2501,0,2,0,2,2695,7,498
광주광역시,광산구,,신창동제5투,5151,3742,262,3466,1,2,3,3,3737,5,1409
광주광역시,광산구,,신창동제6투,3319,2917,162,2746,0,0,2,1,2911,6,402
광주광역시,광산구,,신창동제7투,4084,3416,194,3210,0,1,4,0,3409,7,668
광주광역시,광산구,수완동,소계,39911,33267,2163,31015,2,6,15,12,33213,54,6644
광주광역시,광산구,,수완동제1투,3619,3197,204,2984,0,1,3,0,3192,5,422
광주광역시,광산구,,수완동제2투,5731,4706,248,4444,0,1,2,2,4697,9,1025
광주광역시,광산구,,수완동제3투,4314,3651,176,3473,0,0,0,1,3650,1,663
광주광역시,광산구,,수완동제4투,4657,3816,231,3578,0,2,2,0,3813,3,841
광주광역시,광산구,,수완동제5투,3494,3062,235,2813,0,0,1,1,3050,12,432
광주광역시,광산구,,수완동제6투,3707,3060,199,2854,0,1,1,1,3056,4,647
광주광역시,광산구,,수완동제7투,4147,3036,154,2873,0,1,0,1,3029,7,1111
광주광역시,광산구,,수완동제8투,3328,2919,204,2708,0,0,4,1,2917,2,409
광주광역시,광산구,,수완동제9투,3312,2792,244,2542,1,0,0,3,2790,2,520
광주광역시,광산구,,수완동제10투,3602,3028,268,2746,1,0,2,2,3019,9,574
광주광역시,광산구,하남동,소계,9868,8058,515,7505,3,1,8,4,8036,22,1810
광주광역시,광산구,,하남동제1투,2787,2209,152,2042,1,1,4,0,2200,9,578
광주광역시,광산구,,하남동제2투,585,447,35,407,1,0,1,1,445,2,138
광주광역시,광산구,,하남동제3투,4177,3414,207,3197,1,0,2,2,3409,5,763
광주광역시,광산구,,하남동제4투,2319,1988,121,1859,0,0,1,1,1982,6,331
광주광역시,광산구,임곡동,소계,2146,1612,122,1461,0,3,8,3,1597,15,534
광주광역시,광산구,,임곡동제1투,1103,839,73,746,0,2,8,1,830,9,264
광주광역시,광산구,,임곡동제2투,1043,773,49,715,0,1,0,2,767,6,270
광주광역시,광산구,동곡동,소계,1975,1516,114,1376,1,0,7,4,1502,14,459
광주광역시,광산구,,동곡동투표소,1975,1516,114,1376,1,0,7,4,1502,14,459
광주광역시,광산구,평동,소계,3466,2678,187,2462,2,0,9,4,2664,14,788
광주광역시,광산구,,평동제1투,1683,1255,86,1156,1,0,3,2,1248,7,428
광주광역시,광산구,,평동제2투,1783,1423,101,1306,1,0,6,2,1416,7,360
광주광역시,광산구,삼도동,소계,2452,1844,156,1641,0,3,11,4,1815,29,608
광주광역시,광산구,,삼도동제1투,1593,1175,107,1045,0,2,6,1,1161,14,418
광주광역시,광산구,,삼도동제2투,859,669,49,596,0,1,5,3,654,15,190
광주광역시,광산구,본량동,소계,2349,1748,135,1547,5,0,11,8,1706,42,601
광주광역시,광산구,,본량동제1투,1439,1108,90,990,1,0,6,4,1091,17,331
광주광역시,광산구,,본량동제2투,910,640,45,557,4,0,5,4,615,25,270
대전광역시,합계,,,1182321,904367,450576,448310,271,461,1291,969,901878,2489,277954
대전광역시,동구,소계,,202718,150344,77725,71702,43,72,200,185,149927,417,52374
대전광역시,동구,재외투표,,606,432,156,270,1,0,1,1,429,3,174
대전광역시,동구,국내부재자투표,,4750,4334,1955,2262,4,11,13,10,4255,79,416
대전광역시,동구,소계,,197362,145578,75614,69170,38,61,186,174,145243,335,51784
대전광역시,동구,중앙동,소계,7351,4863,3013,1815,0,3,9,12,4852,11,2488
대전광역시,동구,,중앙동제1투,2459,1645,1048,589,0,1,1,2,1641,4,814
대전광역시,동구,,중앙동제2투,1686,1163,734,418,0,0,3,4,1159,4,523
대전광역시,동구,,중앙동제3투,3206,2055,1231,808,0,2,5,6,2052,3,1151
대전광역시,동구,신인동,소계,11500,8730,4530,4153,2,0,8,17,8710,20,2770
대전광역시,동구,,신인동제1투,2881,2035,1071,955,1,0,1,3,2031,4,846
대전광역시,동구,,신인동제2투,3779,3010,1540,1453,0,0,5,10,3008,2,769
대전광역시,동구,,신인동제3투,2779,2181,1072,1103,1,0,0,1,2177,4,598
대전광역시,동구,,신인동제4투,2061,1504,847,642,0,0,2,3,1494,10,557
대전광역시,동구,효동,소계,19016,14688,7087,7532,2,8,22,14,14665,23,4328
대전광역시,동구,,효동제1투,3474,2667,1500,1153,1,2,3,3,2662,5,807
대전광역시,동구,,효동제2투,2341,1713,958,741,0,0,3,6,1708,5,628
대전광역시,동구,,효동제3투,4589,3447,1693,1739,0,2,5,1,3440,7,1142
대전광역시,동구,,효동제4투,4975,3953,1678,2258,0,1,8,3,3948,5,1022
대전광역시,동구,,효동제5투,3637,2908,1258,1641,1,3,3,1,2907,1,729
대전광역시,동구,판암1동,소계,8450,6432,3450,2943,4,0,13,10,6420,12,2018
대전광역시,동구,,판암1동제1투,3112,2313,1277,1013,3,0,6,6,2305,8,799
대전광역시,동구,,판암1동제2투,2663,2007,1050,949,0,0,3,2,2004,3,656
대전광역시,동구,,판암1동제3투,2675,2112,1123,981,1,0,4,2,2111,1,563
대전광역시,동구,판암2동,소계,9720,7125,3944,3134,5,4,4,12,7103,22,2595
대전광역시,동구,,판암2동제1투,2521,1847,1002,832,0,1,2,6,1843,4,674
대전광역시,동구,,판암2동제2투,2222,1624,992,612,4,1,1,3,1613,11,598
대전광역시,동구,,판암2동제3투,2402,1707,973,726,1,0,0,3,1703,4,695
대전광역시,동구,,판암2동제4투,2575,1947,977,964,0,2,1,0,1944,3,628
대전광역시,동구,용운동,소계,16477,12359,6064,6227,3,7,19,11,12331,28,4118
대전광역시,동구,,용운동제1투,2757,2011,1034,971,0,0,2,2,2009,2,746
대전광역시,동구,,용운동제2투,2805,2001,976,1014,0,3,1,1,1995,6,804
대전광역시,동구,,용운동제3투,2824,2068,1150,907,1,0,1,2,2061,7,756
대전광역시,동구,,용운동제4투,4234,3265,1536,1706,1,2,9,4,3258,7,969
대전광역시,동구,,용운동제5투,3857,3014,1368,1629,1,2,6,2,3008,6,843
대전광역시,동구,대동,소계,11187,8148,4244,3863,2,4,10,3,8126,22,3039
대전광역시,동구,,대동제1투,4499,3253,1570,1665,2,2,2,1,3242,11,1246
대전광역시,동구,,대동제2투,3054,2139,1238,888,0,1,2,2,2131,8,915
대전광역시,동구,,대동제3투,3634,2756,1436,1310,0,1,6,0,2753,3,878
대전광역시,동구,자양동,소계,9798,6964,3758,3166,1,2,10,8,6945,19,2834
대전광역시,동구,,자양동제1투,3242,2221,1150,1058,0,0,2,4,2214,7,1021
대전광역시,동구,,자양동제2투,3199,2262,1176,1076,0,1,3,1,2257,5,937
대전광역시,동구,,자양동제3투,3357,2481,1432,1032,1,1,5,3,2474,7,876
대전광역시,동구,가양1동,소계,13229,9630,5270,4309,2,4,9,6,9600,30,3599
대전광역시,동구,,가양1동제1투,2854,1961,1086,866,0,1,1,1,1955,6,893
대전광역시,동구,,가양1동제2투,2394,1770,1072,687,0,1,0,2,1762,8,624
대전광역시,동구,,가양1동제3투,4239,3160,1613,1529,2,0,5,3,3152,8,1079
대전광역시,동구,,가양1동제4투,3742,2739,1499,1227,0,2,3,0,2731,8,1003
대전광역시,동구,가양2동,소계,17780,12897,6699,6129,5,6,17,13,12869,28,4883
대전광역시,동구,,가양2동제1투,3940,2987,1538,1443,0,0,2,0,2983,4,953
대전광역시,동구,,가양2동제2투,3586,2627,1331,1277,2,1,6,3,2620,7,959
대전광역시,동구,,가양2동제3투,3477,2451,1241,1201,0,0,2,3,2447,4,1026
대전광역시,동구,,가양2동제4투,3836,2838,1519,1302,1,4,6,1,2833,5,998
대전광역시,동구,,가양2동제5투,2941,1994,1070,906,2,1,1,6,1986,8,947
대전광역시,동구,용전동,소계,17000,12093,5950,6090,2,2,13,12,12069,24,4907
대전광역시,동구,,용전동제1투,4061,3017,1489,1519,0,0,2,0,3010,7,1044
대전광역시,동구,,용전동제2투,3932,2782,1341,1425,2,1,5,4,2778,4,1150
대전광역시,동구,,용전동제3투,4767,3150,1618,1520,0,1,2,4,3145,5,1617
대전광역시,동구,,용전동제4투,4240,3144,1502,1626,0,0,4,4,3136,8,1096
대전광역시,동구,성남동,소계,11639,8657,4409,4201,2,3,14,10,8639,18,2982
대전광역시,동구,,성남동제1투,4861,3728,1812,1890,1,2,8,5,3718,10,1133
대전광역시,동구,,성남동제2투,2919,2182,1133,1042,0,0,2,2,2179,3,737
대전광역시,동구,,성남동제3투,3859,2747,1464,1269,1,1,4,3,2742,5,1112
대전광역시,동구,홍도동,소계,10573,7723,3982,3708,2,3,8,3,7706,17,2850
대전광역시,동구,,홍도동제1투,2381,1754,994,748,2,0,2,2,1748,6,627
대전광역시,동구,,홍도동제2투,4234,3280,1615,1651,0,1,3,1,3271,9,954
대전광역시,동구,,홍도동제3투,3958,2689,1373,1309,0,2,3,0,2687,2,1269
대전광역시,동구,삼성동,소계,14969,11173,5925,5197,3,6,12,8,11151,22,3796
대전광역시,동구,,삼성동제1투,2180,1621,923,691,0,0,2,1,1617,4,559
대전광역시,동구,,삼성동제2투,3143,2288,1212,1066,1,1,3,0,2283,5,855
대전광역시,동구,,삼성동제3투,4644,3529,1841,1672,1,3,2,6,3525,4,1115
대전광역시,동구,,삼성동제4투,5002,3735,1949,1768,1,2,5,1,3726,9,1267
대전광역시,동구,대청동,소계,2586,1915,1189,700,1,1,6,12,1909,6,671
대전광역시,동구,,대청동제1투,1221,924,573,335,0,1,5,5,919,5,297
대전광역시,동구,,대청동제2투,1365,991,616,365,1,0,1,7,990,1,374
대전광역시,동구,산내동,소계,16087,12181,6100,6003,2,8,12,23,12148,33,3906
대전광역시,동구,,산내동제1투,4460,3391,1552,1818,1,4,1,3,3379,12,1069
대전광역시,동구,,산내동제2투,1122,760,452,296,0,1,1,7,757,3,362
대전광역시,동구,,산내동제3투,3029,2509,1170,1327,0,2,3,4,2506,3,520
대전광역시,동구,,산내동제4투,2564,2009,1062,937,0,0,4,2,2005,4,555
대전광역시,동구,,산내동제5투,1313,928,585,336,1,0,1,3,926,2,385
대전광역시,동구,,산내동제6투,3599,2584,1279,1289,0,1,2,4,2575,9,1015
대전광역시,중구,소계,,210394,159448,85297,73173,42,71,230,172,158985,463,50946
대전광역시,중구,재외투표,,877,637,252,379,0,0,0,1,632,5,240
대전광역시,중구,국내부재자투표,,5345,4916,2300,2453,7,10,14,17,4801,115,429
대전광역시,중구,소계,,204172,153895,82745,70341,35,61,216,154,153552,343,50277
대전광역시,중구,은행선화동,소계,14688,9848,5159,4646,2,3,10,13,9833,15,4840
대전광역시,중구,,은행선화동제1투,2946,1930,1044,874,1,1,1,4,1925,5,1016
대전광역시,중구,,은행선화동제2투,4854,3417,1754,1650,0,0,4,4,3412,5,1437
대전광역시,중구,,은행선화동제3투,2929,2058,1040,1011,1,1,2,3,2058,0,871
대전광역시,중구,,은행선화동제4투,3959,2443,1321,1111,0,1,3,2,2438,5,1516
대전광역시,중구,목동,소계,11449,9080,4355,4683,2,5,11,8,9064,16,2369
대전광역시,중구,,목동제1투,3193,2517,1290,1214,1,1,2,5,2513,4,676
대전광역시,중구,,목동제2투,4597,3580,1559,2005,1,3,3,1,3572,8,1017
대전광역시,중구,,목동제3투,3659,2983,1506,1464,0,1,6,2,2979,4,676
대전광역시,중구,중촌동,소계,12735,9846,5009,4780,1,3,15,11,9819,27,2889
대전광역시,중구,,중촌동제1투,2268,1658,977,674,0,1,1,2,1655,3,610
대전광역시,중구,,중촌동제2투,2090,1723,885,830,1,0,3,0,1719,4,367
대전광역시,중구,,중촌동제3투,3508,2695,1377,1303,0,1,5,3,2689,6,813
대전광역시,중구,,중촌동제4투,3288,2592,1110,1471,0,0,5,3,2589,3,696
대전광역시,중구,,중촌동제5투,1581,1178,660,502,0,1,1,3,1167,11,403
대전광역시,중구,대흥동,소계,9269,6556,3553,2953,2,4,13,10,6535,21,2713
대전광역시,중구,,대흥동제1투,3933,2670,1438,1218,1,2,3,2,2664,6,1263
대전광역시,중구,,대흥동제2투,2901,2093,1168,907,1,0,5,4,2085,8,808
대전광역시,중구,,대흥동제3투,2435,1793,947,828,0,2,5,4,1786,7,642
대전광역시,중구,문창동,소계,4700,3410,1965,1420,2,3,6,5,3401,9,1290
대전광역시,중구,,문창동제1투,2162,1541,877,653,0,0,3,3,1536,5,621
대전광역시,중구,,문창동제2투,2538,1869,1088,767,2,3,3,2,1865,4,669
대전광역시,중구,석교동,소계,15433,11304,6271,4959,4,6,15,17,11272,32,4129
대전광역시,중구,,석교동제1투,3010,2091,1192,884,2,1,2,2,2083,8,919
대전광역시,중구,,석교동제2투,3343,2489,1380,1095,0,0,3,2,2480,9,854
대전광역시,중구,,석교동제3투,2888,2126,1132,984,0,1,2,3,2122,4,762
대전광역시,중구,,석교동제4투,3065,2322,1317,987,2,0,4,5,2315,7,743
대전광역시,중구,,석교동제5투,3127,2276,1250,1009,0,4,4,5,2272,4,851
대전광역시,중구,대사동,소계,5631,4002,2390,1589,2,1,5,6,3993,9,1629
대전광역시,중구,,대사동제1투,3458,2410,1490,907,1,0,4,4,2406,4,1048
대전광역시,중구,,대사동제2투,2173,1592,900,682,1,1,1,2,1587,5,581
대전광역시,중구,부사동,소계,6232,4444,2558,1860,1,1,3,9,4432,12,1788
대전광역시,중구,,부사동제1투,2992,2102,1220,868,1,0,1,5,2095,7,890
대전광역시,중구,,부사동제2투,3240,2342,1338,992,0,1,2,4,2337,5,898
대전광역시,중구,용두동,소계,8683,6443,3254,3162,1,2,9,1,6429,14,2240
대전광역시,중구,,용두동제1투,2961,2416,1146,1257,0,2,3,1,2409,7,545
대전광역시,중구,,용두동제2투,2571,1747,959,784,1,0,1,0,1745,2,824
대전광역시,중구,,용두동제3투,3151,2280,1149,1121,0,0,5,0,2275,5,871
대전광역시,중구,오류동,소계,8362,6643,3737,2875,0,3,14,5,6634,9,1719
대전광역시,중구,,오류동제1투,2109,1455,788,656,0,3,4,2,1453,2,654
대전광역시,중구,,오류동제2투,3242,2747,1564,1176,0,0,4,1,2745,2,495
대전광역시,중구,,오류동제3투,3011,2441,1385,1043,0,0,6,2,2436,5,570
대전광역시,중구,태평1동,소계,11279,8888,4383,4461,0,7,14,7,8872,16,2391
대전광역시,중구,,태평1동제1투,3250,2652,1246,1392,0,0,7,4,2649,3,598
대전광역시,중구,,태평1동제2투,3069,2174,1222,945,0,2,1,1,2171,3,895
대전광역시,중구,,태평1동제3투,4960,4062,1915,2124,0,5,6,2,4052,10,898
대전광역시,중구,태평2동,소계,22308,18203,10152,7966,5,3,29,11,18166,37,4105
대전광역시,중구,,태평2동제1투,2769,2066,1156,899,1,0,3,2,2061,5,703
대전광역시,중구,,태평2동제2투,2934,2344,1273,1060,2,1,3,2,2341,3,590
대전광역시,중구,,태평2동제3투,3963,3177,1778,1383,1,1,8,3,3174,3,786
대전광역시,중구,,태평2동제4투,4322,3629,1969,1645,1,1,5,1,3622,7,693
대전광역시,중구,,태평2동제5투,3778,3155,1842,1301,0,0,3,1,3147,8,623
대전광역시,중구,,태평2동제6투,4542,3832,2134,1678,0,0,7,2,3821,11,710
대전광역시,중구,유천1동,소계,6335,4312,2455,1828,1,1,9,5,4299,13,2023
대전광역시,중구,,유천1동제1투,3411,2331,1352,965,1,1,3,3,2325,6,1080
대전광역시,중구,,유천1동제2투,2924,1981,1103,863,0,0,6,2,1974,7,943
대전광역시,중구,유천2동,소계,12484,9561,5314,4202,1,2,14,8,9541,20,2923
대전광역시,중구,,유천2동제1투,1865,1367,771,584,1,0,1,5,1362,5,498
대전광역시,중구,,유천2동제2투,2967,2137,1195,935,0,0,3,0,2133,4,830
대전광역시,중구,,유천2동제3투,3344,2483,1279,1191,0,1,4,2,2477,6,861
대전광역시,중구,,유천2동제4투,4308,3574,2069,1492,0,1,6,1,3569,5,734
대전광역시,중구,문화1동,소계,17836,14341,7592,6672,5,5,22,16,14312,29,3495
대전광역시,중구,,문화1동제1투,1992,1450,841,596,2,1,2,5,1447,3,542
대전광역시,중구,,문화1동제2투,3258,2674,1393,1269,1,3,4,2,2672,2,584
대전광역시,중구,,문화1동제3투,3569,2783,1476,1290,0,0,6,3,2775,8,786
대전광역시,중구,,문화1동제4투,4668,3879,2001,1863,1,1,4,2,3872,7,789
대전광역시,중구,,문화1동제5투,4349,3555,1881,1654,1,0,6,4,3546,9,794
대전광역시,중구,문화2동,소계,12272,9237,5071,4125,0,4,12,7,9219,18,3035
대전광역시,중구,,문화2동제1투,2317,1687,989,689,0,0,1,3,1682,5,630
대전광역시,중구,,문화2동제2투,3876,2975,1618,1344,0,1,4,2,2969,6,901
대전광역시,중구,,문화2동제3투,3019,2232,1296,927,0,2,3,1,2229,3,787
대전광역시,중구,,문화2동제4투,3060,2343,1168,1165,0,1,4,1,2339,4,717
대전광역시,중구,산성동,소계,24476,17777,9527,8160,6,8,15,15,17731,46,6699
대전광역시,중구,,산성동제1투,3015,2142,1261,874,0,0,2,0,2137,5,873
대전광역시,중구,,산성동제2투,3304,2529,1373,1149,3,0,0,1,2526,3,775
대전광역시,중구,,산성동제3투,3877,2586,1377,1202,1,1,4,0,2585,1,1291
대전광역시,중구,,산성동제4투,2938,2379,1331,1035,0,1,1,3,2371,8,559
대전광역시,중구,,산성동제5투,3268,2330,1207,1105,0,2,5,5,2324,6,938
대전광역시,중구,,산성동제6투,3354,2375,1210,1155,1,1,0,2,2369,6,979
대전광역시,중구,,산성동제7투,3827,2778,1396,1361,0,3,2,2,2764,14,1049
대전광역시,중구,,산성동제8투,893,658,372,279,1,0,1,2,655,3,235
대전광역시,서구,소계,,382855,293767,144068,148011,87,148,414,296,293024,743,89088
대전광역시,서구,재외투표,,1601,1162,387,755,0,2,2,4,1150,12,439
대전광역시,서구,국내부재자투표,,11410,10482,4806,5435,17,20,20,37,10335,147,928
대전광역시,서구,소계,,369844,282123,138875,141821,70,126,392,255,281539,584,87721
대전광역시,서구,복수동,소계,15817,12351,5979,6318,2,4,16,12,12331,20,3466
대전광역시,서구,,복수동제1투,3432,2627,1392,1223,1,2,2,6,2626,1,805
대전광역시,서구,,복수동제2투,4678,3718,1901,1801,1,1,7,1,3712,6,960
대전광역시,서구,,복수동제3투,2686,2263,1059,1192,0,0,5,2,2258,5,423
대전광역시,서구,,복수동제4투,5021,3743,1627,2102,0,1,2,3,3735,8,1278
대전광역시,서구,도마1동,소계,16265,11455,6289,5113,3,2,14,11,11432,23,4810
대전광역시,서구,,도마1동제1투,2990,2070,1228,831,2,0,2,4,2067,3,920
대전광역시,서구,,도마1동제2투,3963,2878,1582,1286,1,1,0,2,2872,6,1085
대전광역시,서구,,도마1동제3투,2458,1774,1004,763,0,0,3,0,1770,4,684
대전광역시,서구,,도마1동제4투,3260,2245,1206,1031,0,1,4,2,2244,1,1015
대전광역시,서구,,도마1동제5투,3594,2488,1269,1202,0,0,5,3,2479,9,1106
대전광역시,서구,도마2동,소계,18070,13262,7174,6027,1,7,17,10,13236,26,4808
대전광역시,서구,,도마2동제1투,3867,2648,1429,1212,0,0,1,3,2645,3,1219
대전광역시,서구,,도마2동제2투,3682,2625,1441,1164,1,2,6,2,2616,9,1057
대전광역시,서구,,도마2동제3투,2905,2013,1103,899,0,1,3,2,2008,5,892
대전광역시,서구,,도마2동제4투,3922,2964,1529,1421,0,3,3,1,2957,7,958
대전광역시,서구,,도마2동제5투,3694,3012,1672,1331,0,1,4,2,3010,2,682
대전광역시,서구,정림동,소계,14586,11409,5737,5625,1,4,12,9,11388,21,3177
대전광역시,서구,,정림동제1투,2960,2341,1186,1142,0,2,5,2,2337,4,619
대전광역시,서구,,정림동제2투,3040,2485,1275,1206,1,0,1,0,2483,2,555
대전광역시,서구,,정림동제3투,2465,1898,1021,870,0,0,1,2,1894,4,567
대전광역시,서구,,정림동제4투,3010,2206,1120,1075,0,1,3,3,2202,4,804
대전광역시,서구,,정림동제5투,3111,2479,1135,1332,0,1,2,2,2472,7,632
대전광역시,서구,변동,소계,14865,10706,5593,5063,1,4,14,9,10684,22,4159
대전광역시,서구,,변동제1투,3770,2698,1423,1266,0,2,1,0,2692,6,1072
대전광역시,서구,,변동제2투,4789,3454,1726,1709,0,1,6,4,3446,8,1335
대전광역시,서구,,변동제3투,2912,2079,1087,988,0,0,4,0,2079,0,833
대전광역시,서구,,변동제4투,3394,2475,1357,1100,1,1,3,5,2467,8,919
대전광역시,서구,용문동,소계,13396,9354,4687,4624,2,7,7,10,9337,17,4042
대전광역시,서구,,용문동제1투,4977,3224,1515,1696,0,2,3,5,3221,3,1753
대전광역시,서구,,용문동제2투,4447,3261,1618,1622,2,4,3,3,3252,9,1186
대전광역시,서구,,용문동제3투,3972,2869,1554,1306,0,1,1,2,2864,5,1103
대전광역시,서구,탄방동,소계,23233,16939,7933,8918,4,8,28,16,16907,32,6294
대전광역시,서구,,탄방동제1투,4759,3014,1435,1558,3,1,3,7,3007,7,1745
대전광역시,서구,,탄방동제2투,5227,3594,1560,2013,0,5,4,1,3583,11,1633
대전광역시,서구,,탄방동제3투,2531,2065,1007,1048,0,1,4,2,2062,3,466
대전광역시,서구,,탄방동제4투,2575,2167,1066,1084,1,0,8,3,2162,5,408
대전광역시,서구,,탄방동제5투,3292,2560,1276,1271,0,1,5,1,2554,6,732
대전광역시,서구,,탄방동제6투,4849,3539,1589,1944,0,0,4,2,3539,0,1310
대전광역시,서구,둔산1동,소계,12102,10095,5810,4246,5,1,16,5,10083,12,2007
대전광역시,서구,,둔산1동제1투,3199,2580,1583,988,2,0,2,2,2577,3,619
대전광역시,서구,,둔산1동제2투,2774,2353,1319,1025,1,0,4,2,2351,2,421
대전광역시,서구,,둔산1동제3투,3307,2768,1500,1254,2,1,6,0,2763,5,539
대전광역시,서구,,둔산1동제4투,2822,2394,1408,979,0,0,4,1,2392,2,428
대전광역시,서구,둔산2동,소계,28452,23446,10326,12994,6,14,50,19,23409,37,5006
대전광역시,서구,,둔산2동제1투,4522,3777,1738,2022,0,1,5,3,3769,8,745
대전광역시,서구,,둔산2동제2투,4460,3751,1606,2123,1,2,8,4,3744,7,709
대전광역시,서구,,둔산2동제3투,4738,3988,1873,2096,0,2,8,2,3981,7,750
대전광역시,서구,,둔산2동제4투,3756,3144,1566,1564,1,1,7,3,3142,2,612
대전광역시,서구,,둔산2동제5투,3776,3262,1383,1850,0,6,15,3,3257,5,514
대전광역시,서구,,둔산2동제6투,3743,3248,1230,2006,3,1,3,1,3244,4,495
대전광역시,서구,,둔산2동제7투,3457,2276,930,1333,1,1,4,3,2272,4,1181
대전광역시,서구,둔산3동,소계,16938,13546,7431,6067,5,0,14,4,13521,25,3392
대전광역시,서구,,둔산3동제1투,2966,2417,1273,1138,1,0,1,0,2413,4,549
대전광역시,서구,,둔산3동제2투,3883,3306,1857,1430,1,0,9,0,3297,9,577
대전광역시,서구,,둔산3동제3투,3232,2724,1629,1091,0,0,1,1,2722,2,508
대전광역시,서구,,둔산3동제4투,4451,3405,1794,1602,0,0,1,1,3398,7,1046
대전광역시,서구,,둔산3동제5투,2406,1694,878,806,3,0,2,2,1691,3,712
대전광역시,서구,괴정동,소계,16535,11067,5142,5863,4,8,12,15,11044,23,5468
대전광역시,서구,,괴정동제1투,4712,3060,1445,1599,2,1,1,1,3049,11,1652
대전광역시,서구,,괴정동제2투,5374,3326,1460,1849,0,1,4,8,3322,4,2048
대전광역시,서구,,괴정동제3투,3441,2397,1122,1256,2,4,5,3,2392,5,1044
대전광역시,서구,,괴정동제4투,3008,2284,1115,1159,0,2,2,3,2281,3,724
대전광역시,서구,가장동,소계,10815,8499,4534,3920,1,4,11,10,8480,19,2316
대전광역시,서구,,가장동제1투,2073,1481,814,660,0,0,2,1,1477,4,592
대전광역시,서구,,가장동제2투,2556,1917,1017,884,1,1,4,3,1910,7,639
대전광역시,서구,,가장동제3투,3478,2932,1566,1353,0,2,3,3,2927,5,546
대전광역시,서구,,가장동제4투,2708,2169,1137,1023,0,1,2,3,2166,3,539
대전광역시,서구,내동,소계,19817,15583,8049,7463,3,2,21,16,15554,29,4234
대전광역시,서구,,내동제1투,2983,2223,1098,1108,0,0,3,8,2217,6,760
대전광역시,서구,,내동제2투,3089,2169,1184,974,0,0,5,1,2164,5,920
대전광역시,서구,,내동제3투,4843,3682,1851,1815,1,1,4,4,3676,6,1161
대전광역시,서구,,내동제4투,3996,3387,1868,1508,2,1,3,0,3382,5,609
대전광역시,서구,,내동제5투,4906,4122,2048,2058,0,0,6,3,4115,7,784
대전광역시,서구,갈마1동,소계,19271,13934,6793,7096,1,7,12,7,13916,18,5337
대전광역시,서구,,갈마1동제1투,3576,2998,1617,1373,0,3,0,0,2993,5,578
대전광역시,서구,,갈마1동제2투,3634,2844,1481,1357,0,0,2,2,2842,2,790
대전광역시,서구,,갈마1동제3투,4301,2798,1326,1463,0,1,4,2,2796,2,1503
대전광역시,서구,,갈마1동제4투,3809,2579,1211,1354,1,1,5,1,2573,6,1230
대전광역시,서구,,갈마1동제5투,3951,2715,1158,1549,0,2,1,2,2712,3,1236
대전광역시,서구,갈마2동,소계,21660,15065,6777,8198,7,13,12,18,15025,40,6595
대전광역시,서구,,갈마2동제1투,4519,2579,1095,1470,1,4,2,2,2574,5,1940
대전광역시,서구,,갈마2동제2투,4719,3731,1633,2078,2,2,3,2,3720,11,988
대전광역시,서구,,갈마2동제3투,4204,3174,1396,1760,1,1,2,4,3164,10,1030
대전광역시,서구,,갈마2동제4투,3921,2536,1163,1355,2,3,3,6,2532,4,1385
대전광역시,서구,,갈마2동제5투,4297,3045,1490,1535,1,3,2,4,3035,10,1252
대전광역시,서구,월평1동,소계,10217,6868,3173,3662,1,2,10,8,6856,12,3349
대전광역시,서구,,월평1동제1투,3381,2206,1056,1139,0,1,5,2,2203,3,1175
대전광역시,서구,,월평1동제2투,3713,2696,1213,1467,1,0,5,4,2690,6,1017
대전광역시,서구,,월평1동제3투,3123,1966,904,1056,0,1,0,2,1963,3,1157
대전광역시,서구,월평2동,소계,14607,11483,6049,5361,3,4,19,14,11450,33,3124
대전광역시,서구,,월평2동제1투,3124,2234,1138,1075,1,2,4,4,2224,10,890
대전광역시,서구,,월평2동제2투,4089,3430,1749,1667,1,0,5,2,3424,6,659
대전광역시,서구,,월평2동제3투,3240,2360,1218,1118,1,2,5,7,2351,9,880
대전광역시,서구,,월평2동제4투,4154,3459,1944,1501,0,0,5,1,3451,8,695
대전광역시,서구,월평3동,소계,18265,15370,7549,7757,1,7,30,6,15350,20,2895
대전광역시,서구,,월평3동제1투,2967,2420,1113,1301,0,1,3,0,2418,2,547
대전광역시,서구,,월평3동제2투,3032,2526,1192,1320,0,2,7,1,2522,4,506
대전광역시,서구,,월평3동제3투,4478,3849,1814,2022,1,1,6,1,3845,4,629
대전광역시,서구,,월평3동제4투,4339,3665,2090,1557,0,1,7,3,3658,7,674
대전광역시,서구,,월평3동제5투,3449,2910,1340,1557,0,2,7,1,2907,3,539
대전광역시,서구,만년동,소계,10981,8954,3859,5049,2,3,22,5,8940,14,2027
대전광역시,서구,,만년동제1투,4888,3753,1528,2206,0,2,13,1,3750,3,1135
대전광역시,서구,,만년동제2투,2463,2087,795,1282,0,0,4,1,2082,5,376
대전광역시,서구,,만년동제3투,3630,3114,1536,1561,2,1,5,3,3108,6,516
대전광역시,서구,가수원동,소계,16462,12932,6283,6593,4,3,14,11,12908,24,3530
대전광역시,서구,,가수원동제1투,2826,2138,1169,957,2,0,3,1,2132,6,688
대전광역시,서구,,가수원동제2투,3785,2938,1587,1341,0,0,3,2,2933,5,847
대전광역시,서구,,가수원동제3투,3885,2919,1451,1456,1,1,3,4,2916,3,966
대전광역시,서구,,가수원동제4투,2648,2205,883,1311,0,1,4,1,2200,5,443
대전광역시,서구,,가수원동제5투,3318,2732,1193,1528,1,1,1,3,2727,5,586
대전광역시,서구,관저1동,소계,11823,9441,4404,4985,1,9,11,7,9417,24,2382
대전광역시,서구,,관저1동제1투,3720,2896,1263,1612,1,1,3,4,2884,12,824
대전광역시,서구,,관저1동제2투,3159,2664,1406,1244,0,5,4,0,2659,5,495
대전광역시,서구,,관저1동제3투,4944,3881,1735,2129,0,3,4,3,3874,7,1063
대전광역시,서구,관저2동,소계,22016,17677,7671,9935,1,8,23,9,17647,30,4339
대전광역시,서구,,관저2동제1투,4857,3849,1851,1988,0,0,4,1,3844,5,1008
대전광역시,서구,,관저2동제2투,4674,3793,1634,2141,0,2,7,2,3786,7,881
대전광역시,서구,,관저2동제3투,4155,3246,1272,1962,0,1,3,2,3240,6,909
대전광역시,서구,,관저2동제4투,4549,3581,1526,2043,1,2,0,0,3572,9,968
대전광역시,서구,,관저2동제5투,3781,3208,1388,1801,0,3,9,4,3205,3,573
대전광역시,서구,기성동,소계,3651,2687,1633,944,11,5,7,24,2624,63,964
대전광역시,서구,,기성동제1투,875,630,412,207,1,0,1,4,625,5,245
대전광역시,서구,,기성동제2투,1337,952,587,333,3,3,4,12,942,10,385
대전광역시,서구,,기성동제3투,1439,1105,634,404,7,2,2,8,1057,48,334
대전광역시,서구,잘못 투입·구분된 투표지,,0,0,0,0,0,0,0,0,0,0,0
대전광역시,유성구,소계,,225936,179329,81928,96401,55,92,282,147,178905,424,46607
대전광역시,유성구,재외투표,,1282,923,317,595,0,1,3,0,916,7,359
대전광역시,유성구,국내부재자투표,,7395,6768,3039,3563,12,12,18,18,6662,106,627
대전광역시,유성구,소계,,217259,171638,78572,92243,43,79,261,129,171327,311,45621
대전광역시,유성구,진잠동,소계,24305,18327,8959,9264,5,10,20,18,18276,51,5978
대전광역시,유성구,,진잠동제1투,4226,2903,1497,1393,0,1,2,3,2896,7,1323
대전광역시,유성구,,진잠동제2투,3244,2620,1240,1364,0,3,4,0,2611,9,624
대전광역시,유성구,,진잠동제3투,3144,2525,1189,1320,1,2,4,5,2521,4,619
대전광역시,유성구,,진잠동제4투,3064,1860,1056,782,3,2,3,6,1852,8,1204
대전광역시,유성구,,진잠동제5투,536,390,235,150,1,0,1,1,388,2,146
대전광역시,유성구,,진잠동제6투,717,555,315,237,0,0,0,0,552,3,162
대전광역시,유성구,,진잠동제7투,3879,2993,1359,1621,0,1,0,2,2983,10,886
대전광역시,유성구,,진잠동제8투,3261,2648,1158,1479,0,0,6,1,2644,4,613
대전광역시,유성구,,진잠동제9투,2234,1833,910,918,0,1,0,0,1829,4,401
대전광역시,유성구,온천1동,소계,41579,31255,15405,15713,6,9,34,14,31181,74,10324
대전광역시,유성구,,온천1동제1투,4488,3145,1681,1447,1,0,4,1,3134,11,1343
대전광역시,유성구,,온천1동제2투,4952,3516,1845,1656,1,1,3,2,3508,8,1436
대전광역시,유성구,,온천1동제3투,3410,2620,1457,1143,0,2,5,3,2610,10,790
대전광역시,유성구,,온천1동제4투,4830,3217,1736,1470,0,1,0,1,3208,9,1613
대전광역시,유성구,,온천1동제5투,3638,3016,1530,1476,0,0,4,0,3010,6,622
대전광역시,유성구,,온천1동제6투,2151,1559,689,865,1,2,0,0,1557,2,592
대전광역시,유성구,,온천1동제7투,2714,2059,965,1084,0,1,2,1,2053,6,655
대전광역시,유성구,,온천1동제8투,1936,1645,786,855,0,1,1,0,1643,2,291
대전광역시,유성구,,온천1동제9투,3699,2797,1258,1527,1,1,1,4,2792,5,902
대전광역시,유성구,,온천1동제10투,2924,1886,790,1088,2,0,2,0,1882,4,1038
대전광역시,유성구,,온천1동제11투,4434,3771,1942,1809,0,0,7,2,3760,11,663
대전광역시,유성구,,온천1동제12투,2403,2024,726,1293,0,0,5,0,2024,0,379
대전광역시,유성구,온천2동,소계,25454,19582,9139,10332,8,10,38,20,19547,35,5872
대전광역시,유성구,,온천2동제1투,4367,2966,1550,1403,1,0,4,4,2962,4,1401
대전광역시,유성구,,온천2동제2투,5223,3936,2114,1802,2,0,8,4,3930,6,1287
대전광역시,유성구,,온천2동제3투,3101,2247,962,1267,2,2,3,2,2238,9,854
대전광역시,유성구,,온천2동제4투,3014,2481,1124,1348,0,2,5,1,2480,1,533
대전광역시,유성구,,온천2동제5투,2891,2448,1056,1371,1,1,9,3,2441,7,443
대전광역시,유성구,,온천2동제6투,3481,2910,1161,1729,1,3,7,3,2904,6,571
대전광역시,유성구,,온천2동제7투,3377,2594,1172,1412,1,2,2,3,2592,2,783
대전광역시,유성구,노은1동,소계,16302,13172,6018,7101,1,5,17,7,13149,23,3130
대전광역시,유성구,,노은1동제1투,3548,2818,1061,1747,1,0,4,1,2814,4,730
대전광역시,유성구,,노은1동제2투,3987,3418,1720,1686,0,0,3,3,3412,6,569
대전광역시,유성구,,노은1동제3투,4637,3718,1571,2136,0,2,4,2,3715,3,919
대전광역시,유성구,,노은1동제4투,4130,3218,1666,1532,0,3,6,1,3208,10,912
대전광역시,유성구,노은2동,소계,30592,25148,10943,14102,10,5,41,14,25115,33,5444
대전광역시,유성구,,노은2동제1투,4356,3723,1657,2048,4,0,6,4,3719,4,633
대전광역시,유성구,,노은2동제2투,4110,3400,1419,1969,0,0,4,5,3397,3,710
대전광역시,유성구,,노은2동제3투,3770,3139,1396,1732,0,0,5,1,3134,5,631
대전광역시,유성구,,노은2동제4투,3346,2569,1152,1408,2,0,7,0,2569,0,777
대전광역시,유성구,,노은2동제5투,3772,3042,1234,1794,2,1,5,1,3037,5,730
대전광역시,유성구,,노은2동제6투,3183,2657,1350,1298,1,0,1,1,2651,6,526
대전광역시,유성구,,노은2동제7투,3431,2938,1183,1748,0,1,4,1,2937,1,493
대전광역시,유성구,,노은2동제8투,1828,1593,619,964,1,1,6,0,1591,2,235
대전광역시,유성구,,노은2동제9투,2796,2087,933,1141,0,2,3,1,2080,7,709
대전광역시,유성구,신성동,소계,18461,14994,7453,7447,8,9,39,13,14969,25,3467
대전광역시,유성구,,신성동제1투,2468,1883,792,1080,2,0,3,2,1879,4,585
대전광역시,유성구,,신성동제2투,2894,2391,1021,1354,1,0,7,4,2387,4,503
대전광역시,유성구,,신성동제3투,3946,3142,1179,1943,1,5,8,1,3137,5,804
대전광역시,유성구,,신성동제4투,3374,2842,1227,1597,1,1,8,1,2835,7,532
대전광역시,유성구,,신성동제5투,4114,3375,2336,1021,2,2,5,5,3371,4,739
대전광역시,유성구,,신성동제6투,1665,1361,898,452,1,1,8,0,1360,1,304
대전광역시,유성구,전민동,소계,18026,14934,6451,8426,1,1,22,10,14911,23,3092
대전광역시,유성구,,전민동제1투,3386,2801,1047,1744,0,0,5,1,2797,4,585
대전광역시,유성구,,전민동제2투,4351,3434,1452,1969,0,0,6,3,3430,4,917
대전광역시,유성구,,전민동제3투,3268,2777,1169,1598,1,0,3,2,2773,4,491
대전광역시,유성구,,전민동제4투,3206,2674,1270,1393,0,0,5,2,2670,4,532
대전광역시,유성구,,전민동제5투,3815,3248,1513,1722,0,1,3,2,3241,7,567
대전광역시,유성구,구즉동,소계,22459,17482,7136,10248,3,21,23,23,17454,28,4977
대전광역시,유성구,,구즉동제1투,1956,1299,528,760,0,1,2,4,1295,4,657
대전광역시,유성구,,구즉동제2투,735,510,296,208,1,0,1,3,509,1,225
대전광역시,유성구,,구즉동제3투,522,393,238,155,0,0,0,0,393,0,129
대전광역시,유성구,,구즉동제4투,3129,2210,982,1206,0,1,7,6,2202,8,919
대전광역시,유성구,,구즉동제5투,4392,3610,1495,2102,1,4,3,3,3608,2,782
대전광역시,유성구,,구즉동제6투,3803,3034,1124,1891,1,7,3,3,3029,5,769
대전광역시,유성구,,구즉동제7투,3671,3019,1108,1892,0,6,5,3,3014,5,652
대전광역시,유성구,,구즉동제8투,4251,3407,1365,2034,0,2,2,1,3404,3,844
대전광역시,유성구,관평동,소계,20081,16744,7068,9610,1,9,27,10,16725,19,3337
대전광역시,유성구,,관평동제1투,3477,2981,1087,1883,0,2,6,1,2979,2,496
대전광역시,유성구,,관평동제2투,2998,2567,1019,1538,0,0,2,4,2563,4,431
대전광역시,유성구,,관평동제3투,4371,3738,1496,2223,1,2,8,4,3734,4,633
대전광역시,유성구,,관평동제4투,3896,3186,1717,1452,0,2,7,0,3178,8,710
대전광역시,유성구,,관평동제5투,5339,4272,1749,2514,0,3,4,1,4271,1,1067
대전광역시,대덕구,소계,,160418,121479,61558,59023,44,78,165,169,121037,442,38939
대전광역시,대덕구,재외투표,,466,327,107,215,1,0,1,0,324,3,139
대전광역시,대덕구,국내부재자투표,,4139,3799,1751,1933,10,6,15,20,3735,64,340
대전광역시,대덕구,소계,,155813,117353,59700,56875,33,72,149,149,116978,375,38460
대전광역시,대덕구,오정동,소계,15833,11480,6085,5334,1,5,14,16,11455,25,4353
대전광역시,대덕구,,오정동제1투,2835,2055,1123,926,0,0,1,4,2054,1,780
대전광역시,대덕구,,오정동제2투,1856,1306,727,570,0,0,4,1,1302,4,550
대전광역시,대덕구,,오정동제3투,2607,1821,838,969,0,5,2,3,1817,4,786
대전광역시,대덕구,,오정동제4투,2787,2019,1132,873,1,0,1,5,2012,7,768
대전광역시,대덕구,,오정동제5투,3234,2586,1361,1218,0,0,2,0,2581,5,648
대전광역시,대덕구,,오정동제6투,2514,1693,904,778,0,0,4,3,1689,4,821
대전광역시,대덕구,대화동,소계,7930,5682,3063,2472,6,11,11,17,5580,102,2248
대전광역시,대덕구,,대화동제1투,2518,1745,915,706,6,8,7,13,1655,90,773
대전광역시,대덕구,,대화동제2투,2207,1603,912,683,0,1,0,2,1598,5,604
대전광역시,대덕구,,대화동제3투,3205,2334,1236,1083,0,2,4,2,2327,7,871
대전광역시,대덕구,회덕동,소계,14017,10528,5657,4803,3,6,17,15,10501,27,3489
대전광역시,대덕구,,회덕동제1투,3391,2649,1358,1274,1,2,7,2,2644,5,742
대전광역시,대덕구,,회덕동제2투,2806,1994,1067,911,0,1,5,6,1990,4,812
대전광역시,대덕구,,회덕동제3투,3332,2387,1283,1089,0,2,2,2,2378,9,945
대전광역시,대덕구,,회덕동제4투,3711,2940,1602,1323,1,1,2,3,2932,8,771
대전광역시,대덕구,,회덕동제5투,777,558,347,206,1,0,1,2,557,1,219
대전광역시,대덕구,비래동,소계,14650,11199,5833,5310,4,5,11,13,11176,23,3451
대전광역시,대덕구,,비래동제1투,3048,2271,1255,1006,0,2,2,3,2268,3,777
대전광역시,대덕구,,비래동제2투,2733,2089,1111,969,1,0,1,3,2085,4,644
대전광역시,대덕구,,비래동제3투,2939,2217,1140,1062,3,1,3,3,2212,5,722
대전광역시,대덕구,,비래동제4투,3326,2570,1339,1221,0,1,2,2,2565,5,756
대전광역시,대덕구,,비래동제5투,2604,2052,988,1052,0,1,3,2,2046,6,552
대전광역시,대덕구,송촌동,소계,21852,17279,8088,9111,3,8,23,13,17246,33,4573
대전광역시,대덕구,,송촌동제1투,3608,3055,1409,1627,0,2,9,5,3052,3,553
대전광역시,대덕구,,송촌동제2투,3921,3097,1371,1716,0,1,3,2,3093,4,824
대전광역시,대덕구,,송촌동제3투,3606,2984,1260,1711,1,0,1,2,2975,9,622
대전광역시,대덕구,,송촌동제4투,3835,3132,1467,1653,1,2,3,0,3126,6,703
대전광역시,대덕구,,송촌동제5투,2022,1459,712,738,1,0,3,2,1456,3,563
대전광역시,대덕구,,송촌동제6투,2325,1636,895,730,0,2,3,2,1632,4,689
대전광역시,대덕구,,송촌동제7투,2535,1916,974,936,0,1,1,0,1912,4,619
대전광역시,대덕구,중리동,소계,18873,13306,6791,6441,4,6,22,16,13280,26,5567
대전광역시,대덕구,,중리동제1투,2773,1922,1066,844,1,2,3,1,1917,5,851
대전광역시,대덕구,,중리동제2투,1997,1454,715,728,0,1,1,4,1449,5,543
대전광역시,대덕구,,중리동제3투,2621,1807,906,891,0,1,4,3,1805,2,814
대전광역시,대덕구,,중리동제4투,2923,2179,1079,1085,2,1,3,4,2174,5,744
대전광역시,대덕구,,중리동제5투,2839,1932,969,955,0,0,5,2,1931,1,907
대전광역시,대덕구,,중리동제6투,3002,2160,1159,990,1,1,4,1,2156,4,842
대전광역시,대덕구,,중리동제7투,2718,1852,897,948,0,0,2,1,1848,4,866
대전광역시,대덕구,법1동,소계,11161,8409,4213,4153,1,5,6,7,8385,24,2752
대전광역시,대덕구,,법1동제1투,2011,1450,679,765,0,0,1,2,1447,3,561
대전광역시,대덕구,,법1동제2투,2832,2134,948,1176,1,3,2,0,2130,4,698
대전광역시,대덕구,,법1동제3투,3765,3040,1559,1469,0,2,2,2,3034,6,725
대전광역시,대덕구,,법1동제4투,2553,1785,1027,743,0,0,1,3,1774,11,768
대전광역시,대덕구,법2동,소계,15009,12100,6161,5866,3,8,18,12,12068,32,2909
대전광역시,대덕구,,법2동제1투,2702,1974,1108,841,3,3,3,5,1963,11,728
대전광역시,대덕구,,법2동제2투,4455,3734,1986,1734,0,0,5,3,3728,6,721
대전광역시,대덕구,,법2동제3투,4422,3673,1806,1847,0,3,6,2,3664,9,749
대전광역시,대덕구,,법2동제4투,994,690,402,283,0,1,2,1,689,1,304
대전광역시,대덕구,,법2동제5투,2436,2029,859,1161,0,1,2,1,2024,5,407
대전광역시,대덕구,신탄진동,소계,10505,7812,4197,3570,2,2,10,10,7791,21,2693
대전광역시,대덕구,,신탄진동제1투,3186,2209,1206,995,0,0,4,1,2206,3,977
대전광역시,대덕구,,신탄진동제2투,3359,2654,1365,1274,0,1,2,5,2647,7,705
대전광역시,대덕구,,신탄진동제3투,3331,2487,1361,1110,2,1,3,2,2479,8,844
대전광역시,대덕구,,신탄진동제4투,629,462,265,191,0,0,1,2,459,3,167
대전광역시,대덕구,석봉동,소계,7904,6103,3092,2973,2,4,2,9,6082,21,1801
대전광역시,대덕구,,석봉동제1투,2957,2239,1223,1000,0,2,1,4,2230,9,718
대전광역시,대덕구,,석봉동제2투,2207,1644,950,681,2,1,1,1,1636,8,563
대전광역시,대덕구,,석봉동제3투,2740,2220,919,1292,0,1,0,4,2216,4,520
대전광역시,대덕구,덕암동,소계,12683,9416,4615,4731,2,7,13,17,9385,31,3267
대전광역시,대덕구,,덕암동제1투,3478,2495,1297,1170,0,4,4,7,2482,13,983
대전광역시,대덕구,,덕암동제2투,4123,3151,1510,1623,1,0,5,3,3142,9,972
대전광역시,대덕구,,덕암동제3투,3511,2513,1298,1198,1,3,0,6,2506,7,998
대전광역시,대덕구,,덕암동제4투,1571,1257,510,740,0,0,4,1,1255,2,314
대전광역시,대덕구,목상동,소계,5396,4039,1905,2111,2,5,2,4,4029,10,1357
대전광역시,대덕구,,목상동제1투,2570,1834,901,928,0,1,1,1,1832,2,736
대전광역시,대덕구,,목상동제2투,2826,2205,1004,1183,2,4,1,3,2197,8,621
울산광역시,합계,,,886061,694938,413977,275451,210,434,898,1463,692433,2505,191123
울산광역시,중구,소계,,185086,144599,90238,53304,41,74,148,285,144090,509,40487
울산광역시,중구,재외투표,,703,483,194,282,0,0,2,0,478,5,220
울산광역시,중구,국내부재자투표,,5670,5282,2522,2581,6,9,17,33,5168,114,388
울산광역시,중구,소계,,178713,138834,87522,50441,35,65,129,252,138444,390,39879
울산광역시,중구,학성동,소계,9947,7362,5104,2210,0,5,3,15,7337,25,2585
울산광역시,중구,,학성동제1투,2484,1740,1213,516,0,2,1,1,1733,7,744
울산광역시,중구,,학성동제2투,2524,1908,1358,534,0,2,0,4,1898,10,616
울산광역시,중구,,학성동제3투,2381,1866,1277,577,0,1,1,5,1861,5,515
울산광역시,중구,,학성동제4투,2558,1848,1256,583,0,0,1,5,1845,3,710
울산광역시,중구,반구1동,소계,13306,10033,6273,3677,5,8,16,21,10000,33,3273
울산광역시,중구,,반구1동제1투,2914,2044,1346,680,1,3,4,3,2037,7,870
울산광역시,중구,,반구1동제2투,3769,3005,1743,1229,1,2,10,9,2994,11,764
울산광역시,중구,,반구1동제3투,4006,3050,1960,1068,1,2,2,7,3040,10,956
울산광역시,중구,,반구1동제4투,2617,1934,1224,700,2,1,0,2,1929,5,683
울산광역시,중구,반구2동,소계,8261,6406,4146,2206,2,1,9,15,6379,27,1855
울산광역시,중구,,반구2동제1투,2993,2273,1471,779,0,1,4,6,2261,12,720
울산광역시,중구,,반구2동제2투,2900,2308,1496,795,1,0,2,4,2298,10,592
울산광역시,중구,,반구2동제3투,2368,1825,1179,632,1,0,3,5,1820,5,543
울산광역시,중구,복산1동,소계,8434,6243,4173,2033,2,3,2,16,6229,14,2191
울산광역시,중구,,복산1동제1투,3274,2470,1595,862,0,1,1,5,2464,6,804
울산광역시,중구,,복산1동제2투,3054,2197,1478,710,2,1,0,4,2195,2,857
울산광역시,중구,,복산1동제3투,2106,1576,1100,461,0,1,1,7,1570,6,530
울산광역시,중구,복산2동,소계,7758,6102,3809,2263,2,1,6,8,6089,13,1656
울산광역시,중구,,복산2동제1투,2851,2296,1382,895,0,0,5,7,2289,7,555
울산광역시,중구,,복산2동제2투,2876,2216,1382,828,0,1,1,1,2213,3,660
울산광역시,중구,,복산2동제3투,2031,1590,1045,540,2,0,0,0,1587,3,441
울산광역시,중구,북정동,소계,16404,12922,7579,5268,3,6,14,21,12891,31,3482
울산광역시,중구,,북정동제1투,2276,1652,1189,452,2,0,2,3,1648,4,624
울산광역시,중구,,북정동제2투,3688,2928,1671,1242,0,1,1,9,2924,4,760
울산광역시,중구,,북정동제3투,3413,2672,1550,1110,1,1,1,1,2664,8,741
울산광역시,중구,,북정동제4투,3612,2886,1613,1259,0,2,6,2,2882,4,726
울산광역시,중구,,북정동제5투,3415,2784,1556,1205,0,2,4,6,2773,11,631
울산광역시,중구,중앙동,소계,12492,9035,6473,2515,2,3,4,13,9010,25,3457
울산광역시,중구,,중앙동제1투,3754,2618,1935,673,0,0,1,1,2610,8,1136
울산광역시,중구,,중앙동제2투,3215,2410,1721,677,2,0,1,4,2405,5,805
울산광역시,중구,,중앙동제3투,2814,2006,1403,594,0,1,0,5,2003,3,808
울산광역시,중구,,중앙동제4투,2709,2001,1414,571,0,2,2,3,1992,9,708
울산광역시,중구,우정동,소계,18172,14329,9246,4989,3,6,9,26,14279,50,3843
울산광역시,중구,,우정동제1투,4161,3051,2069,962,1,3,1,6,3042,9,1110
울산광역시,중구,,우정동제2투,3048,2102,1509,577,0,0,1,4,2091,11,946
울산광역시,중구,,우정동제3투,2440,1907,1303,594,1,1,0,5,1904,3,533
울산광역시,중구,,우정동제4투,4187,3545,2139,1384,0,1,4,6,3534,11,642
울산광역시,중구,,우정동제5투,4336,3724,2226,1472,1,1,3,5,3708,16,612
울산광역시,중구,태화동,소계,20161,16355,10097,6182,1,4,14,25,16323,32,3806
울산광역시,중구,,태화동제1투,3018,2355,1568,774,0,1,3,4,2350,5,663
울산광역시,중구,,태화동제2투,2794,2145,1429,705,0,0,0,8,2142,3,649
울산광역시,중구,,태화동제3투,4215,3393,2141,1238,1,0,4,3,3387,6,822
울산광역시,중구,,태화동제4투,3152,2685,1568,1110,0,0,0,4,2682,3,467
울산광역시,중구,,태화동제5투,3482,2779,1750,1012,0,0,4,3,2769,10,703
울산광역시,중구,,태화동제6투,3500,2998,1641,1343,0,3,3,3,2993,5,502
울산광역시,중구,다운동,소계,23433,18197,11629,6447,5,8,21,36,18146,51,5236
울산광역시,중구,,다운동제1투,4386,3377,2194,1161,1,1,6,5,3368,9,1009
울산광역시,중구,,다운동제2투,3903,2883,1868,995,0,2,3,5,2873,10,1020
울산광역시,중구,,다운동제3투,3859,3094,1983,1095,1,2,0,8,3089,5,765
울산광역시,중구,,다운동제4투,3870,2950,1995,938,0,1,4,5,2943,7,920
울산광역시,중구,,다운동제5투,3702,2855,1885,951,1,1,3,4,2845,10,847
울산광역시,중구,,다운동제6투,3713,3038,1704,1307,2,1,5,9,3028,10,675
울산광역시,중구,병영1동,소계,20737,16206,9756,6360,4,7,15,22,16164,42,4531
울산광역시,중구,,병영1동제1투,3681,2651,1755,882,0,2,2,3,2644,7,1030
울산광역시,중구,,병영1동제2투,3223,2412,1531,865,1,0,3,5,2405,7,811
울산광역시,중구,,병영1동제3투,2855,2183,1367,801,0,1,0,5,2174,9,672
울산광역시,중구,,병영1동제4투,2969,2171,1482,668,2,1,2,7,2162,9,798
울산광역시,중구,,병영1동제5투,3378,2798,1540,1247,0,1,3,1,2792,6,580
울산광역시,중구,,병영1동제6투,4631,3991,2081,1897,1,2,5,1,3987,4,640
울산광역시,중구,병영2동,소계,13547,10443,6358,3996,5,9,11,26,10405,38,3104
울산광역시,중구,,병영2동제1투,3346,2609,1577,1010,1,5,3,6,2602,7,737
울산광역시,중구,,병영2동제2투,2144,1588,1023,550,1,1,2,5,1582,6,556
울산광역시,중구,,병영2동제3투,2132,1563,969,583,0,1,0,5,1558,5,569
울산광역시,중구,,병영2동제4투,2429,1820,1216,582,2,2,2,6,1810,10,609
울산광역시,중구,,병영2동제5투,3496,2863,1573,1271,1,0,4,4,2853,10,633
울산광역시,중구,약사동,소계,6061,5201,2879,2295,1,4,5,8,5192,9,860
울산광역시,중구,,약사동제1투,3034,2643,1470,1156,1,2,3,5,2637,6,391
울산광역시,중구,,약사동제2투,3027,2558,1409,1139,0,2,2,3,2555,3,469
울산광역시,남구,소계,,269354,211458,129515,80536,52,88,291,361,210843,615,57896
울산광역시,남구,재외투표,,1042,710,314,385,2,2,2,0,705,5,332
울산광역시,남구,국내부재자투표,,8480,7859,3817,3851,9,10,17,44,7748,111,621
울산광역시,남구,소계,,259832,202889,125384,76300,41,76,272,317,202390,499,56943
울산광역시,남구,신정1동,소계,16511,12547,8581,3893,4,3,14,16,12511,36,3964
울산광역시,남구,,신정1동제1투,4339,2939,2094,825,0,2,1,3,2925,14,1400
울산광역시,남구,,신정1동제2투,4055,3039,2153,867,1,0,3,6,3030,9,1016
울산광역시,남구,,신정1동제3투,4110,3313,2171,1121,1,1,8,4,3306,7,797
울산광역시,남구,,신정1동제4투,4007,3256,2163,1080,2,0,2,3,3250,6,751
울산광역시,남구,신정2동,소계,16856,13491,8742,4676,2,2,20,23,13465,26,3365
울산광역시,남구,,신정2동제1투,3489,2537,1741,783,0,0,3,4,2531,6,952
울산광역시,남구,,신정2동제2투,3152,2519,1464,1042,1,2,3,5,2517,2,633
울산광역시,남구,,신정2동제3투,3180,2479,1710,755,0,0,3,5,2473,6,701
울산광역시,남구,,신정2동제4투,4384,3650,2324,1307,0,0,6,5,3642,8,734
울산광역시,남구,,신정2동제5투,2651,2306,1503,789,1,0,5,4,2302,4,345
울산광역시,남구,신정3동,소계,12136,9094,6032,2997,1,9,17,12,9068,26,3042
울산광역시,남구,,신정3동제1투,3427,2453,1735,699,1,4,5,6,2450,3,974
울산광역시,남구,,신정3동제2투,4069,3275,1938,1317,0,2,8,0,3265,10,794
울산광역시,남구,,신정3동제3투,4640,3366,2359,981,0,3,4,6,3353,13,1274
울산광역시,남구,신정4동,소계,18902,15206,9229,5904,3,3,11,26,15176,30,3696
울산광역시,남구,,신정4동제1투,3965,3328,1935,1381,0,0,2,3,3321,7,637
울산광역시,남구,,신정4동제2투,3330,2627,1738,873,1,1,4,5,2622,5,703
울산광역시,남구,,신정4동제3투,3121,2521,1615,894,2,2,0,3,2516,5,600
울산광역시,남구,,신정4동제4투,2292,1765,1170,585,0,0,0,4,1759,6,527
울산광역시,남구,,신정4동제5투,2878,2163,1271,886,0,0,1,4,2162,1,715
울산광역시,남구,,신정4동제6투,3316,2802,1500,1285,0,0,4,7,2796,6,514
울산광역시,남구,신정5동,소계,7156,5267,3522,1713,1,1,9,12,5258,9,1889
울산광역시,남구,,신정5동제1투,3844,2901,1918,966,0,1,6,6,2897,4,943
울산광역시,남구,,신정5동제2투,3312,2366,1604,747,1,0,3,6,2361,5,946
울산광역시,남구,달동,소계,23709,18045,11045,6885,3,6,28,31,17998,47,5664
울산광역시,남구,,달동제1투,5098,3605,2276,1310,1,0,8,4,3599,6,1493
울산광역시,남구,,달동제2투,3754,2750,1816,910,0,2,5,6,2739,11,1004
울산광역시,남구,,달동제3투,3106,2506,1483,1017,0,1,1,1,2503,3,600
울산광역시,남구,,달동제4투,3420,2462,1655,781,1,3,2,7,2449,13,958
울산광역시,남구,,달동제5투,3950,3118,1754,1341,1,0,7,10,3113,5,832
울산광역시,남구,,달동제6투,4381,3604,2061,1526,0,0,5,3,3595,9,777
울산광역시,남구,삼산동,소계,37929,28152,16290,11709,6,15,31,30,28081,71,9777
울산광역시,남구,,삼산동제1투,4783,3631,2086,1528,0,3,4,3,3624,7,1152
울산광역시,남구,,삼산동제2투,3880,2895,1805,1073,2,3,3,1,2887,8,985
울산광역시,남구,,삼산동제3투,3569,2737,1729,989,1,3,6,3,2731,6,832
울산광역시,남구,,삼산동제4투,4365,2426,1506,915,0,0,0,1,2422,4,1939
울산광역시,남구,,삼산동제5투,3655,2776,1476,1283,0,0,3,1,2763,13,879
울산광역시,남구,,삼산동제6투,4783,3825,2093,1709,1,0,5,5,3813,12,958
울산광역시,남구,,삼산동제7투,3477,2926,1430,1478,0,3,3,5,2919,7,551
울산광역시,남구,,삼산동제8투,4389,3254,1996,1238,2,2,3,5,3246,8,1135
울산광역시,남구,,삼산동제9투,5028,3682,2169,1496,0,1,4,6,3676,6,1346
울산광역시,남구,삼호동,소계,18319,14120,8823,5207,5,6,23,23,14087,33,4199
울산광역시,남구,,삼호동제1투,2710,1978,1321,648,0,0,2,1,1972,6,732
울산광역시,남구,,삼호동제2투,3871,2916,1915,982,0,2,4,6,2909,7,955
울산광역시,남구,,삼호동제3투,3660,2712,1824,873,1,0,6,4,2708,4,948
울산광역시,남구,,삼호동제4투,3853,2948,1802,1124,2,2,9,1,2940,8,905
울산광역시,남구,,삼호동제5투,4225,3566,1961,1580,2,2,2,11,3558,8,659
울산광역시,남구,무거동,소계,27077,21845,12579,9137,3,4,35,31,21789,56,5232
울산광역시,남구,,무거동제1투,3483,2621,1638,963,0,0,4,4,2609,12,862
울산광역시,남구,,무거동제2투,2914,2285,1422,844,0,0,7,6,2279,6,629
울산광역시,남구,,무거동제3투,4056,3339,1928,1396,0,1,4,2,3331,8,717
울산광역시,남구,,무거동제4투,3625,2995,1549,1427,1,0,7,6,2990,5,630
울산광역시,남구,,무거동제5투,4205,3277,2024,1238,1,1,2,3,3269,8,928
울산광역시,남구,,무거동제6투,4709,3927,2114,1788,1,1,8,4,3916,11,782
울산광역시,남구,,무거동제7투,4085,3401,1904,1481,0,1,3,6,3395,6,684
울산광역시,남구,옥동,소계,20350,17020,10374,6556,3,6,19,17,16975,45,3330
울산광역시,남구,,옥동제1투,3419,2694,1771,906,1,2,1,5,2686,8,725
울산광역시,남구,,옥동제2투,3825,3258,1979,1265,0,1,4,3,3252,6,567
울산광역시,남구,,옥동제3투,3069,2634,1526,1099,1,0,3,2,2631,3,435
울산광역시,남구,,옥동제4투,3348,2773,1631,1123,0,1,4,3,2762,11,575
울산광역시,남구,,옥동제5투,3588,3018,1887,1117,0,1,3,4,3012,6,570
울산광역시,남구,,옥동제6투,3101,2643,1580,1046,1,1,4,0,2632,11,458
울산광역시,남구,야음장생포동,소계,11485,8433,5977,2392,2,1,11,21,8404,29,3052
울산광역시,남구,,야음장생포동제1투,3801,2639,1905,718,0,0,4,4,2631,8,1162
울산광역시,남구,,야음장생포동제2투,2821,2148,1466,667,1,1,2,5,2142,6,673
울산광역시,남구,,야음장생포동제3투,3609,2694,1876,798,1,0,3,6,2684,10,915
울산광역시,남구,,야음장생포동제4투,1254,952,730,209,0,0,2,6,947,5,302
울산광역시,남구,대현동,소계,23383,18698,11418,7166,2,8,30,38,18662,36,4685
울산광역시,남구,,대현동제1투,4359,3362,2124,1221,0,0,9,3,3357,5,997
울산광역시,남구,,대현동제2투,4070,3496,2047,1428,0,2,8,6,3491,5,574
울산광역시,남구,,대현동제3투,4409,3600,2133,1447,0,1,4,11,3596,4,809
울산광역시,남구,,대현동제4투,3830,3052,1806,1229,0,0,3,6,3044,8,778
울산광역시,남구,,대현동제5투,4283,3357,2057,1279,1,3,3,9,3352,5,926
울산광역시,남구,,대현동제6투,2432,1831,1251,562,1,2,3,3,1822,9,601
울산광역시,남구,수암동,소계,13135,10819,6469,4280,4,6,16,14,10789,30,2316
울산광역시,남구,,수암동제1투,2925,2374,1395,966,2,0,2,3,2368,6,551
울산광역시,남구,,수암동제2투,3279,2595,1599,972,0,4,7,5,2587,8,684
울산광역시,남구,,수암동제3투,3882,3289,1983,1294,1,0,0,4,3282,7,593
울산광역시,남구,,수암동제4투,3049,2561,1492,1048,1,2,7,2,2552,9,488
울산광역시,남구,선암동,소계,12884,10152,6303,3785,2,6,8,23,10127,25,2732
울산광역시,남구,,선암동제1투,3004,2099,1473,609,0,1,0,5,2088,11,905
울산광역시,남구,,선암동제2투,4266,3450,1993,1436,1,5,3,7,3445,5,816
울산광역시,남구,,선암동제3투,2690,2221,1415,791,0,0,3,5,2214,7,469
울산광역시,남구,,선암동제4투,2924,2382,1422,949,1,0,2,6,2380,2,542
울산광역시,동구,소계,,137363,107305,58969,47401,40,81,150,266,106907,398,30058
울산광역시,동구,재외투표,,450,305,123,179,0,0,0,1,303,2,145
울산광역시,동구,국내부재자투표,,3764,3489,1575,1811,8,5,8,21,3428,61,275
울산광역시,동구,소계,,133149,103511,57271,45411,32,76,142,244,103176,335,29638
울산광역시,동구,방어동,소계,31682,23512,13422,9909,11,11,26,48,23427,85,8170
울산광역시,동구,,방어동제1투,4205,2969,1904,1047,2,1,3,4,2961,8,1236
울산광역시,동구,,방어동제2투,4923,3557,2199,1324,2,6,3,9,3543,14,1366
울산광역시,동구,,방어동제3투,3508,2547,1472,1057,4,0,2,4,2539,8,961
울산광역시,동구,,방어동제4투,3508,2656,1466,1165,3,0,2,3,2639,17,852
울산광역시,동구,,방어동제5투,3999,3091,1724,1339,0,1,4,8,3076,15,908
울산광역시,동구,,방어동제6투,3960,3078,1592,1462,0,1,4,10,3069,9,882
울산광역시,동구,,방어동제7투,3907,3026,1615,1387,0,2,4,6,3014,12,881
울산광역시,동구,,방어동제8투,3672,2588,1450,1128,0,0,4,4,2586,2,1084
울산광역시,동구,일산동,소계,6470,4630,2926,1668,2,2,8,8,4614,16,1840
울산광역시,동구,,일산동제1투,3208,2258,1460,775,1,2,4,4,2246,12,950
울산광역시,동구,,일산동제2투,3262,2372,1466,893,1,0,4,4,2368,4,890
울산광역시,동구,화정동,소계,14529,10699,6335,4267,4,6,18,35,10665,34,3830
울산광역시,동구,,화정동제1투,1812,1277,828,443,0,0,0,5,1276,1,535
울산광역시,동구,,화정동제2투,3149,2226,1447,759,2,0,2,8,2218,8,923
울산광역시,동구,,화정동제3투,3699,2804,1470,1308,0,0,8,9,2795,9,895
울산광역시,동구,,화정동제4투,2532,1894,1155,713,2,3,3,7,1883,11,638
울산광역시,동구,,화정동제5투,3337,2498,1435,1044,0,3,5,6,2493,5,839
울산광역시,동구,대송동,소계,11415,8936,4723,4145,2,8,15,17,8910,26,2479
울산광역시,동구,,대송동제1투,2893,2303,1224,1057,1,3,2,4,2291,12,590
울산광역시,동구,,대송동제2투,3010,2531,1211,1302,0,2,5,5,2525,6,479
울산광역시,동구,,대송동제3투,2822,2089,1113,959,1,2,5,6,2086,3,733
울산광역시,동구,,대송동제4투,2690,2013,1175,827,0,1,3,2,2008,5,677
울산광역시,동구,전하1동,소계,13636,10909,5897,4926,3,11,17,26,10880,29,2727
울산광역시,동구,,전하1동제1투,2500,1788,1024,754,0,3,3,3,1787,1,712
울산광역시,동구,,전하1동제2투,4227,3340,1848,1468,2,3,2,9,3332,8,887
울산광역시,동구,,전하1동제3투,3453,2798,1482,1283,1,4,7,8,2785,13,655
울산광역시,동구,,전하1동제4투,3456,2983,1543,1421,0,1,5,6,2976,7,473
울산광역시,동구,전하2동,소계,14755,11815,6508,5229,1,11,11,21,11781,34,2940
울산광역시,동구,,전하2동제1투,3264,2536,1493,1025,1,1,2,3,2525,11,728
울산광역시,동구,,전하2동제2투,3143,2355,1342,994,0,0,4,6,2346,9,788
울산광역시,동구,,전하2동제3투,2676,2092,1235,844,0,2,1,5,2087,5,584
울산광역시,동구,,전하2동제4투,3535,2995,1579,1402,0,3,0,4,2988,7,540
울산광역시,동구,,전하2동제5투,2137,1837,859,964,0,5,4,3,1835,2,300
울산광역시,동구,남목1동,소계,8910,6987,3917,3023,3,8,2,15,6968,19,1923
울산광역시,동구,,남목1동제1투,2611,1978,1194,772,2,2,1,1,1972,6,633
울산광역시,동구,,남목1동제2투,3712,2914,1703,1189,1,1,0,12,2906,8,798
울산광역시,동구,,남목1동제3투,2587,2095,1020,1062,0,5,1,2,2090,5,492
울산광역시,동구,남목2동,소계,20383,16740,8610,7974,3,13,30,50,16680,60,3643
울산광역시,동구,,남목2동제1투,3490,2712,1460,1231,0,1,5,9,2706,6,778
울산광역시,동구,,남목2동제2투,1971,1599,842,741,1,1,3,7,1595,4,372
울산광역시,동구,,남목2동제3투,3813,3057,1474,1551,2,3,2,12,3044,13,756
울산광역시,동구,,남목2동제4투,3920,3280,1670,1577,0,5,7,9,3268,12,640
울산광역시,동구,,남목2동제5투,2995,2441,1334,1086,0,1,5,4,2430,11,554
울산광역시,동구,,남목2동제6투,4194,3651,1830,1788,0,2,8,9,3637,14,543
울산광역시,동구,남목3동,소계,11369,9283,4933,4270,3,6,15,24,9251,32,2086
울산광역시,동구,,남목3동제1투,3677,3010,1543,1440,1,2,6,8,3000,10,667
울산광역시,동구,,남목3동제2투,3424,2754,1522,1209,1,3,3,5,2743,11,670
울산광역시,동구,,남목3동제3투,3583,2962,1423,1511,1,1,6,9,2951,11,621
울산광역시,동구,,남목3동제4투,685,557,445,110,0,0,0,2,557,0,128
울산광역시,북구,소계,,134522,107875,57809,49202,28,119,148,219,107525,350,26647
울산광역시,북구,재외투표,,399,262,103,156,0,1,0,0,260,2,137
울산광역시,북구,국내부재자투표,,4019,3753,1747,1898,5,7,8,25,3690,63,266
울산광역시,북구,소계,,130104,103860,55959,47148,23,111,140,194,103575,285,26244
울산광역시,북구,농소1동,소계,20778,16376,9405,6837,5,22,20,32,16321,55,4402
울산광역시,북구,,농소1동제1투,2843,2119,1458,632,2,3,4,7,2106,13,724
울산광역시,북구,,농소1동제2투,5112,3720,2275,1415,2,8,4,5,3709,11,1392
울산광역시,북구,,농소1동제3투,4670,3859,2070,1763,1,1,7,5,3847,12,811
울산광역시,북구,,농소1동제4투,1912,1514,931,569,0,4,0,4,1508,6,398
울산광역시,북구,,농소1동제5투,1682,1313,730,574,0,2,2,4,1312,1,369
울산광역시,북구,,농소1동제6투,2777,2342,1214,1116,0,2,2,4,2338,4,435
울산광역시,북구,,농소1동제7투,1782,1509,727,768,0,2,1,3,1501,8,273
울산광역시,북구,농소2동,소계,23036,18168,10207,7843,4,16,24,34,18128,40,4868
울산광역시,북구,,농소2동제1투,3006,2312,1231,1069,1,2,5,2,2310,2,694
울산광역시,북구,,농소2동제2투,2487,1928,1201,712,1,1,3,6,1924,4,559
울산광역시,북구,,농소2동제3투,3786,2962,1770,1171,0,1,4,6,2952,10,824
울산광역시,북구,,농소2동제4투,3008,2278,1431,827,2,1,3,6,2270,8,730
울산광역시,북구,,농소2동제5투,2930,2225,1191,1014,0,6,4,4,2219,6,705
울산광역시,북구,,농소2동제6투,3559,2871,1622,1233,0,4,5,2,2866,5,688
울산광역시,북구,,농소2동제7투,4260,3592,1761,1817,0,1,0,8,3587,5,668
울산광역시,북구,농소3동,소계,26984,21973,11310,10533,4,16,36,32,21931,42,5011
울산광역시,북구,,농소3동제1투,3479,2748,1575,1155,1,1,4,6,2742,6,731
울산광역시,북구,,농소3동제2투,4080,3321,1740,1558,0,6,5,7,3316,5,759
울산광역시,북구,,농소3동제3투,4396,3714,1829,1862,1,4,3,2,3701,13,682
울산광역시,북구,,농소3동제4투,4453,3528,1810,1698,0,3,4,5,3520,8,925
울산광역시,북구,,농소3동제5투,2232,1676,952,716,0,0,3,3,1674,2,556
울산광역시,북구,,농소3동제6투,3871,3251,1528,1707,1,1,7,6,3250,1,620
울산광역시,북구,,농소3동제7투,4473,3735,1876,1837,1,1,10,3,3728,7,738
울산광역시,북구,강동동,소계,3928,2889,2187,662,2,2,4,17,2874,15,1039
울산광역시,북구,,강동동제1투,883,563,429,129,0,0,1,2,561,2,320
울산광역시,북구,,강동동제2투,1724,1273,931,324,0,2,2,9,1268,5,451
울산광역시,북구,,강동동제3투,743,593,478,106,1,0,1,4,590,3,150
울산광역시,북구,,강동동제4투,578,460,349,103,1,0,0,2,455,5,118
울산광역시,북구,효문동,소계,21324,17028,9095,7824,2,23,18,19,16981,47,4296
울산광역시,북구,,효문동제1투,2781,1995,1201,778,0,3,3,6,1991,4,786
울산광역시,북구,,효문동제2투,1110,821,596,217,1,0,0,4,818,3,289
울산광역시,북구,,효문동제3투,2670,2268,1156,1100,1,3,1,0,2261,7,402
울산광역시,북구,,효문동제4투,4328,3498,1872,1601,0,8,2,3,3486,12,830
울산광역시,북구,,효문동제5투,2984,2331,1160,1158,0,3,5,1,2327,4,653
울산광역시,북구,,효문동제6투,3674,3039,1462,1564,0,2,3,2,3033,6,635
울산광역시,북구,,효문동제7투,3777,3076,1648,1406,0,4,4,3,3065,11,701
울산광역시,북구,송정동,소계,14347,11816,6200,5538,2,5,18,21,11784,32,2531
울산광역시,북구,,송정동제1투,3026,2520,1396,1110,0,0,4,5,2515,5,506
울산광역시,북구,,송정동제2투,1933,1674,756,906,1,1,6,1,1671,3,259
울산광역시,북구,,송정동제3투,3015,2485,1342,1125,0,3,2,5,2477,8,530
울산광역시,북구,,송정동제4투,3649,3036,1480,1537,1,1,2,7,3028,8,613
울산광역시,북구,,송정동제5투,2724,2101,1226,860,0,0,4,3,2093,8,623
울산광역시,북구,양정동,소계,9542,7608,3510,4036,1,13,10,17,7587,21,1934
울산광역시,북구,,양정동제1투,3510,3047,1380,1647,1,2,3,8,3041,6,463
울산광역시,북구,,양정동제2투,2397,1764,883,874,0,2,0,3,1762,2,633
울산광역시,북구,,양정동제3투,3635,2797,1247,1515,0,9,7,6,2784,13,838
울산광역시,북구,염포동,소계,10165,8002,4045,3875,3,14,10,22,7969,33,2163
울산광역시,북구,,염포동제1투,1522,1144,595,534,0,4,1,5,1139,5,378
울산광역시,북구,,염포동제2투,1840,1359,689,655,0,5,1,4,1354,5,481
울산광역시,북구,,염포동제3투,4354,3769,1765,1968,1,4,7,11,3756,13,585
울산광역시,북구,,염포동제4투,2449,1730,996,718,2,1,1,2,1720,10,719
울산광역시,울주군,소계,,159736,123701,77446,45008,49,72,161,332,123068,633,36035
울산광역시,울주군,재외투표,,741,495,272,217,2,0,1,2,494,1,246
울산광역시,울주군,국내부재자투표,,4613,4247,2097,1952,13,8,10,31,4111,136,366
울산광역시,울주군,소계,,154382,118959,75077,42839,34,64,150,299,118463,496,35423
울산광역시,울주군,온산읍,소계,18719,13245,8425,4715,5,2,10,25,13182,63,5474
울산광역시,울주군,,온산읍제1투,3161,1970,1412,547,0,0,2,4,1965,5,1191
울산광역시,울주군,,온산읍제2투,2530,1916,1091,808,0,1,2,5,1907,9,614
울산광역시,울주군,,온산읍제3투,2716,1847,1213,619,0,1,2,4,1839,8,869
울산광역시,울주군,,온산읍제4투,3607,2529,1585,925,1,0,1,3,2515,14,1078
울산광역시,울주군,,온산읍제5투,2564,1805,1109,682,1,0,1,3,1796,9,759
울산광역시,울주군,,온산읍제6투,3168,2456,1486,949,3,0,0,4,2442,14,712
울산광역시,울주군,,온산읍제7투,973,722,529,185,0,0,2,2,718,4,251
울산광역시,울주군,언양읍,소계,19988,15269,10036,5088,4,7,22,38,15195,74,4719
울산광역시,울주군,,언양읍제1투,3183,2395,1663,717,1,0,2,2,2385,10,788
울산광역시,울주군,,언양읍제2투,4438,3451,2116,1299,1,2,8,11,3437,14,987
울산광역시,울주군,,언양읍제3투,4621,3383,2418,929,2,1,3,8,3361,22,1238
울산광역시,울주군,,언양읍제4투,4059,3129,1936,1168,0,2,5,5,3116,13,930
울산광역시,울주군,,언양읍제5투,1568,1184,909,256,0,1,2,8,1176,8,384
울산광역시,울주군,,언양읍제6투,2119,1727,994,719,0,1,2,4,1720,7,392
울산광역시,울주군,온양읍,소계,17747,13542,8534,4908,6,9,14,29,13500,42,4205
울산광역시,울주군,,온양읍제1투,2462,1829,1362,435,2,2,3,9,1813,16,633
울산광역시,울주군,,온양읍제2투,1926,1383,911,462,1,1,2,3,1380,3,543
울산광역시,울주군,,온양읍제3투,2811,2029,1370,643,1,2,1,6,2023,6,782
울산광역시,울주군,,온양읍제4투,2183,1765,1058,696,1,1,2,2,1760,5,418
울산광역시,울주군,,온양읍제5투,2337,1856,1118,728,1,1,1,2,1851,5,481
울산광역시,울주군,,온양읍제6투,3543,2689,1492,1185,0,1,2,3,2683,6,854
울산광역시,울주군,,온양읍제7투,2485,1991,1223,759,0,1,3,4,1990,1,494
울산광역시,울주군,범서읍,소계,44868,36977,20427,16333,5,19,51,60,36895,82,7891
울산광역시,울주군,,범서읍제1투,4535,3744,1982,1740,2,2,3,7,3736,8,791
울산광역시,울주군,,범서읍제2투,2877,2260,1369,871,0,2,4,10,2256,4,617
울산광역시,울주군,,범서읍제3투,1717,1386,1013,357,0,1,2,6,1379,7,331
울산광역시,울주군,,범서읍제4투,3812,3102,1744,1334,1,4,7,4,3094,8,710
울산광역시,울주군,,범서읍제5투,2690,2134,1197,925,0,0,3,3,2128,6,556
울산광역시,울주군,,범서읍제6투,2559,2138,1179,950,0,3,2,2,2136,2,421
울산광역시,울주군,,범서읍제7투,3090,2543,1531,992,0,1,9,5,2538,5,547
울산광역시,울주군,,범서읍제8투,3885,3176,1699,1459,0,0,6,6,3170,6,709
울산광역시,울주군,,범서읍제9투,3648,2977,1693,1264,0,2,4,4,2967,10,671
울산광역시,울주군,,범서읍제10투,3924,3205,1767,1423,0,1,2,5,3198,7,719
울산광역시,울주군,,범서읍제11투,3735,3180,1498,1670,0,1,4,2,3175,5,555
울산광역시,울주군,,범서읍제12투,4452,3795,1850,1931,0,0,2,4,3787,8,657
울산광역시,울주군,,범서읍제13투,3944,3337,1905,1417,2,2,3,2,3331,6,607
울산광역시,울주군,서생면,소계,6891,5061,3780,1231,4,3,10,10,5038,23,1830
울산광역시,울주군,,서생면제1투,2598,1889,1486,382,2,2,7,4,1883,6,709
울산광역시,울주군,,서생면제2투,1501,1122,822,287,2,0,2,3,1116,6,379
울산광역시,울주군,,서생면제3투,2792,2050,1472,562,0,1,1,3,2039,11,742
울산광역시,울주군,청량면,소계,10973,8532,5533,2936,1,3,7,25,8505,27,2441
울산광역시,울주군,,청량면제1투,1753,1205,879,320,1,1,0,3,1204,1,548
울산광역시,울주군,,청량면제2투,2898,2298,1539,728,0,1,2,12,2282,16,600
울산광역시,울주군,,청량면제3투,1110,897,656,236,0,1,0,0,893,4,213
울산광역시,울주군,,청량면제4투,3756,3080,1695,1371,0,0,5,6,3077,3,676
울산광역시,울주군,,청량면제5투,1456,1052,764,281,0,0,0,4,1049,3,404
울산광역시,울주군,웅촌면,소계,7234,5467,3720,1681,2,5,3,19,5430,37,1767
울산광역시,울주군,,웅촌면제1투,2648,1937,1409,502,1,0,0,7,1919,18,711
울산광역시,울주군,,웅촌면제2투,1747,1331,919,392,1,1,2,3,1318,13,416
울산광역시,울주군,,웅촌면제3투,2839,2199,1392,787,0,4,1,9,2193,6,640
울산광역시,울주군,두동면,소계,3389,2461,1799,578,3,2,5,29,2416,45,928
울산광역시,울주군,,두동면제1투,2275,1642,1157,426,0,2,5,19,1609,33,633
울산광역시,울주군,,두동면제2투,1114,819,642,152,3,0,0,10,807,12,295
울산광역시,울주군,두서면,소계,2853,2220,1641,531,0,1,3,16,2192,28,633
울산광역시,울주군,,두서면제1투,2135,1658,1196,427,0,1,1,10,1635,23,477
울산광역시,울주군,,두서면제2투,718,562,445,104,0,0,2,6,557,5,156
울산광역시,울주군,상북면,소계,7200,5280,3763,1454,1,2,8,17,5245,35,1920
울산광역시,울주군,,상북면제1투,2948,2178,1485,675,1,0,3,5,2169,9,770
울산광역시,울주군,,상북면제2투,1529,1114,806,282,0,0,1,5,1094,20,415
울산광역시,울주군,,상북면제3투,2723,1988,1472,497,0,2,4,7,1982,6,735
울산광역시,울주군,삼남면,소계,12831,9590,6516,2997,3,7,16,21,9560,30,3241
울산광역시,울주군,,삼남면제1투,3472,2636,1903,703,2,2,6,9,2625,11,836
울산광역시,울주군,,삼남면제2투,2099,1562,1054,495,1,2,1,5,1558,4,537
울산광역시,울주군,,삼남면제3투,4855,3643,2373,1248,0,2,6,5,3634,9,1212
울산광역시,울주군,,삼남면제4투,2405,1749,1186,551,0,1,3,2,1743,6,656
울산광역시,울주군,삼동면,소계,1689,1315,903,387,0,4,1,10,1305,10,374
울산광역시,울주군,,삼동면제1투,956,741,504,225,0,1,0,5,735,6,215
울산광역시,울주군,,삼동면제2투,733,574,399,162,0,3,1,5,570,4,159
세종특별자치시,합계,,,87707,64990,33587,30787,31,38,99,155,64697,293,22717
세종특별자치시,세종특별자치시,소계,,87707,64990,33587,30787,31,38,99,155,64697,293,22717
세종특별자치시,세종특별자치시,재외투표,,356,259,116,141,0,0,0,2,259,0,97
세종특별자치시,세종특별자치시,국내부재자투표,,2878,2612,1136,1335,11,10,18,13,2523,89,266
세종특별자치시,세종특별자치시,소계,,84473,62119,32335,29311,20,28,81,140,61915,204,22354
세종특별자치시,세종특별자치시,조치원읍,소계,32472,23706,11957,11629,5,10,25,28,23654,52,8766
세종특별자치시,세종특별자치시,,조치원읍제1투,2538,1721,980,735,0,0,2,1,1718,3,817
세종특별자치시,세종특별자치시,,조치원읍제2투,995,703,456,242,0,2,0,0,700,3,292
세종특별자치시,세종특별자치시,,조치원읍제3투,4329,3244,1621,1603,1,2,3,7,3237,7,1085
세종특별자치시,세종특별자치시,,조치원읍제4투,2322,1534,725,798,0,0,2,3,1528,6,788
세종특별자치시,세종특별자치시,,조치원읍제5투,1691,1231,711,514,0,1,0,0,1226,5,460
세종특별자치시,세종특별자치시,,조치원읍제6투,3207,2261,1310,938,0,1,1,4,2254,7,946
세종특별자치시,세종특별자치시,,조치원읍제7투,5067,3724,1850,1860,0,1,3,6,3720,4,1343
세종특별자치시,세종특별자치시,,조치원읍제8투,3309,2432,1251,1168,2,0,2,3,2426,6,877
세종특별자치시,세종특별자치시,,조치원읍제9투,1911,1315,692,613,0,0,4,2,1311,4,596
세종특별자치시,세종특별자치시,,조치원읍제10투,1277,884,462,414,0,0,2,2,880,4,393
세종특별자치시,세종특별자치시,,조치원읍제11투,3137,2506,1082,1418,1,2,1,0,2504,2,631
세종특별자치시,세종특별자치시,,조치원읍제12투,2689,2151,817,1326,1,1,5,0,2150,1,538
세종특별자치시,세종특별자치시,연기면,소계,2705,1890,1117,752,2,1,3,8,1883,7,815
세종특별자치시,세종특별자치시,,연기면제1투,2233,1552,909,631,1,0,1,5,1547,5,681
세종특별자치시,세종특별자치시,,연기면제2투,472,338,208,121,1,1,2,3,336,2,134
세종특별자치시,세종특별자치시,연동면,소계,3381,2392,1409,960,1,0,4,5,2379,13,989
세종특별자치시,세종특별자치시,,연동면제1투,1772,1254,735,506,0,0,3,2,1246,8,518
세종특별자치시,세종특별자치시,,연동면제2투,1609,1138,674,454,1,0,1,3,1133,5,471
세종특별자치시,세종특별자치시,부강면,소계,5312,3971,2329,1608,1,5,5,7,3955,16,1341
세종특별자치시,세종특별자치시,,부강면제1투,3487,2581,1496,1074,0,2,3,1,2576,5,906
세종특별자치시,세종특별자치시,,부강면제2투,1825,1390,833,534,1,3,2,6,1379,11,435
세종특별자치시,세종특별자치시,금남면,소계,8664,6346,3674,2596,1,2,10,31,6314,32,2318
세종특별자치시,세종특별자치시,,금남면제1투,4155,3085,1745,1309,0,0,4,11,3069,16,1070
세종특별자치시,세종특별자치시,,금남면제2투,1621,1144,688,439,1,2,3,5,1138,6,477
세종특별자치시,세종특별자치시,,금남면제3투,1710,1268,743,510,0,0,1,11,1265,3,442
세종특별자치시,세종특별자치시,,금남면제4투,1178,849,498,338,0,0,2,4,842,7,329
세종특별자치시,세종특별자치시,장군면,소계,4087,3020,1768,1213,1,1,8,17,3008,12,1067
세종특별자치시,세종특별자치시,,장군면제1투,2065,1509,872,621,1,0,3,5,1502,7,556
세종특별자치시,세종특별자치시,,장군면제2투,1404,1032,617,402,0,1,4,4,1028,4,372
세종특별자치시,세종특별자치시,,장군면제3투,618,479,279,190,0,0,1,8,478,1,139
세종특별자치시,세종특별자치시,연서면,소계,6396,4732,2537,2155,1,2,4,11,4710,22,1664
세종특별자치시,세종특별자치시,,연서면제1투,1392,1049,610,433,1,1,0,1,1046,3,343
세종특별자치시,세종특별자치시,,연서면제2투,702,527,267,253,0,0,0,4,524,3,175
세종특별자치시,세종특별자치시,,연서면제3투,943,698,401,290,0,0,1,1,693,5,245
세종특별자치시,세종특별자치시,,연서면제4투,3359,2458,1259,1179,0,1,3,5,2447,11,901
세종특별자치시,세종특별자치시,전의면,소계,5605,3929,2443,1449,2,1,6,13,3914,15,1676
세종특별자치시,세종특별자치시,,전의면제1투,2354,1538,951,576,1,1,1,3,1533,5,816
세종특별자치시,세종특별자치시,,전의면제2투,2418,1755,1100,640,0,0,3,5,1748,7,663
세종특별자치시,세종특별자치시,,전의면제3투,833,636,392,233,1,0,2,5,633,3,197
세종특별자치시,세종특별자치시,전동면,소계,3345,2287,1406,849,4,1,6,12,2278,9,1058
세종특별자치시,세종특별자치시,,전동면제1투,1787,1281,797,470,2,1,4,5,1279,2,506
세종특별자치시,세종특별자치시,,전동면제2투,565,433,253,170,1,0,1,2,427,6,132
세종특별자치시,세종특별자치시,,전동면제3투,993,573,356,209,1,0,1,5,572,1,420
세종특별자치시,세종특별자치시,소정면,소계,2349,1732,1144,569,0,1,0,4,1718,14,617
세종특별자치시,세종특별자치시,,소정면투표소,2349,1732,1144,569,0,1,0,4,1718,14,617
세종특별자치시,세종특별자치시,한솔동,소계,10157,8114,2551,5531,2,4,10,4,8102,12,2043
세종특별자치시,세종특별자치시,,한솔동제1투,3886,3114,1006,2093,1,2,5,2,3109,5,772
세종특별자치시,세종특별자치시,,한솔동제2투,6271,5000,1545,3438,1,2,5,2,4993,7,1271
경기도,합계,,,9364077,7018577,3528915,3442084,1997,3674,12577,7476,6996723,21854,2345500
경기도,수원시장안구,소계,,225754,175095,85548,88360,45,96,375,168,174592,503,50659
경기도,수원시장안구,재외투표,,1177,844,305,532,1,1,2,0,841,3,333
경기도,수원시장안구,국내부재자투표,,5368,5084,2431,2519,6,9,13,24,5002,82,284
경기도,수원시장안구,소계,,219209,169167,82812,85309,38,86,360,144,168749,418,50042
경기도,수원시장안구,파장동,소계,17801,13047,6687,6257,4,9,20,14,12991,56,4754
경기도,수원시장안구,,파장동제1투,2455,1590,840,744,0,0,2,0,1586,4,865
경기도,수원시장안구,,파장동제2투,3405,2494,1254,1221,0,2,2,4,2483,11,911
경기도,수원시장안구,,파장동제3투,3473,2483,1282,1187,0,0,5,2,2476,7,990
경기도,수원시장안구,,파장동제4투,3169,2388,1189,1193,0,2,2,0,2386,2,781
경기도,수원시장안구,,파장동제5투,3217,2433,1284,1127,1,2,4,6,2424,9,784
경기도,수원시장안구,,파장동제6투,2082,1659,838,785,3,3,5,2,1636,23,423
경기도,수원시장안구,율천동,소계,34250,27518,11523,15813,6,20,63,24,27449,69,6732
경기도,수원시장안구,,율천동제1투,4094,3221,1327,1875,0,3,7,4,3216,5,873
경기도,수원시장안구,,율천동제2투,3849,2775,1195,1561,0,1,9,1,2767,8,1074
경기도,수원시장안구,,율천동제3투,2695,2277,914,1352,0,1,6,2,2275,2,418
경기도,수원시장안구,,율천동제4투,3632,3024,1226,1775,1,4,10,3,3019,5,608
경기도,수원시장안구,,율천동제5투,4341,3623,1610,1985,0,4,13,4,3616,7,718
경기도,수원시장안구,,율천동제6투,3463,2668,1114,1534,3,3,8,2,2664,4,795
경기도,수원시장안구,,율천동제7투,4868,3857,1655,2184,2,1,4,2,3848,9,1011
경기도,수원시장안구,,율천동제8투,2592,2118,656,1431,0,3,2,5,2097,21,474
경기도,수원시장안구,,율천동제9투,4716,3955,1826,2116,0,0,4,1,3947,8,761
경기도,수원시장안구,정자1동,소계,18477,14067,6881,7106,1,9,21,16,14034,33,4410
경기도,수원시장안구,,정자1동제1투,4340,3266,1611,1633,0,2,8,4,3258,8,1074
경기도,수원시장안구,,정자1동제2투,2204,1549,784,759,0,1,2,0,1546,3,655
경기도,수원시장안구,,정자1동제3투,4525,3527,1632,1877,1,0,4,6,3520,7,998
경기도,수원시장안구,,정자1동제4투,4935,3946,1930,1990,0,5,4,6,3935,11,989
경기도,수원시장안구,,정자1동제5투,2473,1779,924,847,0,1,3,0,1775,4,694
경기도,수원시장안구,정자2동,소계,25298,19670,9640,9906,6,10,49,15,19626,44,5628
경기도,수원시장안구,,정자2동제1투,3670,2530,1385,1124,1,1,8,6,2525,5,1140
경기도,수원시장안구,,정자2동제2투,4083,3322,1755,1548,2,3,6,1,3315,7,761
경기도,수원시장안구,,정자2동제3투,4235,3119,1620,1486,2,1,5,3,3117,2,1116
경기도,수원시장안구,,정자2동제4투,2801,2017,1103,902,0,1,3,2,2011,6,784
경기도,수원시장안구,,정자2동제5투,3485,2915,1257,1633,1,4,11,1,2907,8,570
경기도,수원시장안구,,정자2동제6투,4092,3307,1488,1803,0,0,10,0,3301,6,785
경기도,수원시장안구,,정자2동제7투,2932,2460,1032,1410,0,0,6,2,2450,10,472
경기도,수원시장안구,정자3동,소계,31600,26428,11388,14875,4,13,72,21,26373,55,5172
경기도,수원시장안구,,정자3동제1투,3333,2701,1341,1342,0,3,7,4,2697,4,632
경기도,수원시장안구,,정자3동제2투,3210,2725,1367,1340,1,1,9,1,2719,6,485
경기도,수원시장안구,,정자3동제3투,3822,3270,1224,2024,0,0,11,1,3260,10,552
경기도,수원시장안구,,정자3동제4투,3037,2610,1075,1522,1,1,9,0,2608,2,427
경기도,수원시장안구,,정자3동제5투,4593,3899,1683,2200,1,1,8,2,3895,4,694
경기도,수원시장안구,,정자3동제6투,4421,3820,1788,2005,1,3,10,4,3811,9,601
경기도,수원시장안구,,정자3동제7투,2674,2151,818,1322,0,1,4,3,2148,3,523
경기도,수원시장안구,,정자3동제8투,3920,3214,1189,2003,0,1,6,5,3204,10,706
경기도,수원시장안구,,정자3동제9투,2590,2038,903,1117,0,2,8,1,2031,7,552
경기도,수원시장안구,영화동,소계,18809,13146,7389,5679,3,3,22,12,13108,38,5663
경기도,수원시장안구,,영화동제1투,4075,2670,1584,1069,2,0,2,3,2660,10,1405
경기도,수원시장안구,,영화동제2투,3795,2644,1547,1087,0,0,4,1,2639,5,1151
경기도,수원시장안구,,영화동제3투,4105,3014,1684,1309,1,0,8,6,3008,6,1091
경기도,수원시장안구,,영화동제4투,3200,2302,1216,1071,0,1,3,2,2293,9,898
경기도,수원시장안구,,영화동제5투,3634,2516,1358,1143,0,2,5,0,2508,8,1118
경기도,수원시장안구,송죽동,소계,15452,11431,5714,5655,2,6,24,7,11408,23,4021
경기도,수원시장안구,,송죽동제1투,3779,2811,1403,1394,1,1,6,1,2806,5,968
경기도,수원시장안구,,송죽동제2투,3534,2651,1339,1290,0,2,8,2,2641,10,883
경기도,수원시장안구,,송죽동제3투,4283,3188,1563,1613,1,2,3,3,3185,3,1095
경기도,수원시장안구,,송죽동제4투,3856,2781,1409,1358,0,1,7,1,2776,5,1075
경기도,수원시장안구,조원1동,소계,24906,18700,9773,8820,3,9,42,11,18658,42,6206
경기도,수원시장안구,,조원1동제1투,4697,3204,1657,1527,1,0,9,2,3196,8,1493
경기도,수원시장안구,,조원1동제2투,3374,2463,1235,1210,0,1,6,3,2455,8,911
경기도,수원시장안구,,조원1동제3투,3651,2662,1391,1254,0,2,7,0,2654,8,989
경기도,수원시장안구,,조원1동제4투,2929,2184,1192,985,1,2,3,0,2183,1,745
경기도,수원시장안구,,조원1동제5투,3995,3088,1867,1199,0,0,7,5,3078,10,907
경기도,수원시장안구,,조원1동제6투,2561,2046,1017,1017,1,3,5,0,2043,3,515
경기도,수원시장안구,,조원1동제7투,3699,3053,1414,1628,0,1,5,1,3049,4,646
경기도,수원시장안구,조원2동,소계,15003,12615,6583,5967,2,2,20,11,12585,30,2388
경기도,수원시장안구,,조원2동제1투,3926,3252,1713,1521,1,0,6,3,3244,8,674
경기도,수원시장안구,,조원2동제2투,3959,3343,1787,1542,0,0,3,3,3335,8,616
경기도,수원시장안구,,조원2동제3투,3620,3061,1460,1583,1,2,5,3,3054,7,559
경기도,수원시장안구,,조원2동제4투,3498,2959,1623,1321,0,0,6,2,2952,7,539
경기도,수원시장안구,연무동,소계,17613,12545,7234,5231,7,5,27,13,12517,28,5068
경기도,수원시장안구,,연무동제1투,2089,1310,819,478,2,1,2,2,1304,6,779
경기도,수원시장안구,,연무동제2투,2813,2037,1128,900,0,0,6,2,2036,1,776
경기도,수원시장안구,,연무동제3투,4307,3102,1772,1308,1,1,6,6,3094,8,1205
경기도,수원시장안구,,연무동제4투,485,399,284,108,1,1,3,0,397,2,86
경기도,수원시장안구,,연무동제5투,3878,2805,1585,1208,1,1,4,1,2800,5,1073
경기도,수원시장안구,,연무동제6투,4041,2892,1646,1229,2,1,6,2,2886,6,1149
경기도,수원시권선구,소계,,258753,192297,94970,96064,57,109,330,183,191713,584,66456
경기도,수원시권선구,재외투표,,1000,701,267,423,0,1,1,1,693,8,299
경기도,수원시권선구,국내부재자투표,,5989,5657,2672,2801,16,15,18,28,5550,107,332
경기도,수원시권선구,소계,,251764,185939,92031,92840,41,93,311,154,185470,469,65825
경기도,수원시권선구,세류1동,소계,3692,2404,1414,972,1,2,3,1,2393,11,1288
경기도,수원시권선구,,세류1동제1투,2657,1679,979,687,0,2,2,1,1671,8,978
경기도,수원시권선구,,세류1동제2투,1035,725,435,285,1,0,1,0,722,3,310
경기도,수원시권선구,세류2동,소계,22058,14606,7933,6600,0,3,21,13,14570,36,7452
경기도,수원시권선구,,세류2동제1투,4798,3087,1739,1332,0,2,4,2,3079,8,1711
경기도,수원시권선구,,세류2동제2투,3014,2065,1111,941,0,1,6,1,2060,5,949
경기도,수원시권선구,,세류2동제3투,3463,2248,1173,1070,0,0,0,0,2243,5,1215
경기도,수원시권선구,,세류2동제4투,3356,2129,1191,922,0,0,3,2,2118,11,1227
경기도,수원시권선구,,세류2동제5투,4571,3166,1650,1503,0,0,5,4,3162,4,1405
경기도,수원시권선구,,세류2동제6투,2856,1911,1069,832,0,0,3,4,1908,3,945
경기도,수원시권선구,세류3동,소계,20390,13697,7494,6136,4,6,16,11,13667,30,6693
경기도,수원시권선구,,세류3동제1투,3844,2513,1430,1069,3,1,4,2,2509,4,1331
경기도,수원시권선구,,세류3동제2투,4039,2736,1483,1237,1,1,1,2,2725,11,1303
경기도,수원시권선구,,세류3동제3투,4094,2857,1541,1307,0,1,1,2,2852,5,1237
경기도,수원시권선구,,세류3동제4투,4412,2822,1567,1237,0,1,7,4,2816,6,1590
경기도,수원시권선구,,세류3동제5투,4001,2769,1473,1286,0,2,3,1,2765,4,1232
경기도,수원시권선구,평동,소계,27966,20820,10878,9820,3,11,35,19,20766,54,7146
경기도,수원시권선구,,평동제1투,2501,1682,986,683,2,1,5,1,1678,4,819
경기도,수원시권선구,,평동제2투,3002,2137,1221,909,0,1,1,2,2134,3,865
경기도,수원시권선구,,평동제3투,4000,2923,1537,1373,0,1,6,3,2920,3,1077
경기도,수원시권선구,,평동제4투,3638,2779,1319,1444,0,3,5,3,2774,5,859
경기도,수원시권선구,,평동제5투,4202,3157,1667,1459,1,3,6,3,3139,18,1045
경기도,수원시권선구,,평동제6투,5307,3906,2027,1851,0,2,7,3,3890,16,1401
경기도,수원시권선구,,평동제7투,5316,4236,2121,2101,0,0,5,4,4231,5,1080
경기도,수원시권선구,서둔동,소계,33110,23896,11721,12016,10,18,53,20,23838,58,9214
경기도,수원시권선구,,서둔동제1투,2589,1920,953,957,1,1,4,1,1917,3,669
경기도,수원시권선구,,서둔동제2투,2639,2038,957,1074,0,1,2,3,2037,1,601
경기도,수원시권선구,,서둔동제3투,3983,2761,1510,1224,2,4,8,3,2751,10,1222
경기도,수원시권선구,,서둔동제4투,2759,1755,941,809,0,1,1,2,1754,1,1004
경기도,수원시권선구,,서둔동제5투,4274,3112,1553,1545,1,3,7,0,3109,3,1162
경기도,수원시권선구,,서둔동제6투,4364,3196,1556,1598,2,5,10,4,3175,21,1168
경기도,수원시권선구,,서둔동제7투,3205,2615,1180,1414,2,2,9,4,2611,4,590
경기도,수원시권선구,,서둔동제8투,4599,3303,1584,1700,2,1,7,1,3295,8,1296
경기도,수원시권선구,,서둔동제9투,4698,3196,1487,1695,0,0,5,2,3189,7,1502
경기도,수원시권선구,구운동,소계,21693,16308,8159,8049,2,7,35,10,16262,46,5385
경기도,수원시권선구,,구운동제1투,6253,4196,2130,2044,0,1,7,3,4185,11,2057
경기도,수원시권선구,,구운동제2투,4191,3406,1621,1760,0,2,10,2,3395,11,785
경기도,수원시권선구,,구운동제3투,3231,2332,1295,1023,1,1,4,4,2328,4,899
경기도,수원시권선구,,구운동제4투,3791,2768,1394,1355,1,3,4,0,2757,11,1023
경기도,수원시권선구,,구운동제5투,4227,3606,1719,1867,0,0,10,1,3597,9,621
경기도,수원시권선구,금호동,소계,37960,29648,13867,15614,8,22,42,23,29576,72,8312
경기도,수원시권선구,,금호동제1투,3468,2511,1294,1200,1,2,4,2,2503,8,957
경기도,수원시권선구,,금호동제2투,2635,2066,1020,1034,0,1,3,3,2061,5,569
경기도,수원시권선구,,금호동제3투,4300,3481,1623,1833,1,1,5,5,3468,13,819
경기도,수원시권선구,,금호동제4투,4305,3450,1701,1731,0,2,7,4,3445,5,855
경기도,수원시권선구,,금호동제5투,3739,3108,1522,1566,2,1,6,1,3098,10,631
경기도,수원시권선구,,금호동제6투,3882,3217,1491,1709,1,4,4,1,3210,7,665
경기도,수원시권선구,,금호동제7투,3218,2510,1221,1280,0,0,0,2,2503,7,708
경기도,수원시권선구,,금호동제8투,3797,2776,1339,1417,0,2,5,5,2768,8,1021
경기도,수원시권선구,,금호동제9투,4697,3503,1438,2051,2,7,1,0,3499,4,1194
경기도,수원시권선구,,금호동제10투,3919,3026,1218,1793,1,2,7,0,3021,5,893
경기도,수원시권선구,권선1동,소계,20344,14348,7276,7014,1,3,16,13,14323,25,5996
경기도,수원시권선구,,권선1동제1투,3394,2611,1415,1187,1,0,3,1,2607,4,783
경기도,수원시권선구,,권선1동제2투,5020,3576,1732,1830,0,1,5,3,3571,5,1444
경기도,수원시권선구,,권선1동제3투,2997,1803,837,959,0,0,1,1,1798,5,1194
경기도,수원시권선구,,권선1동제4투,2987,1969,1127,832,0,0,1,3,1963,6,1018
경기도,수원시권선구,,권선1동제5투,2794,1842,1009,823,0,2,1,5,1840,2,952
경기도,수원시권선구,,권선1동제6투,3152,2547,1156,1383,0,0,5,0,2544,3,605
경기도,수원시권선구,권선2동,소계,30691,25015,12474,12384,5,7,51,22,24943,72,5676
경기도,수원시권선구,,권선2동제1투,3662,2951,1627,1308,1,1,5,1,2943,8,711
경기도,수원시권선구,,권선2동제2투,4206,3426,1861,1538,0,2,7,5,3413,13,780
경기도,수원시권선구,,권선2동제3투,2701,2152,1058,1077,0,0,7,4,2146,6,549
경기도,수원시권선구,,권선2동제4투,2848,2156,1093,1052,1,2,2,2,2152,4,692
경기도,수원시권선구,,권선2동제5투,3114,2575,1190,1367,1,0,3,2,2563,12,539
경기도,수원시권선구,,권선2동제6투,3867,3086,1435,1631,2,1,7,2,3078,8,781
경기도,수원시권선구,,권선2동제7투,4050,3405,1590,1797,0,0,10,2,3399,6,645
경기도,수원시권선구,,권선2동제8투,3273,2759,1399,1342,0,1,5,3,2750,9,514
경기도,수원시권선구,,권선2동제9투,2970,2505,1221,1272,0,0,5,1,2499,6,465
경기도,수원시권선구,곡선동,소계,23853,17023,7147,9774,4,9,26,18,16978,45,6830
경기도,수원시권선구,,곡선동제1투,2200,1715,741,966,1,1,1,0,1710,5,485
경기도,수원시권선구,,곡선동제2투,3523,2990,1446,1521,0,1,7,1,2976,14,533
경기도,수원시권선구,,곡선동제3투,4760,3349,1579,1743,2,4,11,5,3344,5,1411
경기도,수원시권선구,,곡선동제4투,3426,2833,1077,1745,0,1,3,2,2828,5,593
경기도,수원시권선구,,곡선동제5투,4498,2733,956,1762,1,2,3,2,2726,7,1765
경기도,수원시권선구,,곡선동제6투,5446,3403,1348,2037,0,0,1,8,3394,9,2043
경기도,수원시권선구,입북동,소계,10007,8174,3668,4461,3,5,13,4,8154,20,1833
경기도,수원시권선구,,입북동제1투,3176,2608,1190,1409,0,1,3,0,2603,5,568
경기도,수원시권선구,,입북동제2투,3690,3012,1375,1616,1,3,5,2,3002,10,678
경기도,수원시권선구,,입북동제3투,3141,2554,1103,1436,2,1,5,2,2549,5,587
경기도,수원시팔달구,소계,,167784,121476,63522,57156,36,63,197,147,121121,355,46308
경기도,수원시팔달구,재외투표,,872,625,252,370,0,0,0,1,623,2,247
경기도,수원시팔달구,국내부재자투표,,3465,3249,1573,1587,5,6,6,17,3194,55,216
경기도,수원시팔달구,소계,,163447,117602,61697,55199,31,57,191,129,117304,298,45845
경기도,수원시팔달구,행궁동,소계,10978,7433,4481,2918,1,1,7,5,7413,20,3545
경기도,수원시팔달구,,행궁동제1투,5120,3428,2050,1362,1,0,2,1,3416,12,1692
경기도,수원시팔달구,,행궁동제2투,3316,2283,1382,888,0,0,3,2,2275,8,1033
경기도,수원시팔달구,,행궁동제3투,2542,1722,1049,668,0,1,2,2,1722,0,820
경기도,수원시팔달구,매교동,소계,9606,6381,3766,2567,2,4,11,9,6359,22,3225
경기도,수원시팔달구,,매교동제1투,4686,3045,1806,1214,1,1,6,7,3035,10,1641
경기도,수원시팔달구,,매교동제2투,2831,1925,1144,765,0,3,3,2,1917,8,906
경기도,수원시팔달구,,매교동제3투,2089,1411,816,588,1,0,2,0,1407,4,678
경기도,수원시팔달구,매산동,소계,10557,7347,3844,3453,0,6,10,15,7328,19,3210
경기도,수원시팔달구,,매산동제1투,4549,2691,1334,1343,0,3,4,3,2687,4,1858
경기도,수원시팔달구,,매산동제2투,3814,3142,1735,1382,0,3,3,10,3133,9,672
경기도,수원시팔달구,,매산동제3투,2194,1514,775,728,0,0,3,2,1508,6,680
경기도,수원시팔달구,고등동,소계,10511,6766,3761,2957,4,7,14,5,6748,18,3745
경기도,수원시팔달구,,고등동제1투,3729,2133,1134,987,0,1,4,1,2127,6,1596
경기도,수원시팔달구,,고등동제2투,2818,1942,1097,834,2,1,3,0,1937,5,876
경기도,수원시팔달구,,고등동제3투,3964,2691,1530,1136,2,5,7,4,2684,7,1273
경기도,수원시팔달구,화서1동,소계,20850,15343,7872,7390,2,4,26,10,15304,39,5507
경기도,수원시팔달구,,화서1동제1투,4414,3087,1648,1424,0,1,5,2,3080,7,1327
경기도,수원시팔달구,,화서1동제2투,3927,2805,1474,1318,0,1,2,3,2798,7,1122
경기도,수원시팔달구,,화서1동제3투,4315,3132,1691,1424,0,1,5,2,3123,9,1183
경기도,수원시팔달구,,화서1동제4투,3605,2533,1428,1087,1,0,5,2,2523,10,1072
경기도,수원시팔달구,,화서1동제5투,4589,3786,1631,2137,1,1,9,1,3780,6,803
경기도,수원시팔달구,화서2동,소계,21465,17630,8193,9341,4,13,32,17,17600,30,3835
경기도,수원시팔달구,,화서2동제1투,2819,2279,1175,1092,1,3,4,3,2278,1,540
경기도,수원시팔달구,,화서2동제2투,3511,2810,1240,1554,1,0,4,4,2803,7,701
경기도,수원시팔달구,,화서2동제3투,2940,2452,1065,1375,0,2,3,4,2449,3,488
경기도,수원시팔달구,,화서2동제4투,3703,2992,1500,1475,0,3,5,2,2985,7,711
경기도,수원시팔달구,,화서2동제5투,3832,3164,1532,1619,1,2,4,1,3159,5,668
경기도,수원시팔달구,,화서2동제6투,4660,3933,1681,2226,1,3,12,3,3926,7,727
경기도,수원시팔달구,지동,소계,13255,9091,5296,3726,2,3,13,12,9052,39,4164
경기도,수원시팔달구,,지동제1투,3755,2534,1388,1129,1,2,4,3,2527,7,1221
경기도,수원시팔달구,,지동제2투,3745,2575,1545,1009,1,0,5,2,2562,13,1170
경기도,수원시팔달구,,지동제3투,2840,1939,1140,786,0,0,0,1,1927,12,901
경기도,수원시팔달구,,지동제4투,2915,2043,1223,802,0,1,4,6,2036,7,872
경기도,수원시팔달구,우만1동,소계,19153,13512,6990,6438,5,6,19,22,13480,32,5641
경기도,수원시팔달구,,우만1동제1투,3973,2702,1375,1310,0,1,2,7,2695,7,1271
경기도,수원시팔달구,,우만1동제2투,4286,2973,1580,1373,0,2,5,3,2963,10,1313
경기도,수원시팔달구,,우만1동제3투,3400,2444,1198,1233,1,2,5,4,2443,1,956
경기도,수원시팔달구,,우만1동제4투,3378,2300,1182,1103,1,1,5,1,2293,7,1078
경기도,수원시팔달구,,우만1동제5투,1925,1387,846,523,3,0,2,7,1381,6,538
경기도,수원시팔달구,,우만1동제6투,2191,1706,809,896,0,0,0,0,1705,1,485
경기도,수원시팔달구,우만2동,소계,13802,11049,5330,5638,2,3,31,14,11018,31,2753
경기도,수원시팔달구,,우만2동제1투,3888,2900,1307,1571,0,0,7,8,2893,7,988
경기도,수원시팔달구,,우만2동제2투,3633,2917,1316,1581,0,2,6,3,2908,9,716
경기도,수원시팔달구,,우만2동제3투,3217,2678,1448,1205,2,0,11,2,2668,10,539
경기도,수원시팔달구,,우만2동제4투,3064,2554,1259,1281,0,1,7,1,2549,5,510
경기도,수원시팔달구,인계동,소계,33270,23050,12164,10771,9,10,28,20,23002,48,10220
경기도,수원시팔달구,,인계동제1투,5384,3415,2035,1360,1,1,3,4,3404,11,1969
경기도,수원시팔달구,,인계동제2투,4736,3169,1721,1437,1,0,1,2,3162,7,1567
경기도,수원시팔달구,,인계동제3투,3626,2683,1331,1340,0,1,2,1,2675,8,943
경기도,수원시팔달구,,인계동제4투,3510,2700,1406,1275,2,1,8,3,2695,5,810
경기도,수원시팔달구,,인계동제5투,4461,3750,1739,1997,2,0,6,4,3748,2,711
경기도,수원시팔달구,,인계동제6투,3289,2010,990,1008,0,3,4,1,2006,4,1279
경기도,수원시팔달구,,인계동제7투,3934,2373,1272,1087,3,2,1,4,2369,4,1561
경기도,수원시팔달구,,인계동제8투,4330,2950,1670,1267,0,2,3,1,2943,7,1380
경기도,수원시영통구,소계,,208298,165741,74873,89927,40,72,305,116,165333,408,42557
경기도,수원시영통구,재외투표,,1297,863,315,541,0,2,1,0,859,4,434
경기도,수원시영통구,국내부재자투표,,5366,5019,2377,2529,8,9,7,11,4941,78,347
경기도,수원시영통구,소계,,201635,159859,72181,86857,32,61,297,105,159533,326,41776
경기도,수원시영통구,매탄1동,소계,16091,12663,6143,6448,0,3,28,8,12630,33,3428
경기도,수원시영통구,,매탄1동제1투,2415,1895,871,1012,0,0,3,2,1888,7,520
경기도,수원시영통구,,매탄1동제2투,3026,2524,1294,1212,0,0,9,1,2516,8,502
경기도,수원시영통구,,매탄1동제3투,2998,2495,1289,1197,0,0,5,1,2492,3,503
경기도,수원시영통구,,매탄1동제4투,2514,2070,943,1117,0,1,5,1,2067,3,444
경기도,수원시영통구,,매탄1동제5투,2517,1833,869,953,0,0,3,2,1827,6,684
경기도,수원시영통구,,매탄1동제6투,2621,1846,877,957,0,2,3,1,1840,6,775
경기도,수원시영통구,매탄2동,소계,13404,10082,5104,4936,0,1,18,8,10067,15,3322
경기도,수원시영통구,,매탄2동제1투,3903,2793,1447,1333,0,0,5,3,2788,5,1110
경기도,수원시영통구,,매탄2동제2투,3828,2723,1459,1250,0,0,4,4,2717,6,1105
경기도,수원시영통구,,매탄2동제3투,5673,4566,2198,2353,0,1,9,1,4562,4,1107
경기도,수원시영통구,매탄3동,소계,28054,22195,10210,11873,6,10,24,23,22146,49,5859
경기도,수원시영통구,,매탄3동제1투,4973,4153,1869,2266,2,0,5,2,4144,9,820
경기도,수원시영통구,,매탄3동제2투,4353,3303,1357,1930,1,1,3,7,3299,4,1050
경기도,수원시영통구,,매탄3동제3투,3962,3213,1488,1703,2,3,3,2,3201,12,749
경기도,수원시영통구,,매탄3동제4투,4462,3665,1825,1823,0,1,3,3,3655,10,797
경기도,수원시영통구,,매탄3동제5투,4245,3251,1588,1654,0,2,2,3,3249,2,994
경기도,수원시영통구,,매탄3동제6투,4029,3188,1638,1526,0,2,6,6,3178,10,841
경기도,수원시영통구,,매탄3동제7투,2030,1422,445,971,1,1,2,0,1420,2,608
경기도,수원시영통구,매탄4동,소계,19006,14393,6797,7511,2,3,35,4,14352,41,4613
경기도,수원시영통구,,매탄4동제1투,3860,2710,1280,1413,1,1,4,2,2701,9,1150
경기도,수원시영통구,,매탄4동제2투,3705,2960,1364,1576,0,0,8,0,2948,12,745
경기도,수원시영통구,,매탄4동제3투,3671,2652,1240,1391,0,0,10,1,2642,10,1019
경기도,수원시영통구,,매탄4동제4투,3648,2836,1253,1569,1,1,10,0,2834,2,812
경기도,수원시영통구,,매탄4동제5투,4122,3235,1660,1562,0,1,3,1,3227,8,887
경기도,수원시영통구,원천동,소계,31267,24348,10505,13710,5,13,41,15,24289,59,6919
경기도,수원시영통구,,원천동제1투,4529,3696,1494,2180,2,1,7,3,3687,9,833
경기도,수원시영통구,,원천동제2투,5233,3807,1645,2134,1,4,5,5,3794,13,1426
경기도,수원시영통구,,원천동제3투,4851,3400,1342,2040,1,2,6,2,3393,7,1451
경기도,수원시영통구,,원천동제4투,4662,3788,1578,2192,1,4,3,0,3778,10,874
경기도,수원시영통구,,원천동제5투,3922,2943,1407,1524,0,1,4,1,2937,6,979
경기도,수원시영통구,,원천동제6투,3701,3095,1303,1776,0,1,7,0,3087,8,606
경기도,수원시영통구,,원천동제7투,1372,1117,493,617,0,0,3,2,1115,2,255
경기도,수원시영통구,,원천동제8투,2997,2502,1243,1247,0,0,6,2,2498,4,495
경기도,수원시영통구,영통1동,소계,30430,24787,10396,14273,7,10,43,14,24743,44,5643
경기도,수원시영통구,,영통1동제1투,4035,3318,1302,2002,3,1,5,2,3315,3,717
경기도,수원시영통구,,영통1동제2투,4991,4076,1496,2551,2,3,11,6,4069,7,915
경기도,수원시영통구,,영통1동제3투,3876,3237,1362,1855,1,2,9,1,3230,7,639
경기도,수원시영통구,,영통1동제4투,4225,3602,1643,1940,0,0,9,1,3593,9,623
경기도,수원시영통구,,영통1동제5투,4277,3028,1204,1813,0,0,3,2,3022,6,1249
경기도,수원시영통구,,영통1동제6투,5021,4154,2001,2137,1,3,4,1,4147,7,867
경기도,수원시영통구,,영통1동제7투,4005,3372,1388,1975,0,1,2,1,3367,5,633
경기도,수원시영통구,영통2동,소계,33339,27580,11752,15693,5,12,56,17,27535,45,5759
경기도,수원시영통구,,영통2동제1투,3864,3144,1111,2019,1,3,7,2,3143,1,720
경기도,수원시영통구,,영통2동제2투,4335,3609,1339,2260,1,0,4,0,3604,5,726
경기도,수원시영통구,,영통2동제3투,4599,3732,1292,2425,1,1,4,4,3727,5,867
경기도,수원시영통구,,영통2동제4투,3247,2731,1327,1384,1,2,7,2,2723,8,516
경기도,수원시영통구,,영통2동제5투,3530,3028,1489,1518,0,1,11,3,3022,6,502
경기도,수원시영통구,,영통2동제6투,2956,2389,854,1526,0,0,4,0,2384,5,567
경기도,수원시영통구,,영통2동제7투,3642,3008,1167,1821,1,2,4,3,2998,10,634
경기도,수원시영통구,,영통2동제8투,4924,4116,2388,1711,0,1,10,2,4112,4,808
경기도,수원시영통구,,영통2동제9투,2242,1823,785,1029,0,2,5,1,1822,1,419
경기도,수원시영통구,태장동,소계,30044,23811,11274,12413,7,9,52,16,23771,40,6233
경기도,수원시영통구,,태장동제1투,4413,3470,1689,1763,0,2,9,2,3465,5,943
경기도,수원시영통구,,태장동제2투,3871,3040,1380,1648,0,2,4,2,3036,4,831
경기도,수원시영통구,,태장동제3투,4587,3792,2013,1756,2,2,11,1,3785,7,795
경기도,수원시영통구,,태장동제4투,3378,2700,1282,1405,1,1,6,3,2698,2,678
경기도,수원시영통구,,태장동제5투,2286,1882,723,1150,0,1,3,3,1880,2,404
경기도,수원시영통구,,태장동제6투,5228,3961,1839,2105,0,1,7,2,3954,7,1267
경기도,수원시영통구,,태장동제7투,2897,2342,987,1336,3,0,8,2,2336,6,555
경기도,수원시영통구,,태장동제8투,3384,2624,1361,1250,1,0,4,1,2617,7,760
경기도,성남시수정구,소계,,193613,138079,62526,74640,44,68,235,128,137641,438,55534
경기도,성남시수정구,재외투표,,803,571,225,344,0,1,0,0,570,1,232
경기도,성남시수정구,국내부재자투표,,3843,3610,1629,1883,6,6,11,10,3545,65,233
경기도,성남시수정구,소계,,188967,133898,60672,72413,38,61,224,118,133526,372,55069
경기도,성남시수정구,신흥1동,소계,13412,8671,3982,4645,5,1,11,5,8649,22,4741
경기도,성남시수정구,,신흥1동제1투,3898,2357,1082,1264,1,1,3,2,2353,4,1541
경기도,성남시수정구,,신흥1동제2투,3238,2101,935,1159,0,0,2,1,2097,4,1137
경기도,성남시수정구,,신흥1동제3투,2998,1985,895,1078,2,0,3,0,1978,7,1013
경기도,성남시수정구,,신흥1동제4투,3278,2228,1070,1144,2,0,3,2,2221,7,1050
경기도,성남시수정구,신흥2동,소계,24115,17665,7979,9573,4,8,38,20,17622,43,6450
경기도,성남시수정구,,신흥2동제1투,2928,1886,892,984,2,0,2,3,1883,3,1042
경기도,성남시수정구,,신흥2동제2투,5158,4098,1926,2153,0,1,9,2,4091,7,1060
경기도,성남시수정구,,신흥2동제3투,4598,3189,1391,1775,2,3,9,3,3183,6,1409
경기도,성남시수정구,,신흥2동제4투,4260,2762,1252,1492,0,2,4,3,2753,9,1498
경기도,성남시수정구,,신흥2동제5투,2094,1532,678,840,0,0,3,6,1527,5,562
경기도,성남시수정구,,신흥2동제6투,5077,4198,1840,2329,0,2,11,3,4185,13,879
경기도,성남시수정구,신흥3동,소계,10137,6630,3201,3393,2,3,7,3,6609,21,3507
경기도,성남시수정구,,신흥3동제1투,3210,2059,1017,1035,0,0,0,1,2053,6,1151
경기도,성남시수정구,,신흥3동제2투,3201,2107,994,1098,2,0,4,2,2100,7,1094
경기도,성남시수정구,,신흥3동제3투,3726,2464,1190,1260,0,3,3,0,2456,8,1262
경기도,성남시수정구,태평1동,소계,15757,10975,4883,6043,0,6,13,11,10956,19,4782
경기도,성남시수정구,,태평1동제1투,4788,3324,1465,1850,0,1,1,4,3321,3,1464
경기도,성남시수정구,,태평1동제2투,3788,2643,1215,1411,0,2,5,2,2635,8,1145
경기도,성남시수정구,,태평1동제3투,3818,2604,1163,1432,0,1,3,3,2602,2,1214
경기도,성남시수정구,,태평1동제4투,3363,2404,1040,1350,0,2,4,2,2398,6,959
경기도,성남시수정구,태평2동,소계,15970,11095,5018,6007,3,5,12,13,11058,37,4875
경기도,성남시수정구,,태평2동제1투,3519,2278,951,1316,1,0,4,0,2272,6,1241
경기도,성남시수정구,,태평2동제2투,3868,2810,1264,1529,0,2,1,3,2799,11,1058
경기도,성남시수정구,,태평2동제3투,2416,1676,727,939,0,1,2,3,1672,4,740
경기도,성남시수정구,,태평2동제4투,2892,2090,967,1111,1,1,0,3,2083,7,802
경기도,성남시수정구,,태평2동제5투,3275,2241,1109,1112,1,1,5,4,2232,9,1034
경기도,성남시수정구,태평3동,소계,13241,9378,4195,5121,4,10,16,5,9351,27,3863
경기도,성남시수정구,,태평3동제1투,3352,2439,1030,1387,2,3,5,2,2429,10,913
경기도,성남시수정구,,태평3동제2투,3187,2295,1105,1175,0,2,4,1,2287,8,892
경기도,성남시수정구,,태평3동제3투,3497,2311,1031,1265,2,4,4,2,2308,3,1186
경기도,성남시수정구,,태평3동제4투,3205,2333,1029,1294,0,1,3,0,2327,6,872
경기도,성남시수정구,태평4동,소계,13210,9331,4142,5132,4,4,18,5,9305,26,3879
경기도,성남시수정구,,태평4동제1투,3227,2165,947,1199,0,2,9,0,2157,8,1062
경기도,성남시수정구,,태평4동제2투,2628,1790,830,951,2,0,1,1,1785,5,838
경기도,성남시수정구,,태평4동제3투,3706,2702,1150,1534,2,2,6,1,2695,7,1004
경기도,성남시수정구,,태평4동제4투,3649,2674,1215,1448,0,0,2,3,2668,6,975
경기도,성남시수정구,수진1동,소계,13622,9103,4206,4831,4,3,17,16,9077,26,4519
경기도,성남시수정구,,수진1동제1투,3355,2293,1072,1205,2,0,3,4,2286,7,1062
경기도,성남시수정구,,수진1동제2투,3549,2412,1182,1211,2,1,5,5,2406,6,1137
경기도,성남시수정구,,수진1동제3투,3347,2083,908,1156,0,2,7,3,2076,7,1264
경기도,성남시수정구,,수진1동제4투,3371,2315,1044,1259,0,0,2,4,2309,6,1056
경기도,성남시수정구,수진2동,소계,16309,12021,5494,6455,1,8,14,6,11978,43,4288
경기도,성남시수정구,,수진2동제1투,3781,2594,1149,1430,0,0,2,0,2581,13,1187
경기도,성남시수정구,,수진2동제2투,3715,2605,1157,1435,0,2,1,1,2596,9,1110
경기도,성남시수정구,,수진2동제3투,2579,1813,854,942,0,1,5,2,1804,9,766
경기도,성남시수정구,,수진2동제4투,2240,1735,779,948,0,3,1,1,1732,3,505
경기도,성남시수정구,,수진2동제5투,3994,3274,1555,1700,1,2,5,2,3265,9,720
경기도,성남시수정구,단대동,소계,12768,9544,4328,5152,1,4,21,8,9514,30,3224
경기도,성남시수정구,,단대동제1투,2965,2103,977,1112,0,1,6,1,2097,6,862
경기도,성남시수정구,,단대동제2투,4308,3488,1566,1897,1,2,7,3,3476,12,820
경기도,성남시수정구,,단대동제3투,2956,2098,943,1144,0,1,4,1,2093,5,858
경기도,성남시수정구,,단대동제4투,2539,1855,842,999,0,0,4,3,1848,7,684
경기도,성남시수정구,산성동,소계,12892,9145,3897,5198,3,3,10,9,9120,25,3747
경기도,성남시수정구,,산성동제1투,3336,2376,1023,1334,1,2,4,2,2366,10,960
경기도,성남시수정구,,산성동제2투,3488,2678,1110,1552,1,1,4,3,2671,7,810
경기도,성남시수정구,,산성동제3투,3455,2236,958,1272,0,0,0,3,2233,3,1219
경기도,성남시수정구,,산성동제4투,2613,1855,806,1040,1,0,2,1,1850,5,758
경기도,성남시수정구,양지동,소계,8831,6466,2859,3550,2,1,25,5,6442,24,2365
경기도,성남시수정구,,양지동제1투,3511,2562,1107,1429,1,1,12,3,2553,9,949
경기도,성남시수정구,,양지동제2투,3080,2272,1002,1247,1,0,11,2,2263,9,808
경기도,성남시수정구,,양지동제3투,2240,1632,750,874,0,0,2,0,1626,6,608
경기도,성남시수정구,복정동,소계,11017,8092,2829,5234,2,2,10,5,8082,10,2925
경기도,성남시수정구,,복정동제1투,2865,2157,778,1366,1,1,2,4,2152,5,708
경기도,성남시수정구,,복정동제2투,806,566,339,225,0,0,1,0,565,1,240
경기도,성남시수정구,,복정동제3투,3452,2515,821,1691,0,1,2,0,2515,0,937
경기도,성남시수정구,,복정동제4투,3894,2854,891,1952,1,0,5,1,2850,4,1040
경기도,성남시수정구,신촌동,소계,2487,1851,1160,676,2,1,5,0,1844,7,636
경기도,성남시수정구,,신촌동투표소,2487,1851,1160,676,2,1,5,0,1844,7,636
경기도,성남시수정구,고등동,소계,2449,1790,1126,649,1,0,2,3,1781,9,659
경기도,성남시수정구,,고등동투표소,2449,1790,1126,649,1,0,2,3,1781,9,659
경기도,성남시수정구,시흥동,소계,2750,2141,1373,754,0,2,5,4,2138,3,609
경기도,성남시수정구,,시흥동투표소,2750,2141,1373,754,0,2,5,4,2138,3,609
경기도,성남시중원구,소계,,206445,147567,68309,78261,35,74,214,158,147051,516,58878
경기도,성남시중원구,재외투표,,732,507,200,302,0,1,1,1,505,2,225
경기도,성남시중원구,국내부재자투표,,4136,3887,1784,1983,7,7,10,16,3807,80,249
경기도,성남시중원구,소계,,201577,143173,66325,75976,28,66,203,141,142739,434,58404
경기도,성남시중원구,성남동,소계,26528,18519,8657,9747,4,9,37,10,18464,55,8009
경기도,성남시중원구,,성남동제1투,5731,3849,1756,2072,1,0,5,3,3837,12,1882
경기도,성남시중원구,,성남동제2투,5036,3597,1649,1928,0,2,9,4,3592,5,1439
경기도,성남시중원구,,성남동제3투,3922,3021,1476,1525,1,1,6,1,3010,11,901
경기도,성남시중원구,,성남동제4투,3913,2701,1230,1452,0,1,6,1,2690,11,1212
경기도,성남시중원구,,성남동제5투,5432,3618,1714,1880,2,3,5,1,3605,13,1814
경기도,성남시중원구,,성남동제6투,2494,1733,832,890,0,2,6,0,1730,3,761
경기도,성남시중원구,중앙동,소계,16786,11040,5362,5607,1,11,13,15,11009,31,5746
경기도,성남시중원구,,중앙동제1투,3259,2052,986,1055,1,0,3,2,2047,5,1207
경기도,성남시중원구,,중앙동제2투,3360,2317,1051,1245,0,4,4,3,2307,10,1043
경기도,성남시중원구,,중앙동제3투,2823,1816,925,884,0,2,0,1,1812,4,1007
경기도,성남시중원구,,중앙동제4투,3251,2008,1015,983,0,0,2,3,2003,5,1243
경기도,성남시중원구,,중앙동제5투,4093,2847,1385,1440,0,5,4,6,2840,7,1246
경기도,성남시중원구,금광1동,소계,19255,13325,6120,7122,5,9,19,9,13284,41,5930
경기도,성남시중원구,,금광1동제1투,3648,2241,1091,1128,4,3,5,5,2236,5,1407
경기도,성남시중원구,,금광1동제2투,3617,2621,1201,1406,0,1,4,1,2613,8,996
경기도,성남시중원구,,금광1동제3투,3827,2625,1242,1373,1,1,3,0,2620,5,1202
경기도,성남시중원구,,금광1동제4투,2645,1798,803,978,0,1,2,2,1786,12,847
경기도,성남시중원구,,금광1동제5투,3257,2243,1065,1166,0,0,5,0,2236,7,1014
경기도,성남시중원구,,금광1동제6투,2261,1797,718,1071,0,3,0,1,1793,4,464
경기도,성남시중원구,금광2동,소계,23927,16926,7657,9182,5,7,15,12,16878,48,7001
경기도,성남시중원구,,금광2동제1투,3830,2534,1161,1361,1,2,3,2,2530,4,1296
경기도,성남시중원구,,금광2동제2투,4271,2924,1274,1634,0,1,3,1,2913,11,1347
경기도,성남시중원구,,금광2동제3투,2941,2085,915,1158,0,1,3,2,2079,6,856
경기도,성남시중원구,,금광2동제4투,3568,2530,1136,1386,1,2,0,2,2527,3,1038
경기도,성남시중원구,,금광2동제5투,4587,3115,1440,1648,2,0,2,4,3096,19,1472
경기도,성남시중원구,,금광2동제6투,4730,3738,1731,1995,1,1,4,1,3733,5,992
경기도,성남시중원구,은행1동,소계,10005,7342,3328,3973,0,3,14,5,7323,19,2663
경기도,성남시중원구,,은행1동제1투,3030,2084,970,1100,0,0,4,5,2079,5,946
경기도,성남시중원구,,은행1동제2투,3625,2536,1104,1418,0,1,2,0,2525,11,1089
경기도,성남시중원구,,은행1동제3투,3350,2722,1254,1455,0,2,8,0,2719,3,628
경기도,성남시중원구,은행2동,소계,23114,16611,7499,8991,5,7,21,24,16547,64,6503
경기도,성남시중원구,,은행2동제1투,4675,2961,1348,1585,0,2,3,4,2942,19,1714
경기도,성남시중원구,,은행2동제2투,2934,2082,927,1147,0,1,2,3,2080,2,852
경기도,성남시중원구,,은행2동제3투,3004,2354,1021,1323,1,1,3,2,2351,3,650
경기도,성남시중원구,,은행2동제4투,1988,1412,605,787,1,0,3,4,1400,12,576
경기도,성남시중원구,,은행2동제5투,2246,1538,674,846,1,0,3,5,1529,9,708
경기도,성남시중원구,,은행2동제6투,4425,3483,1606,1854,2,3,4,3,3472,11,942
경기도,성남시중원구,,은행2동제7투,3842,2781,1318,1449,0,0,3,3,2773,8,1061
경기도,성남시중원구,상대원1동,소계,24549,17597,7934,9572,4,1,17,19,17547,50,6952
경기도,성남시중원구,,상대원1동제1투,5223,3410,1578,1815,2,1,4,1,3401,9,1813
경기도,성남시중원구,,상대원1동제2투,4883,3272,1450,1799,0,0,2,6,3257,15,1611
경기도,성남시중원구,,상대원1동제3투,3054,2066,992,1062,1,0,3,3,2061,5,988
경기도,성남시중원구,,상대원1동제4투,2656,2174,925,1239,0,0,2,3,2169,5,482
경기도,성남시중원구,,상대원1동제5투,3116,2485,1068,1407,0,0,2,2,2479,6,631
경기도,성남시중원구,,상대원1동제6투,1959,1449,655,789,0,0,1,3,1448,1,510
경기도,성남시중원구,,상대원1동제7투,3658,2741,1266,1461,1,0,3,1,2732,9,917
경기도,성남시중원구,상대원2동,소계,14491,9644,4678,4906,0,7,7,11,9609,35,4847
경기도,성남시중원구,,상대원2동제1투,3418,2145,1002,1133,0,2,0,2,2139,6,1273
경기도,성남시중원구,,상대원2동제2투,2955,2034,988,1034,0,0,3,1,2026,8,921
경기도,성남시중원구,,상대원2동제3투,2485,1696,855,829,0,1,3,3,1691,5,789
경기도,성남시중원구,,상대원2동제4투,3018,2087,1017,1061,0,1,1,1,2081,6,931
경기도,성남시중원구,,상대원2동제5투,2615,1682,816,849,0,3,0,4,1672,10,933
경기도,성남시중원구,상대원3동,소계,12775,8581,4047,4473,2,4,17,15,8558,23,4194
경기도,성남시중원구,,상대원3동제1투,4727,3228,1579,1620,1,0,10,6,3216,12,1499
경기도,성남시중원구,,상대원3동제2투,3650,2446,1123,1305,1,3,6,5,2443,3,1204
경기도,성남시중원구,,상대원3동제3투,4398,2907,1345,1548,0,1,1,4,2899,8,1491
경기도,성남시중원구,하대원동,소계,18257,14335,6923,7334,1,3,23,13,14297,38,3922
경기도,성남시중원구,,하대원동제1투,3454,2521,1233,1278,0,0,3,3,2517,4,933
경기도,성남시중원구,,하대원동제2투,3681,2797,1351,1429,1,0,5,3,2789,8,884
경기도,성남시중원구,,하대원동제3투,4549,3608,1660,1932,0,2,4,2,3600,8,941
경기도,성남시중원구,,하대원동제4투,4149,3535,1764,1746,0,1,8,3,3522,13,614
경기도,성남시중원구,,하대원동제5투,2424,1874,915,949,0,0,3,2,1869,5,550
경기도,성남시중원구,도촌동,소계,11890,9253,4120,5069,1,5,20,8,9223,30,2637
경기도,성남시중원구,,도촌동제1투,2901,2177,1019,1140,0,2,5,1,2167,10,724
경기도,성남시중원구,,도촌동제2투,3844,3062,1394,1649,0,0,8,3,3054,8,782
경기도,성남시중원구,,도촌동제3투,4044,3142,1352,1773,1,1,4,3,3134,8,902
경기도,성남시중원구,,도촌동제4투,1101,872,355,507,0,2,3,1,868,4,229
경기도,성남시분당구,소계,,381468,306328,162103,142315,60,105,732,218,305533,795,75140
경기도,성남시분당구,재외투표,,4871,3613,1566,2021,0,3,9,2,3601,12,1258
경기도,성남시분당구,국내부재자투표,,9214,8657,4632,3844,5,13,14,24,8532,125,557
경기도,성남시분당구,소계,,367383,294058,155905,136450,55,89,709,192,293400,658,73325
경기도,성남시분당구,분당동,소계,21762,17202,8784,8333,1,2,38,9,17167,35,4560
경기도,성남시분당구,,분당동제1투,3852,3090,1677,1399,0,1,4,3,3084,6,762
경기도,성남시분당구,,분당동제2투,3361,2854,1443,1390,0,0,14,0,2847,7,507
경기도,성남시분당구,,분당동제3투,3241,2617,1600,1005,0,0,5,2,2612,5,624
경기도,성남시분당구,,분당동제4투,3797,2843,1253,1578,0,1,4,2,2838,5,954
경기도,성남시분당구,,분당동제5투,3621,2920,1519,1393,0,0,2,2,2916,4,701
경기도,성남시분당구,,분당동제6투,3890,2878,1292,1568,1,0,9,0,2870,8,1012
경기도,성남시분당구,수내1동,소계,13600,10779,6108,4591,0,6,39,4,10748,31,2821
경기도,성남시분당구,,수내1동제1투,2805,2191,1299,878,0,2,8,0,2187,4,614
경기도,성남시분당구,,수내1동제2투,2619,2177,1342,819,0,1,5,3,2170,7,442
경기도,성남시분당구,,수내1동제3투,3058,2250,1061,1174,0,0,9,0,2244,6,808
경기도,성남시분당구,,수내1동제4투,2222,1759,899,844,0,1,6,1,1751,8,463
경기도,성남시분당구,,수내1동제5투,2896,2402,1507,876,0,2,11,0,2396,6,494
경기도,성남시분당구,수내2동,소계,7737,6392,3887,2462,1,1,17,6,6374,18,1345
경기도,성남시분당구,,수내2동제1투,2716,2219,1318,886,1,0,3,1,2209,10,497
경기도,성남시분당구,,수내2동제2투,3142,2627,1668,939,0,0,11,3,2621,6,515
경기도,성남시분당구,,수내2동제3투,1879,1546,901,637,0,1,3,2,1544,2,333
경기도,성남시분당구,수내3동,소계,11157,8835,4504,4276,0,2,32,2,8816,19,2322
경기도,성남시분당구,,수내3동제1투,3387,2824,1548,1261,0,1,8,1,2819,5,563
경기도,성남시분당구,,수내3동제2투,3316,2784,1556,1206,0,0,15,0,2777,7,532
경기도,성남시분당구,,수내3동제3투,4454,3227,1400,1809,0,1,9,1,3220,7,1227
경기도,성남시분당구,정자1동,소계,37805,29556,17629,11779,5,5,70,9,29497,59,8249
경기도,성남시분당구,,정자1동제1투,3194,2507,1400,1096,0,0,5,2,2503,4,687
경기도,성남시분당구,,정자1동제2투,3233,2567,1685,873,0,0,4,0,2562,5,666
경기도,성남시분당구,,정자1동제3투,4513,3709,2128,1566,1,0,9,0,3704,5,804
경기도,성남시분당구,,정자1동제4투,4145,3479,1428,2032,1,2,7,1,3471,8,666
경기도,성남시분당구,,정자1동제5투,3881,2837,1289,1534,1,1,5,1,2831,6,1044
경기도,성남시분당구,,정자1동제6투,3999,3100,2133,950,0,0,11,1,3095,5,899
경기도,성남시분당구,,정자1동제7투,3073,2300,1428,855,1,0,7,0,2291,9,773
경기도,성남시분당구,,정자1동제8투,4413,3566,2648,901,1,2,7,3,3562,4,847
경기도,성남시분당구,,정자1동제9투,4487,3264,1841,1409,0,0,6,1,3257,7,1223
경기도,성남시분당구,,정자1동제10투,2867,2227,1649,563,0,0,9,0,2221,6,640
경기도,성남시분당구,정자2동,소계,14370,11511,5590,5843,2,6,29,13,11483,28,2859
경기도,성남시분당구,,정자2동제1투,2068,1614,667,941,0,2,2,2,1614,0,454
경기도,성남시분당구,,정자2동제2투,2964,2306,889,1404,0,1,7,1,2302,4,658
경기도,성남시분당구,,정자2동제3투,2203,1624,843,762,2,1,4,6,1618,6,579
경기도,성남시분당구,,정자2동제4투,2366,1945,869,1064,0,1,3,1,1938,7,421
경기도,성남시분당구,,정자2동제5투,2085,1779,905,861,0,0,7,0,1773,6,306
경기도,성남시분당구,,정자2동제6투,2684,2243,1417,811,0,1,6,3,2238,5,441
경기도,성남시분당구,정자3동,소계,12832,10240,5256,4925,0,6,18,3,10208,32,2592
경기도,성남시분당구,,정자3동제1투,4740,3810,1897,1891,0,2,3,2,3795,15,930
경기도,성남시분당구,,정자3동제2투,3656,2799,1261,1526,0,1,6,1,2795,4,857
경기도,성남시분당구,,정자3동제3투,4436,3631,2098,1508,0,3,9,0,3618,13,805
경기도,성남시분당구,서현1동,소계,24207,19033,10724,8214,1,5,39,5,18988,45,5174
경기도,성남시분당구,,서현1동제1투,4989,3512,1712,1785,0,0,7,2,3506,6,1477
경기도,성남시분당구,,서현1동제2투,4662,3695,2232,1448,0,1,6,0,3687,8,967
경기도,성남시분당구,,서현1동제3투,4557,3707,2036,1651,0,2,7,1,3697,10,850
경기도,성남시분당구,,서현1동제4투,3117,2579,1646,916,1,0,5,0,2568,11,538
경기도,성남시분당구,,서현1동제5투,4353,3571,2185,1369,0,1,10,0,3565,6,782
경기도,성남시분당구,,서현1동제6투,2529,1969,913,1045,0,1,4,2,1965,4,560
경기도,성남시분당구,서현2동,소계,15235,12374,6485,5808,2,2,41,11,12349,25,2861
경기도,성남시분당구,,서현2동제1투,3973,3264,1910,1335,1,0,13,1,3260,4,709
경기도,성남시분당구,,서현2동제2투,3648,3060,1752,1284,0,1,10,5,3052,8,588
경기도,성남시분당구,,서현2동제3투,3833,3052,1380,1652,1,1,8,2,3044,8,781
경기도,성남시분당구,,서현2동제4투,3781,2998,1443,1537,0,0,10,3,2993,5,783
경기도,성남시분당구,이매1동,소계,20648,16899,9457,7346,6,6,39,10,16864,35,3749
경기도,성남시분당구,,이매1동제1투,4695,3774,2325,1427,2,1,6,2,3763,11,921
경기도,성남시분당구,,이매1동제2투,3402,2845,1631,1194,1,0,8,1,2835,10,557
경기도,성남시분당구,,이매1동제3투,2663,2217,1285,920,0,1,9,1,2216,1,446
경기도,성남시분당구,,이매1동제4투,3329,2776,1499,1268,0,0,5,2,2774,2,553
경기도,성남시분당구,,이매1동제5투,2525,2153,1059,1085,0,0,4,1,2149,4,372
경기도,성남시분당구,,이매1동제6투,4034,3134,1658,1452,3,4,7,3,3127,7,900
경기도,성남시분당구,이매2동,소계,11333,9180,5587,3551,3,2,18,4,9165,15,2153
경기도,성남시분당구,,이매2동제1투,3187,2585,1562,1017,1,1,3,0,2584,1,602
경기도,성남시분당구,,이매2동제2투,3833,3064,1872,1172,1,1,6,2,3054,10,769
경기도,성남시분당구,,이매2동제3투,4313,3531,2153,1362,1,0,9,2,3527,4,782
경기도,성남시분당구,야탑1동,소계,14864,11942,6132,5738,1,4,31,10,11916,26,2922
경기도,성남시분당구,,야탑1동제1투,2824,1964,1021,930,0,0,5,1,1957,7,860
경기도,성남시분당구,,야탑1동제2투,4016,3317,1792,1501,0,2,10,3,3308,9,699
경기도,성남시분당구,,야탑1동제3투,2835,2409,1297,1098,0,1,5,3,2404,5,426
경기도,성남시분당구,,야탑1동제4투,2720,2274,1049,1217,0,0,4,1,2271,3,446
경기도,성남시분당구,,야탑1동제5투,2469,1978,973,992,1,1,7,2,1976,2,491
경기도,성남시분당구,야탑2동,소계,14264,11686,6866,4754,4,2,30,6,11662,24,2578
경기도,성남시분당구,,야탑2동제1투,3428,2789,1790,982,1,0,8,0,2781,8,639
경기도,성남시분당구,,야탑2동제2투,4505,3726,2304,1406,2,1,7,2,3722,4,779
경기도,성남시분당구,,야탑2동제3투,3676,3013,1718,1278,1,0,9,1,3007,6,663
경기도,성남시분당구,,야탑2동제4투,2655,2158,1054,1088,0,1,6,3,2152,6,497
경기도,성남시분당구,야탑3동,소계,25677,20241,9069,11053,8,7,33,19,20189,52,5436
경기도,성남시분당구,,야탑3동제1투,4746,3519,1544,1944,3,2,11,5,3509,10,1227
경기도,성남시분당구,,야탑3동제2투,3801,3050,1359,1674,1,0,4,2,3040,10,751
경기도,성남시분당구,,야탑3동제3투,4112,3431,1452,1963,1,2,2,3,3423,8,681
경기도,성남시분당구,,야탑3동제4투,3554,2587,1266,1295,1,1,5,5,2573,14,967
경기도,성남시분당구,,야탑3동제5투,2612,2160,991,1162,0,1,4,2,2160,0,452
경기도,성남시분당구,,야탑3동제6투,3386,2709,1325,1373,0,1,3,1,2703,6,677
경기도,성남시분당구,,야탑3동제7투,3466,2785,1132,1642,2,0,4,1,2781,4,681
경기도,성남시분당구,금곡동,소계,23532,18745,10204,8430,6,3,37,16,18696,49,4787
경기도,성남시분당구,,금곡동제1투,3670,2910,1421,1483,0,1,1,2,2908,2,760
경기도,성남시분당구,,금곡동제2투,3405,2898,1585,1292,1,0,9,3,2890,8,507
경기도,성남시분당구,,금곡동제3투,3310,2532,1223,1282,3,0,5,5,2518,14,778
경기도,성남시분당구,,금곡동제4투,4018,3313,1958,1327,1,1,10,2,3299,14,705
경기도,성남시분당구,,금곡동제5투,2397,1900,882,1010,1,0,3,1,1897,3,497
경기도,성남시분당구,,금곡동제6투,3926,3000,1686,1304,0,0,7,0,2997,3,926
경기도,성남시분당구,,금곡동제7투,2806,2192,1449,732,0,1,2,3,2187,5,614
경기도,성남시분당구,구미동,소계,25973,20725,10816,9787,3,7,46,18,20677,48,5248
경기도,성남시분당구,,구미동제1투,2769,2391,1206,1170,0,1,4,1,2382,9,378
경기도,성남시분당구,,구미동제2투,3408,2853,1205,1630,0,1,9,2,2847,6,555
경기도,성남시분당구,,구미동제3투,1855,1559,804,752,0,0,1,1,1558,1,296
경기도,성남시분당구,,구미동제4투,3150,2338,1686,645,0,0,4,0,2335,3,812
경기도,성남시분당구,,구미동제5투,3759,3097,1537,1540,1,0,10,2,3090,7,662
경기도,성남시분당구,,구미동제6투,3137,2486,1400,1070,0,2,8,2,2482,4,651
경기도,성남시분당구,,구미동제7투,3820,2962,1509,1435,0,1,5,5,2955,7,858
경기도,성남시분당구,,구미동제8투,4075,3039,1469,1545,2,2,5,5,3028,11,1036
경기도,성남시분당구,구미1동,소계,14093,11173,5498,5598,3,6,34,8,11147,26,2920
경기도,성남시분당구,,구미1동제1투,4524,3308,1520,1768,0,0,9,4,3301,7,1216
경기도,성남시분당구,,구미1동제2투,4600,3735,1816,1896,0,3,10,1,3726,9,865
경기도,성남시분당구,,구미1동제3투,2329,1907,1120,767,2,1,9,1,1900,7,422
경기도,성남시분당구,,구미1동제4투,2640,2223,1042,1167,1,2,6,2,2220,3,417
경기도,성남시분당구,판교동,소계,15651,12896,6599,6226,2,3,31,16,12877,19,2755
경기도,성남시분당구,,판교동제1투,3300,2750,1287,1451,0,0,5,4,2747,3,550
경기도,성남시분당구,,판교동제2투,4154,3494,1898,1574,0,0,13,4,3489,5,660
경기도,성남시분당구,,판교동제3투,4162,3455,1982,1453,0,2,10,3,3450,5,707
경기도,성남시분당구,,판교동제4투,4035,3197,1432,1748,2,1,3,5,3191,6,838
경기도,성남시분당구,삼평동,소계,17307,14028,6448,7506,3,7,28,8,14000,28,3279
경기도,성남시분당구,,삼평동제1투,4685,3805,1681,2105,1,0,10,0,3797,8,880
경기도,성남시분당구,,삼평동제2투,3398,2795,1270,1507,1,1,8,1,2788,7,603
경기도,성남시분당구,,삼평동제3투,4598,3498,1542,1940,0,3,4,2,3491,7,1100
경기도,성남시분당구,,삼평동제4투,4626,3930,1955,1954,1,3,6,5,3924,6,696
경기도,성남시분당구,백현동,소계,10487,8768,4145,4564,3,3,29,4,8748,20,1719
경기도,성남시분당구,,백현동제1투,4173,3475,1654,1801,1,1,12,0,3469,6,698
경기도,성남시분당구,,백현동제2투,3377,2848,1274,1548,0,1,12,4,2839,9,529
경기도,성남시분당구,,백현동제3투,2937,2445,1217,1215,2,1,5,0,2440,5,492
경기도,성남시분당구,운중동,소계,14849,11853,6117,5666,1,4,30,11,11829,24,2996
경기도,성남시분당구,,운중동제1투,2068,1578,869,701,0,0,3,2,1575,3,490
경기도,성남시분당구,,운중동제2투,3112,2510,1337,1160,0,1,9,1,2508,2,602
경기도,성남시분당구,,운중동제3투,2908,2305,1216,1067,1,1,7,6,2298,7,603
경기도,성남시분당구,,운중동제4투,2114,1638,695,934,0,2,2,2,1635,3,476
경기도,성남시분당구,,운중동제5투,4647,3822,2000,1804,0,0,9,0,3813,9,825
경기도,의정부시,소계,,337945,249229,127092,120550,64,117,368,237,248428,801,88716
경기도,의정부시,재외투표,,1529,1074,449,618,0,2,1,1,1071,3,455
경기도,의정부시,국내부재자투표,,7141,6744,3287,3270,12,18,11,30,6628,116,397
경기도,의정부시,소계,,329275,241411,123356,116662,52,97,356,206,240729,682,87864
경기도,의정부시,의정부1동,소계,17094,11154,6349,4744,3,4,11,9,11120,34,5940
경기도,의정부시,,의정부1동제1투,4249,2637,1564,1062,1,1,4,1,2633,4,1612
경기도,의정부시,,의정부1동제2투,3559,2120,1246,864,1,0,2,3,2116,4,1439
경기도,의정부시,,의정부1동제3투,3761,2490,1407,1072,0,0,1,0,2480,10,1271
경기도,의정부시,,의정부1동제4투,2304,1624,877,739,0,1,1,2,1620,4,680
경기도,의정부시,,의정부1동제5투,3221,2283,1255,1007,1,2,3,3,2271,12,938
경기도,의정부시,의정부2동,소계,22798,15245,7754,7404,1,9,21,16,15205,40,7553
경기도,의정부시,,의정부2동제1투,4739,2919,1406,1498,0,2,4,2,2912,7,1820
경기도,의정부시,,의정부2동제2투,2708,1789,1000,775,0,2,4,2,1783,6,919
경기도,의정부시,,의정부2동제3투,2852,1847,1060,780,0,0,2,2,1844,3,1005
경기도,의정부시,,의정부2동제4투,3525,2461,1231,1217,1,3,3,3,2458,3,1064
경기도,의정부시,,의정부2동제5투,3245,2198,1101,1086,0,1,0,2,2190,8,1047
경기도,의정부시,,의정부2동제6투,3040,2071,1034,1019,0,0,5,4,2062,9,969
경기도,의정부시,,의정부2동제7투,2689,1960,922,1029,0,1,3,1,1956,4,729
경기도,의정부시,의정부3동,소계,11777,7870,4344,3471,0,3,14,12,7844,26,3907
경기도,의정부시,,의정부3동제1투,4105,2620,1474,1126,0,0,5,5,2610,10,1485
경기도,의정부시,,의정부3동제2투,3718,2437,1461,956,0,1,7,6,2431,6,1281
경기도,의정부시,,의정부3동제3투,3954,2813,1409,1389,0,2,2,1,2803,10,1141
경기도,의정부시,호원1동,소계,26266,20508,10228,10161,7,10,28,20,20454,54,5758
경기도,의정부시,,호원1동제1투,4215,3053,1520,1515,1,2,7,4,3049,4,1162
경기도,의정부시,,호원1동제2투,3928,3279,1784,1473,0,4,7,2,3270,9,649
경기도,의정부시,,호원1동제3투,2460,1733,846,876,0,0,1,3,1726,7,727
경기도,의정부시,,호원1동제4투,3000,2257,1209,1038,1,0,0,3,2251,6,743
경기도,의정부시,,호원1동제5투,3451,2789,1296,1476,2,2,1,4,2781,8,662
경기도,의정부시,,호원1동제6투,3032,2454,1185,1250,2,2,4,1,2444,10,578
경기도,의정부시,,호원1동제7투,4025,3222,1511,1697,0,0,6,3,3217,5,803
경기도,의정부시,,호원1동제8투,2155,1721,877,836,1,0,2,0,1716,5,434
경기도,의정부시,호원2동,소계,29349,23210,11370,11712,2,5,34,26,23149,61,6139
경기도,의정부시,,호원2동제1투,5246,4034,1940,2074,0,0,7,3,4024,10,1212
경기도,의정부시,,호원2동제2투,3789,3034,1440,1584,0,0,4,3,3031,3,755
경기도,의정부시,,호원2동제3투,4369,3361,1643,1690,0,2,7,4,3346,15,1008
경기도,의정부시,,호원2동제4투,4201,3330,1559,1754,1,1,3,7,3325,5,871
경기도,의정부시,,호원2동제5투,3581,2905,1521,1364,1,1,3,2,2892,13,676
경기도,의정부시,,호원2동제6투,3833,3055,1458,1582,0,1,3,5,3049,6,778
경기도,의정부시,,호원2동제7투,4330,3491,1809,1664,0,0,7,2,3482,9,839
경기도,의정부시,장암동,소계,17216,13403,6507,6796,2,7,19,18,13349,54,3813
경기도,의정부시,,장암동제1투,3678,3069,1507,1549,0,3,0,0,3059,10,609
경기도,의정부시,,장암동제2투,3823,2719,1436,1255,1,2,5,4,2703,16,1104
경기도,의정부시,,장암동제3투,3335,2584,1241,1329,1,1,2,4,2578,6,751
경기도,의정부시,,장암동제4투,3393,2602,1279,1305,0,0,4,4,2592,10,791
경기도,의정부시,,장암동제5투,342,245,159,81,0,0,1,2,243,2,97
경기도,의정부시,,장암동제6투,2645,2184,885,1277,0,1,7,4,2174,10,461
경기도,의정부시,신곡1동,소계,35775,26945,13487,13286,6,15,40,17,26851,94,8830
경기도,의정부시,,신곡1동제1투,3978,2404,1248,1143,1,1,0,0,2393,11,1574
경기도,의정부시,,신곡1동제2투,3562,2722,1549,1154,1,0,1,2,2707,15,840
경기도,의정부시,,신곡1동제3투,3547,2378,1254,1099,2,2,4,3,2364,14,1169
경기도,의정부시,,신곡1동제4투,3654,2806,1403,1378,1,1,7,4,2794,12,848
경기도,의정부시,,신곡1동제5투,4585,3502,1848,1632,1,2,8,6,3497,5,1083
경기도,의정부시,,신곡1동제6투,4203,3220,1569,1638,0,0,5,1,3213,7,983
경기도,의정부시,,신곡1동제7투,3399,2762,1224,1527,0,2,3,0,2756,6,637
경기도,의정부시,,신곡1동제8투,4475,3489,1488,1981,0,2,4,0,3475,14,986
경기도,의정부시,,신곡1동제9투,4372,3662,1904,1734,0,5,8,1,3652,10,710
경기도,의정부시,신곡2동,소계,35522,27530,14225,13160,5,9,44,22,27465,65,7992
경기도,의정부시,,신곡2동제1투,3629,2605,1306,1281,0,0,6,3,2596,9,1024
경기도,의정부시,,신곡2동제2투,3385,2681,1326,1337,1,1,5,4,2674,7,704
경기도,의정부시,,신곡2동제3투,3202,2475,1313,1148,2,0,5,1,2469,6,727
경기도,의정부시,,신곡2동제4투,3279,2594,1239,1345,0,2,2,1,2589,5,685
경기도,의정부시,,신곡2동제5투,3686,2872,1381,1479,0,0,5,1,2866,6,814
경기도,의정부시,,신곡2동제6투,3504,2846,1668,1167,0,0,4,1,2840,6,658
경기도,의정부시,,신곡2동제7투,3931,2855,1394,1442,1,2,5,2,2846,9,1076
경기도,의정부시,,신곡2동제8투,3587,2927,1539,1375,1,0,3,2,2920,7,660
경기도,의정부시,,신곡2동제9투,3618,3007,1591,1397,0,2,8,4,3002,5,611
경기도,의정부시,,신곡2동제10투,3701,2668,1468,1189,0,2,1,3,2663,5,1033
경기도,의정부시,송산1동,소계,27160,19623,10013,9493,5,10,25,19,19565,58,7537
경기도,의정부시,,송산1동제1투,3593,2827,1416,1392,0,1,6,4,2819,8,766
경기도,의정부시,,송산1동제2투,2810,2197,1063,1123,0,1,1,1,2189,8,613
경기도,의정부시,,송산1동제3투,3929,2894,1379,1492,1,0,2,5,2879,15,1035
경기도,의정부시,,송산1동제4투,3047,2275,965,1302,0,2,4,0,2273,2,772
경기도,의정부시,,송산1동제5투,2628,1880,1012,856,2,1,1,2,1874,6,748
경기도,의정부시,,송산1동제6투,4145,2658,1445,1193,1,1,7,4,2651,7,1487
경기도,의정부시,,송산1동제7투,4910,3426,1728,1683,0,4,3,1,3419,7,1484
경기도,의정부시,,송산1동제8투,1080,774,572,197,0,0,1,0,770,4,306
경기도,의정부시,,송산1동제9투,1018,692,433,255,1,0,0,2,691,1,326
경기도,의정부시,송산2동,소계,26143,19678,9223,10350,10,5,31,14,19633,45,6465
경기도,의정부시,,송산2동제1투,4662,3299,1591,1683,4,2,7,4,3291,8,1363
경기도,의정부시,,송산2동제2투,4070,3087,1352,1720,2,0,7,1,3082,5,983
경기도,의정부시,,송산2동제3투,4279,3368,1645,1707,1,2,5,3,3363,5,911
경기도,의정부시,,송산2동제4투,4013,3174,1470,1692,1,0,2,2,3167,7,839
경기도,의정부시,,송산2동제5투,3866,2907,1325,1568,1,1,2,1,2898,9,959
경기도,의정부시,,송산2동제6투,5253,3843,1840,1980,1,0,8,3,3832,11,1410
경기도,의정부시,자금동,소계,23761,17293,9031,8167,2,9,25,14,17248,45,6468
경기도,의정부시,,자금동제1투,3905,2473,1359,1105,0,1,1,1,2467,6,1432
경기도,의정부시,,자금동제2투,4158,3101,1667,1413,0,3,6,3,3092,9,1057
경기도,의정부시,,자금동제3투,3070,2211,1276,923,0,2,4,0,2205,6,859
경기도,의정부시,,자금동제4투,3126,2159,1184,956,0,1,5,4,2150,9,967
경기도,의정부시,,자금동제5투,4205,3125,1543,1569,1,1,2,2,3118,7,1080
경기도,의정부시,,자금동제6투,5297,4224,2002,2201,1,1,7,4,4216,8,1073
경기도,의정부시,가능1동,소계,21124,14219,7779,6351,5,5,23,12,14175,44,6905
경기도,의정부시,,가능1동제1투,3758,2252,1269,970,1,0,2,4,2246,6,1506
경기도,의정부시,,가능1동제2투,4309,3159,1687,1453,1,1,7,1,3150,9,1150
경기도,의정부시,,가능1동제3투,3068,2084,1094,980,0,0,1,1,2076,8,984
경기도,의정부시,,가능1동제4투,2436,1704,970,722,2,1,3,0,1698,6,732
경기도,의정부시,,가능1동제5투,3893,2550,1400,1133,1,1,3,2,2540,10,1343
경기도,의정부시,,가능1동제6투,3660,2470,1359,1093,0,2,7,4,2465,5,1190
경기도,의정부시,가능2동,소계,8134,5276,2863,2383,2,1,12,0,5261,15,2858
경기도,의정부시,,가능2동제1투,2735,1525,838,678,1,0,2,0,1519,6,1210
경기도,의정부시,,가능2동제2투,2478,1712,894,810,0,1,4,0,1709,3,766
경기도,의정부시,,가능2동제3투,2921,2039,1131,895,1,0,6,0,2033,6,882
경기도,의정부시,가능3동,소계,9374,6387,3551,2804,0,1,7,4,6367,20,2987
경기도,의정부시,,가능3동제1투,3890,2628,1397,1218,0,1,2,1,2619,9,1262
경기도,의정부시,,가능3동제2투,2838,1980,1113,859,0,0,1,1,1974,6,858
경기도,의정부시,,가능3동제3투,2646,1779,1041,727,0,0,4,2,1774,5,867
경기도,의정부시,녹양동,소계,17782,13070,6632,6380,2,4,22,3,13043,27,4712
경기도,의정부시,,녹양동제1투,3786,2550,1333,1204,1,1,6,0,2545,5,1236
경기도,의정부시,,녹양동제2투,4075,3056,1455,1583,1,1,7,1,3048,8,1019
경기도,의정부시,,녹양동제3투,3195,2294,1211,1075,0,1,4,1,2292,2,901
경기도,의정부시,,녹양동제4투,4344,3345,1634,1699,0,1,4,1,3339,6,999
경기도,의정부시,,녹양동제5투,2382,1825,999,819,0,0,1,0,1819,6,557
경기도,안양시만안구,소계,,206674,156859,76396,79472,39,87,262,131,156387,472,49815
경기도,안양시만안구,재외투표,,1062,787,331,446,0,0,3,0,780,7,275
경기도,안양시만안구,국내부재자투표,,4554,4303,2116,2080,2,4,11,21,4234,69,251
경기도,안양시만안구,소계,,201058,151769,73949,76946,37,83,248,110,151373,396,49289
경기도,안양시만안구,안양1동,소계,14338,11605,5506,6025,1,10,24,5,11571,34,2733
경기도,안양시만안구,,안양1동제1투,2793,2244,1020,1213,0,3,1,1,2238,6,549
경기도,안양시만안구,,안양1동제2투,4843,4120,1833,2256,0,2,10,2,4103,17,723
경기도,안양시만안구,,안양1동제3투,2580,2070,1008,1051,0,2,3,1,2065,5,510
경기도,안양시만안구,,안양1동제4투,2825,2362,1176,1168,0,3,9,1,2357,5,463
경기도,안양시만안구,,안양1동제5투,1297,809,469,337,1,0,1,0,808,1,488
경기도,안양시만안구,안양2동,소계,19526,14080,6974,7011,4,11,25,14,14039,41,5446
경기도,안양시만안구,,안양2동제1투,4387,2889,1416,1447,1,1,7,3,2875,14,1498
경기도,안양시만안구,,안양2동제2투,4911,3727,1776,1927,0,3,6,3,3715,12,1184
경기도,안양시만안구,,안양2동제3투,3637,2567,1307,1242,2,6,5,0,2562,5,1070
경기도,안양시만안구,,안양2동제4투,3957,2930,1485,1427,0,1,5,6,2924,6,1027
경기도,안양시만안구,,안양2동제5투,2634,1967,990,968,1,0,2,2,1963,4,667
경기도,안양시만안구,안양3동,소계,15079,10970,5453,5443,5,6,19,7,10933,37,4109
경기도,안양시만안구,,안양3동제1투,3404,2315,1147,1151,1,1,5,1,2306,9,1089
경기도,안양시만안구,,안양3동제2투,3815,2766,1291,1457,0,3,7,2,2760,6,1049
경기도,안양시만안구,,안양3동제3투,4372,3013,1516,1474,2,1,4,3,3000,13,1359
경기도,안양시만안구,,안양3동제4투,3488,2876,1499,1361,2,1,3,1,2867,9,612
경기도,안양시만안구,안양4동,소계,5900,4480,2330,2125,2,2,5,2,4466,14,1420
경기도,안양시만안구,,안양4동제1투,2848,2060,1083,964,1,0,2,1,2051,9,788
경기도,안양시만안구,,안양4동제2투,3052,2420,1247,1161,1,2,3,1,2415,5,632
경기도,안양시만안구,안양5동,소계,12134,8631,4424,4165,2,7,7,5,8610,21,3503
경기도,안양시만안구,,안양5동제1투,4314,3254,1678,1562,0,3,4,1,3248,6,1060
경기도,안양시만안구,,안양5동제2투,4280,3066,1548,1503,1,2,2,2,3058,8,1214
경기도,안양시만안구,,안양5동제3투,3540,2311,1198,1100,1,2,1,2,2304,7,1229
경기도,안양시만안구,안양6동,소계,17464,12563,6278,6217,1,1,15,11,12523,40,4901
경기도,안양시만안구,,안양6동제1투,5385,3709,1806,1885,0,0,4,2,3697,12,1676
경기도,안양시만안구,,안양6동제2투,3741,2734,1412,1313,0,1,3,1,2730,4,1007
경기도,안양시만안구,,안양6동제3투,4903,3616,1821,1771,1,0,4,5,3602,14,1287
경기도,안양시만안구,,안양6동제4투,3435,2504,1239,1248,0,0,4,3,2494,10,931
경기도,안양시만안구,안양7동,소계,4260,2953,1467,1471,0,1,4,1,2944,9,1307
경기도,안양시만안구,,안양7동제1투,1541,926,485,435,0,1,1,0,922,4,615
경기도,안양시만안구,,안양7동제2투,2719,2027,982,1036,0,0,3,1,2022,5,692
경기도,안양시만안구,안양8동,소계,10269,7428,3585,3789,3,3,16,7,7403,25,2841
경기도,안양시만안구,,안양8동제1투,3621,2545,1243,1280,2,2,4,4,2535,10,1076
경기도,안양시만안구,,안양8동제2투,3757,2704,1273,1413,0,0,8,1,2695,9,1053
경기도,안양시만안구,,안양8동제3투,2891,2179,1069,1096,1,1,4,2,2173,6,712
경기도,안양시만안구,안양9동,소계,14958,11314,5671,5579,2,2,21,13,11288,26,3644
경기도,안양시만안구,,안양9동제1투,2835,2123,1033,1075,0,1,5,5,2119,4,712
경기도,안양시만안구,,안양9동제2투,3806,2935,1403,1520,0,1,5,3,2932,3,871
경기도,안양시만안구,,안양9동제3투,3653,2625,1351,1258,1,0,2,4,2616,9,1028
경기도,안양시만안구,,안양9동제4투,4664,3631,1884,1726,1,0,9,1,3621,10,1033
경기도,안양시만안구,석수1동,소계,16268,13057,6110,6868,3,8,28,6,13023,34,3211
경기도,안양시만안구,,석수1동제1투,5247,3992,1843,2129,1,2,8,0,3983,9,1255
경기도,안양시만안구,,석수1동제2투,3695,2793,1329,1445,1,2,6,1,2784,9,902
경기도,안양시만안구,,석수1동제3투,2374,1983,847,1114,1,1,8,1,1972,11,391
경기도,안양시만안구,,석수1동제4투,4952,4289,2091,2180,0,3,6,4,4284,5,663
경기도,안양시만안구,석수2동,소계,27053,21134,9872,11140,8,13,41,13,21087,47,5919
경기도,안양시만안구,,석수2동제1투,1946,1437,687,745,1,0,1,1,1435,2,509
경기도,안양시만안구,,석수2동제2투,4486,3501,1746,1739,1,1,7,0,3494,7,985
경기도,안양시만안구,,석수2동제3투,3057,2300,1133,1151,2,1,7,1,2295,5,757
경기도,안양시만안구,,석수2동제4투,3072,2519,1258,1251,1,1,4,1,2516,3,553
경기도,안양시만안구,,석수2동제5투,2895,2132,1038,1083,2,0,3,1,2127,5,763
경기도,안양시만안구,,석수2동제6투,3236,2380,1144,1219,1,0,5,3,2372,8,856
경기도,안양시만안구,,석수2동제7투,4463,3576,1537,2010,0,8,9,2,3566,10,887
경기도,안양시만안구,,석수2동제8투,3898,3289,1329,1942,0,2,5,4,3282,7,609
경기도,안양시만안구,석수3동,소계,12195,9169,4280,4836,1,10,12,8,9147,22,3026
경기도,안양시만안구,,석수3동제1투,4392,3154,1511,1628,1,3,4,1,3148,6,1238
경기도,안양시만안구,,석수3동제2투,3811,3064,1386,1661,0,5,4,3,3059,5,747
경기도,안양시만안구,,석수3동제3투,3992,2951,1383,1547,0,2,4,4,2940,11,1041
경기도,안양시만안구,박달1동,소계,14486,10539,5233,5263,2,2,13,9,10522,17,3947
경기도,안양시만안구,,박달1동제1투,4248,2951,1433,1504,1,2,5,2,2947,4,1297
경기도,안양시만안구,,박달1동제2투,2885,2073,1092,972,1,0,5,1,2071,2,812
경기도,안양시만안구,,박달1동제3투,3412,2388,1242,1138,0,0,1,3,2384,4,1024
경기도,안양시만안구,,박달1동제4투,3941,3127,1466,1649,0,0,2,3,3120,7,814
경기도,안양시만안구,박달2동,소계,17128,13846,6766,7014,3,7,18,9,13817,29,3282
경기도,안양시만안구,,박달2동제1투,3405,2585,1258,1310,1,2,5,3,2579,6,820
경기도,안양시만안구,,박달2동제2투,2706,2276,1125,1145,0,0,2,2,2274,2,430
경기도,안양시만안구,,박달2동제3투,3425,2822,1404,1407,2,1,2,1,2817,5,603
경기도,안양시만안구,,박달2동제4투,3884,3022,1427,1581,0,2,3,1,3014,8,862
경기도,안양시만안구,,박달2동제5투,3708,3141,1552,1571,0,2,6,2,3133,8,567
경기도,안양시동안구,소계,,276827,221572,103793,116384,54,111,471,176,220989,583,55255
경기도,안양시동안구,재외투표,,2019,1472,570,886,1,2,4,1,1464,8,547
경기도,안양시동안구,국내부재자투표,,6734,6345,3025,3192,10,8,16,18,6269,76,389
경기도,안양시동안구,소계,,268074,213755,100198,112306,43,101,451,157,213256,499,54319
경기도,안양시동안구,비산1동,소계,20537,16544,8146,8302,4,10,29,14,16505,39,3993
경기도,안양시동안구,,비산1동제1투,3047,2067,970,1081,2,3,2,1,2059,8,980
경기도,안양시동안구,,비산1동제2투,3138,2434,1209,1214,0,1,0,3,2427,7,704
경기도,안양시동안구,,비산1동제3투,4526,3746,1627,2098,0,1,9,5,3740,6,780
경기도,안양시동안구,,비산1동제4투,4309,3605,2001,1588,0,2,6,0,3597,8,704
경기도,안양시동안구,,비산1동제5투,2766,2353,1222,1111,1,1,8,4,2347,6,413
경기도,안양시동안구,,비산1동제6투,2751,2339,1117,1210,1,2,4,1,2335,4,412
경기도,안양시동안구,비산2동,소계,11159,9072,4419,4586,4,4,27,9,9049,23,2087
경기도,안양시동안구,,비산2동제1투,3100,2369,1191,1156,1,3,9,2,2362,7,731
경기도,안양시동안구,,비산2동제2투,4354,3573,1662,1890,2,0,6,3,3563,10,781
경기도,안양시동안구,,비산2동제3투,3705,3130,1566,1540,1,1,12,4,3124,6,575
경기도,안양시동안구,비산3동,소계,20258,15412,7565,7760,2,3,26,11,15367,45,4846
경기도,안양시동안구,,비산3동제1투,3715,2956,1514,1428,0,1,4,3,2950,6,759
경기도,안양시동안구,,비산3동제2투,3333,2717,1358,1341,0,1,6,1,2707,10,616
경기도,안양시동안구,,비산3동제3투,3685,2633,1207,1411,1,1,4,2,2626,7,1052
경기도,안양시동안구,,비산3동제4투,2855,2135,1085,1041,0,0,3,2,2131,4,720
경기도,안양시동안구,,비산3동제5투,3125,2370,1133,1221,0,0,5,2,2361,9,755
경기도,안양시동안구,,비산3동제6투,3545,2601,1268,1318,1,0,4,1,2592,9,944
경기도,안양시동안구,부흥동,소계,14314,11719,5260,6390,3,5,24,9,11691,28,2595
경기도,안양시동안구,,부흥동제1투,2526,2000,895,1096,0,1,4,2,1998,2,526
경기도,안양시동안구,,부흥동제2투,2733,2277,1024,1242,1,0,3,1,2271,6,456
경기도,안양시동안구,,부흥동제3투,2364,1784,803,967,2,0,6,1,1779,5,580
경기도,안양시동안구,,부흥동제4투,3866,3246,1458,1764,0,3,5,4,3234,12,620
경기도,안양시동안구,,부흥동제5투,2825,2412,1080,1321,0,1,6,1,2409,3,413
경기도,안양시동안구,달안동,소계,10057,7842,3035,4750,2,3,15,4,7809,33,2215
경기도,안양시동안구,,달안동제1투,3494,2672,1034,1614,1,0,6,1,2656,16,822
경기도,안양시동안구,,달안동제2투,3234,2451,957,1481,0,1,6,2,2447,4,783
경기도,안양시동안구,,달안동제3투,3329,2719,1044,1655,1,2,3,1,2706,13,610
경기도,안양시동안구,관양1동,소계,28445,22013,10304,11579,3,14,46,14,21960,53,6432
경기도,안양시동안구,,관양1동제1투,4015,2909,1367,1523,0,3,9,2,2904,5,1106
경기도,안양시동안구,,관양1동제2투,4360,3426,1800,1604,0,1,6,2,3413,13,934
경기도,안양시동안구,,관양1동제3투,4122,3113,1496,1599,1,1,10,0,3107,6,1009
경기도,안양시동안구,,관양1동제4투,3662,2725,1302,1407,0,1,9,1,2720,5,937
경기도,안양시동안구,,관양1동제5투,2707,2091,921,1158,0,4,2,1,2086,5,616
경기도,안양시동안구,,관양1동제6투,3498,2679,1237,1424,1,1,3,5,2671,8,819
경기도,안양시동안구,,관양1동제7투,3748,3050,1470,1563,0,2,5,1,3041,9,698
경기도,안양시동안구,,관양1동제8투,2333,2020,711,1301,1,1,2,2,2018,2,313
경기도,안양시동안구,관양2동,소계,13231,9891,4486,5343,2,6,16,12,9865,26,3340
경기도,안양시동안구,,관양2동제1투,3447,2596,1165,1415,1,1,5,4,2591,5,851
경기도,안양시동안구,,관양2동제2투,3643,2602,1158,1431,0,1,3,3,2596,6,1041
경기도,안양시동안구,,관양2동제3투,2375,1665,762,892,1,1,3,3,1662,3,710
경기도,안양시동안구,,관양2동제4투,3766,3028,1401,1605,0,3,5,2,3016,12,738
경기도,안양시동안구,부림동,소계,19605,15832,6325,9422,0,11,33,11,15802,30,3773
경기도,안양시동안구,,부림동제1투,3869,3040,1192,1834,0,0,5,2,3033,7,829
경기도,안양시동안구,,부림동제2투,3361,2758,1104,1633,0,5,8,1,2751,7,603
경기도,안양시동안구,,부림동제3투,3864,3214,1434,1761,0,4,5,2,3206,8,650
경기도,안양시동안구,,부림동제4투,3791,3144,1145,1984,0,2,5,4,3140,4,647
경기도,안양시동안구,,부림동제5투,4720,3676,1450,2210,0,0,10,2,3672,4,1044
경기도,안양시동안구,평촌동,소계,12049,10055,4532,5471,3,6,23,5,10040,15,1994
경기도,안양시동안구,,평촌동제1투,3526,2878,1339,1531,0,0,2,1,2873,5,648
경기도,안양시동안구,,평촌동제2투,3787,3169,1454,1692,0,3,14,1,3164,5,618
경기도,안양시동안구,,평촌동제3투,4736,4008,1739,2248,3,3,7,3,4003,5,728
경기도,안양시동안구,평안동,소계,18273,15403,6506,8806,7,3,44,8,15374,29,2870
경기도,안양시동안구,,평안동제1투,3353,2743,1054,1672,1,0,4,2,2733,10,610
경기도,안양시동안구,,평안동제2투,3807,3256,1480,1761,1,0,4,2,3248,8,551
경기도,안양시동안구,,평안동제3투,3343,2785,1097,1667,1,1,13,1,2780,5,558
경기도,안양시동안구,,평안동제4투,3374,2852,1201,1636,3,1,7,1,2849,3,522
경기도,안양시동안구,,평안동제5투,4396,3767,1674,2070,1,1,16,2,3764,3,629
경기도,안양시동안구,귀인동,소계,12461,10402,5394,4939,2,2,30,5,10372,30,2059
경기도,안양시동안구,,귀인동제1투,3820,3233,1822,1386,1,0,11,1,3221,12,587
경기도,안양시동안구,,귀인동제2투,4648,3916,2121,1766,1,2,10,3,3903,13,732
경기도,안양시동안구,,귀인동제3투,3993,3253,1451,1787,0,0,9,1,3248,5,740
경기도,안양시동안구,호계1동,소계,14153,10256,5065,5150,2,4,5,12,10238,18,3897
경기도,안양시동안구,,호계1동제1투,3419,2293,1225,1064,1,0,0,2,2292,1,1126
경기도,안양시동안구,,호계1동제2투,3403,2534,1225,1294,0,3,3,2,2527,7,869
경기도,안양시동안구,,호계1동제3투,3497,2585,1311,1265,0,1,1,5,2583,2,912
경기도,안양시동안구,,호계1동제4투,3834,2844,1304,1527,1,0,1,3,2836,8,990
경기도,안양시동안구,호계2동,소계,21731,17272,8219,8948,3,13,30,16,17229,43,4459
경기도,안양시동안구,,호계2동제1투,4859,3686,1831,1832,0,4,4,5,3676,10,1173
경기도,안양시동안구,,호계2동제2투,4352,3473,1780,1675,1,0,6,3,3465,8,879
경기도,안양시동안구,,호계2동제3투,4191,3351,1510,1827,1,0,5,1,3344,7,840
경기도,안양시동안구,,호계2동제4투,4473,3609,1761,1820,1,5,10,3,3600,9,864
경기도,안양시동안구,,호계2동제5투,3856,3153,1337,1794,0,4,5,4,3144,9,703
경기도,안양시동안구,호계3동,소계,19502,15336,7461,7789,0,5,40,9,15304,32,4166
경기도,안양시동안구,,호계3동제1투,4417,3444,1687,1742,0,2,8,2,3441,3,973
경기도,안양시동안구,,호계3동제2투,4258,3086,1573,1493,0,1,6,3,3076,10,1172
경기도,안양시동안구,,호계3동제3투,3176,2491,1108,1363,0,1,12,1,2485,6,685
경기도,안양시동안구,,호계3동제4투,3485,2837,1331,1491,0,1,8,2,2833,4,648
경기도,안양시동안구,,호계3동제5투,4166,3478,1762,1700,0,0,6,1,3469,9,688
경기도,안양시동안구,범계동,소계,12216,10170,5131,4983,3,5,24,8,10154,16,2046
경기도,안양시동안구,,범계동제1투,3503,2797,1295,1491,0,1,5,2,2794,3,706
경기도,안양시동안구,,범계동제2투,3220,2654,991,1651,1,1,5,2,2651,3,566
경기도,안양시동안구,,범계동제3투,2988,2572,1558,994,1,2,11,2,2568,4,416
경기도,안양시동안구,,범계동제4투,2505,2147,1287,847,1,1,3,2,2141,6,358
경기도,안양시동안구,신촌동,소계,10782,8960,4236,4675,2,4,18,6,8941,19,1822
경기도,안양시동안구,,신촌동제1투,4682,3908,1828,2058,0,1,11,2,3900,8,774
경기도,안양시동안구,,신촌동제2투,4360,3581,1700,1866,0,1,5,2,3574,7,779
경기도,안양시동안구,,신촌동제3투,1740,1471,708,751,2,2,2,2,1467,4,269
경기도,안양시동안구,갈산동,소계,9301,7576,4114,3413,1,3,21,4,7556,20,1725
경기도,안양시동안구,,갈산동제1투,4146,3421,2007,1390,1,1,12,2,3413,8,725
경기도,안양시동안구,,갈산동제2투,2471,2086,1209,865,0,1,4,1,2080,6,385
경기도,안양시동안구,,갈산동제3투,2684,2069,898,1158,0,1,5,1,2063,6,615
경기도,부천시원미구,소계,,354869,268007,121498,144862,78,145,444,253,267280,727,86862
경기도,부천시원미구,재외투표,,1873,1318,446,852,1,2,5,2,1308,10,555
경기도,부천시원미구,국내부재자투표,,8400,7881,3543,4146,8,12,18,33,7760,121,519
경기도,부천시원미구,소계,,344596,258808,117509,139864,69,131,421,218,258212,596,85788
경기도,부천시원미구,심곡1동,소계,11720,7871,3566,4248,3,5,21,4,7847,24,3849
경기도,부천시원미구,,심곡1동제1투,4569,3029,1391,1621,0,1,7,2,3022,7,1540
경기도,부천시원미구,,심곡1동제2투,3521,2572,1176,1376,2,2,7,1,2564,8,949
경기도,부천시원미구,,심곡1동제3투,3630,2270,999,1251,1,2,7,1,2261,9,1360
경기도,부천시원미구,심곡2동,소계,15236,9680,4237,5388,1,7,20,4,9657,23,5556
경기도,부천시원미구,,심곡2동제1투,5699,3707,1582,2107,0,2,5,1,3697,10,1992
경기도,부천시원미구,,심곡2동제2투,5033,3256,1437,1801,0,1,9,3,3251,5,1777
경기도,부천시원미구,,심곡2동제3투,4504,2717,1218,1480,1,4,6,0,2709,8,1787
경기도,부천시원미구,심곡3동,소계,11884,8043,3718,4273,6,5,9,9,8020,23,3841
경기도,부천시원미구,,심곡3동제1투,4488,2978,1385,1578,3,2,2,3,2973,5,1510
경기도,부천시원미구,,심곡3동제2투,3930,2598,1237,1341,2,1,4,4,2589,9,1332
경기도,부천시원미구,,심곡3동제3투,3466,2467,1096,1354,1,2,3,2,2458,9,999
경기도,부천시원미구,원미1동,소계,15016,10727,4983,5685,0,6,19,9,10702,25,4289
경기도,부천시원미구,,원미1동제1투,4885,3250,1479,1752,0,5,3,2,3241,9,1635
경기도,부천시원미구,,원미1동제2투,4591,3299,1608,1676,0,0,4,4,3292,7,1292
경기도,부천시원미구,,원미1동제3투,3002,2446,1081,1349,0,1,7,2,2440,6,556
경기도,부천시원미구,,원미1동제4투,2538,1732,815,908,0,0,5,1,1729,3,806
경기도,부천시원미구,원미2동,소계,12348,8908,4276,4576,2,2,13,17,8886,22,3440
경기도,부천시원미구,,원미2동제1투,4288,2923,1401,1497,1,1,5,10,2915,8,1365
경기도,부천시원미구,,원미2동제2투,4495,3472,1650,1805,1,0,2,4,3462,10,1023
경기도,부천시원미구,,원미2동제3투,3565,2513,1225,1274,0,1,6,3,2509,4,1052
경기도,부천시원미구,소사동,소계,8880,6128,2852,3252,2,2,7,7,6122,6,2752
경기도,부천시원미구,,소사동제1투,4727,3278,1490,1770,2,2,6,5,3275,3,1449
경기도,부천시원미구,,소사동제2투,4153,2850,1362,1482,0,0,1,2,2847,3,1303
경기도,부천시원미구,역곡1동,소계,15631,11936,5234,6623,1,6,22,10,11896,40,3695
경기도,부천시원미구,,역곡1동제1투,5069,3719,1578,2117,0,0,3,2,3700,19,1350
경기도,부천시원미구,,역곡1동제2투,4596,3538,1554,1965,1,2,7,2,3531,7,1058
경기도,부천시원미구,,역곡1동제3투,2843,2277,1017,1244,0,0,6,3,2270,7,566
경기도,부천시원미구,,역곡1동제4투,3123,2402,1085,1297,0,4,6,3,2395,7,721
경기도,부천시원미구,역곡2동,소계,16210,12223,5096,7044,4,10,17,8,12179,44,3987
경기도,부천시원미구,,역곡2동제1투,5295,3986,1655,2299,3,2,6,3,3968,18,1309
경기도,부천시원미구,,역곡2동제2투,5901,4635,1938,2673,0,5,3,3,4622,13,1266
경기도,부천시원미구,,역곡2동제3투,5014,3602,1503,2072,1,3,8,2,3589,13,1412
경기도,부천시원미구,춘의동,소계,12447,8771,4171,4541,3,4,12,8,8739,32,3676
경기도,부천시원미구,,춘의동제1투,4334,2940,1384,1536,1,1,5,2,2929,11,1394
경기도,부천시원미구,,춘의동제2투,2881,2020,998,1007,1,0,1,3,2010,10,861
경기도,부천시원미구,,춘의동제3투,5232,3811,1789,1998,1,3,6,3,3800,11,1421
경기도,부천시원미구,도당동,소계,20050,14305,6702,7519,5,6,20,16,14268,37,5745
경기도,부천시원미구,,도당동제1투,5850,4107,1827,2257,1,0,8,4,4097,10,1743
경기도,부천시원미구,,도당동제2투,3882,2930,1361,1547,2,1,4,3,2918,12,952
경기도,부천시원미구,,도당동제3투,4064,2974,1343,1613,1,4,2,4,2967,7,1090
경기도,부천시원미구,,도당동제4투,3745,2609,1300,1295,0,1,3,5,2604,5,1136
경기도,부천시원미구,,도당동제5투,2509,1685,871,807,1,0,3,0,1682,3,824
경기도,부천시원미구,약대동,소계,11156,8267,3693,4527,5,7,12,4,8248,19,2889
경기도,부천시원미구,,약대동제1투,4895,3683,1637,2034,1,2,2,2,3678,5,1212
경기도,부천시원미구,,약대동제2투,2886,2121,947,1155,2,3,5,2,2114,7,765
경기도,부천시원미구,,약대동제3투,3375,2463,1109,1338,2,2,5,0,2456,7,912
경기도,부천시원미구,중동,소계,20740,15474,7283,8106,8,8,19,13,15437,37,5266
경기도,부천시원미구,,중동제1투,4411,2982,1453,1511,1,2,3,5,2975,7,1429
경기도,부천시원미구,,중동제2투,4175,3289,1493,1769,2,1,10,3,3278,11,886
경기도,부천시원미구,,중동제3투,4059,2921,1392,1512,2,1,4,1,2912,9,1138
경기도,부천시원미구,,중동제4투,3492,2440,1135,1294,1,2,2,3,2437,3,1052
경기도,부천시원미구,,중동제5투,4603,3842,1810,2020,2,2,0,1,3835,7,761
경기도,부천시원미구,중1동,소계,27137,21080,9177,11783,7,18,33,17,21035,45,6057
경기도,부천시원미구,,중1동제1투,4061,2937,1223,1695,3,5,6,3,2935,2,1124
경기도,부천시원미구,,중1동제2투,4262,3560,1513,2027,0,5,4,3,3552,8,702
경기도,부천시원미구,,중1동제3투,4700,3161,1288,1854,1,2,5,5,3155,6,1539
경기도,부천시원미구,,중1동제4투,2601,2149,1039,1099,0,2,3,2,2145,4,452
경기도,부천시원미구,,중1동제5투,3277,2705,1287,1403,2,2,4,0,2698,7,572
경기도,부천시원미구,,중1동제6투,3345,2519,1047,1458,0,0,4,1,2510,9,826
경기도,부천시원미구,,중1동제7투,4891,4049,1780,2247,1,2,7,3,4040,9,842
경기도,부천시원미구,중2동,소계,25257,20051,10128,9839,3,7,33,10,20020,31,5206
경기도,부천시원미구,,중2동제1투,5187,3913,1793,2103,1,2,2,3,3904,9,1274
경기도,부천시원미구,,중2동제2투,3176,2593,1542,1034,0,1,9,1,2587,6,583
경기도,부천시원미구,,중2동제3투,3807,2985,1515,1453,0,1,10,0,2979,6,822
경기도,부천시원미구,,중2동제4투,5237,4237,2209,2016,0,1,6,1,4233,4,1000
경기도,부천시원미구,,중2동제5투,3909,3127,1533,1580,1,1,6,2,3123,4,782
경기도,부천시원미구,,중2동제6투,3941,3196,1536,1653,1,1,0,3,3194,2,745
경기도,부천시원미구,중3동,소계,19823,15179,6947,8149,3,10,26,13,15148,31,4644
경기도,부천시원미구,,중3동제1투,3425,2527,1186,1329,1,4,3,2,2525,2,898
경기도,부천시원미구,,중3동제2투,4286,3497,1875,1605,0,1,6,1,3488,9,789
경기도,부천시원미구,,중3동제3투,4230,3137,1277,1845,0,2,5,3,3132,5,1093
경기도,부천시원미구,,중3동제4투,4573,3669,1531,2123,0,2,7,2,3665,4,904
경기도,부천시원미구,,중3동제5투,3309,2349,1078,1247,2,1,5,5,2338,11,960
경기도,부천시원미구,중4동,소계,17148,13392,5940,7380,6,4,28,7,13365,27,3756
경기도,부천시원미구,,중4동제1투,5162,4190,2131,2036,0,3,10,3,4183,7,972
경기도,부천시원미구,,중4동제2투,4083,2992,1342,1633,3,1,5,2,2986,6,1091
경기도,부천시원미구,,중4동제3투,4174,3242,1270,1956,2,0,3,1,3232,10,932
경기도,부천시원미구,,중4동제4투,3729,2968,1197,1755,1,0,10,1,2964,4,761
경기도,부천시원미구,상동,소계,16559,12328,6042,6201,4,3,31,17,12298,30,4231
경기도,부천시원미구,,상동제1투,4067,3269,1775,1473,2,1,9,2,3262,7,798
경기도,부천시원미구,,상동제2투,4716,3559,1712,1819,0,1,11,8,3551,8,1157
경기도,부천시원미구,,상동제3투,3633,2551,1173,1359,0,0,7,3,2542,9,1082
경기도,부천시원미구,,상동제4투,4143,2949,1382,1550,2,1,4,4,2943,6,1194
경기도,부천시원미구,상1동,소계,20554,16461,6512,9874,3,8,16,17,16430,31,4093
경기도,부천시원미구,,상1동제1투,4823,3916,1556,2331,1,2,10,4,3904,12,907
경기도,부천시원미구,,상1동제2투,5550,4314,1612,2690,0,1,2,3,4308,6,1236
경기도,부천시원미구,,상1동제3투,4491,3611,1438,2158,1,2,2,3,3604,7,880
경기도,부천시원미구,,상1동제4투,5690,4620,1906,2695,1,3,2,7,4614,6,1070
경기도,부천시원미구,상2동,소계,22909,18560,7800,10679,1,11,22,18,18531,29,4349
경기도,부천시원미구,,상2동제1투,2811,2303,983,1309,0,2,1,1,2296,7,508
경기도,부천시원미구,,상2동제2투,5367,4363,2016,2327,1,1,4,5,4354,9,1004
경기도,부천시원미구,,상2동제3투,5115,4020,1868,2138,0,2,3,6,4017,3,1095
경기도,부천시원미구,,상2동제4투,4256,3572,1611,1943,0,3,6,3,3566,6,684
경기도,부천시원미구,,상2동제5투,5360,4302,1322,2962,0,3,8,3,4298,4,1058
경기도,부천시원미구,상3동,소계,23891,19424,9152,10177,2,2,41,10,19384,40,4467
경기도,부천시원미구,,상3동제1투,5075,3972,1843,2111,0,0,6,3,3963,9,1103
경기도,부천시원미구,,상3동제2투,4917,4007,1650,2334,0,1,11,2,3998,9,910
경기도,부천시원미구,,상3동제3투,4750,3849,2010,1811,1,0,11,3,3836,13,901
경기도,부천시원미구,,상3동제4투,4579,3785,2033,1740,0,0,7,0,3780,5,794
경기도,부천시원미구,,상3동제5투,4570,3811,1616,2181,1,1,6,2,3807,4,759
경기도,부천시소사구,소계,,185997,140133,64835,74327,34,106,217,126,139645,488,45864
경기도,부천시소사구,재외투표,,974,691,261,420,2,1,1,0,685,6,283
경기도,부천시소사구,국내부재자투표,,3984,3743,1736,1868,4,9,9,15,3641,102,241
경기도,부천시소사구,소계,,181039,135699,62838,72039,28,96,207,111,135319,380,45340
경기도,부천시소사구,심곡본1동,소계,16752,11430,5366,5990,2,9,19,6,11392,38,5322
경기도,부천시소사구,,심곡본1동제1투,4912,3203,1521,1658,0,3,9,3,3194,9,1709
경기도,부천시소사구,,심곡본1동제2투,3871,2770,1254,1501,0,2,3,1,2761,9,1101
경기도,부천시소사구,,심곡본1동제3투,4421,3114,1470,1628,1,2,2,2,3105,9,1307
경기도,부천시소사구,,심곡본1동제4투,3548,2343,1121,1203,1,2,5,0,2332,11,1205
경기도,부천시소사구,심곡본동,소계,15950,11179,5519,5590,3,8,22,10,11152,27,4771
경기도,부천시소사구,,심곡본동제1투,3938,2641,1310,1314,1,0,3,3,2631,10,1297
경기도,부천시소사구,,심곡본동제2투,3942,2673,1342,1311,1,2,4,5,2665,8,1269
경기도,부천시소사구,,심곡본동제3투,4138,2874,1400,1459,1,5,6,0,2871,3,1264
경기도,부천시소사구,,심곡본동제4투,3932,2991,1467,1506,0,1,9,2,2985,6,941
경기도,부천시소사구,소사본동,소계,20908,14778,7272,7418,4,5,19,14,14732,46,6130
경기도,부천시소사구,,소사본동제1투,4419,3179,1629,1533,1,1,2,4,3170,9,1240
경기도,부천시소사구,,소사본동제2투,3375,2305,1154,1133,1,0,6,2,2296,9,1070
경기도,부천시소사구,,소사본동제3투,4107,2912,1398,1499,1,0,4,2,2904,8,1195
경기도,부천시소사구,,소사본동제4투,5299,3672,1786,1870,0,3,2,2,3663,9,1627
경기도,부천시소사구,,소사본동제5투,3708,2710,1305,1383,1,1,5,4,2699,11,998
경기도,부천시소사구,소사본3동,소계,27188,21205,9772,11309,1,13,33,14,21142,63,5983
경기도,부천시소사구,,소사본3동제1투,3566,2657,1300,1331,0,3,7,3,2644,13,909
경기도,부천시소사구,,소사본3동제2투,3652,2845,1328,1499,0,3,1,3,2834,11,807
경기도,부천시소사구,,소사본3동제3투,4653,3676,1618,2034,1,1,8,3,3665,11,977
경기도,부천시소사구,,소사본3동제4투,3573,2333,1173,1150,0,1,2,1,2327,6,1240
경기도,부천시소사구,,소사본3동제5투,3553,2952,1278,1658,0,0,2,2,2940,12,601
경기도,부천시소사구,,소사본3동제6투,3626,2994,1549,1432,0,2,8,1,2992,2,632
경기도,부천시소사구,,소사본3동제7투,4565,3748,1526,2205,0,3,5,1,3740,8,817
경기도,부천시소사구,범박동,소계,17863,14502,6734,7682,1,15,23,20,14475,27,3361
경기도,부천시소사구,,범박동제1투,5158,4075,1710,2347,0,2,6,3,4068,7,1083
경기도,부천시소사구,,범박동제2투,3651,3128,1472,1645,0,1,2,6,3126,2,523
경기도,부천시소사구,,범박동제3투,1222,804,444,353,0,1,1,2,801,3,418
경기도,부천시소사구,,범박동제4투,3796,3127,1399,1709,1,4,5,3,3121,6,669
경기도,부천시소사구,,범박동제5투,4036,3368,1709,1628,0,7,9,6,3359,9,668
경기도,부천시소사구,괴안동,소계,18032,13673,6181,7405,6,4,28,7,13631,42,4359
경기도,부천시소사구,,괴안동제1투,3880,2873,1341,1516,1,0,4,1,2863,10,1007
경기도,부천시소사구,,괴안동제2투,3660,2652,1195,1432,2,0,8,3,2640,12,1008
경기도,부천시소사구,,괴안동제3투,3891,2975,1262,1694,1,4,5,0,2966,9,916
경기도,부천시소사구,,괴안동제4투,2849,2124,1001,1108,1,0,2,3,2115,9,725
경기도,부천시소사구,,괴안동제5투,3752,3049,1382,1655,1,0,9,0,3047,2,703
경기도,부천시소사구,역곡3동,소계,22190,16599,7223,9262,6,12,17,15,16535,64,5591
경기도,부천시소사구,,역곡3동제1투,3587,2548,1160,1372,3,0,1,1,2537,11,1039
경기도,부천시소사구,,역곡3동제2투,4064,3030,1266,1743,0,2,4,4,3019,11,1034
경기도,부천시소사구,,역곡3동제3투,3403,2500,1057,1422,1,1,5,4,2490,10,903
경기도,부천시소사구,,역곡3동제4투,3779,2878,1318,1534,2,5,3,1,2863,15,901
경기도,부천시소사구,,역곡3동제5투,3778,2996,1269,1712,0,4,2,2,2989,7,782
경기도,부천시소사구,,역곡3동제6투,3579,2647,1153,1479,0,0,2,3,2637,10,932
경기도,부천시소사구,송내1동,소계,19794,15376,6885,8415,4,12,25,10,15351,25,4418
경기도,부천시소사구,,송내1동제1투,4119,2963,1269,1686,0,1,3,0,2959,4,1156
경기도,부천시소사구,,송내1동제2투,2873,2195,949,1240,1,1,1,1,2193,2,678
경기도,부천시소사구,,송내1동제3투,2760,2335,1038,1283,0,3,5,2,2331,4,425
경기도,부천시소사구,,송내1동제4투,4027,3248,1480,1749,2,4,3,2,3240,8,779
경기도,부천시소사구,,송내1동제5투,2729,2169,980,1183,0,2,1,2,2168,1,560
경기도,부천시소사구,,송내1동제6투,3286,2466,1169,1274,1,1,12,3,2460,6,820
경기도,부천시소사구,송내2동,소계,22362,16957,7886,8968,1,18,21,15,16909,48,5405
경기도,부천시소사구,,송내2동제1투,4065,2862,1328,1511,1,6,6,3,2855,7,1203
경기도,부천시소사구,,송내2동제2투,3829,2694,1379,1298,0,1,3,4,2685,9,1135
경기도,부천시소사구,,송내2동제3투,3983,3131,1407,1706,0,1,5,4,3123,8,852
경기도,부천시소사구,,송내2동제4투,4741,3672,1697,1953,0,7,1,2,3660,12,1069
경기도,부천시소사구,,송내2동제5투,3357,2544,1184,1351,0,1,5,0,2541,3,813
경기도,부천시소사구,,송내2동제6투,2387,2054,891,1149,0,2,1,2,2045,9,333
경기도,부천시오정구,소계,,151739,109015,50291,57987,35,54,171,128,108666,349,42724
경기도,부천시오정구,재외투표,,568,375,149,224,0,0,1,0,374,1,193
경기도,부천시오정구,국내부재자투표,,3318,3147,1449,1614,2,9,6,14,3094,53,171
경기도,부천시오정구,소계,,147853,105493,48693,56149,33,45,164,114,105198,295,42360
경기도,부천시오정구,성곡동,소계,34862,25609,11668,13771,5,7,52,30,25533,76,9253
경기도,부천시오정구,,성곡동제1투,4210,2846,1318,1506,0,0,8,3,2835,11,1364
경기도,부천시오정구,,성곡동제2투,3910,2839,1332,1493,2,0,1,1,2829,10,1071
경기도,부천시오정구,,성곡동제3투,3805,2627,1184,1424,0,0,7,4,2619,8,1178
경기도,부천시오정구,,성곡동제4투,3845,2774,1308,1442,1,2,9,2,2764,10,1071
경기도,부천시오정구,,성곡동제5투,2809,2028,881,1135,0,0,2,5,2023,5,781
경기도,부천시오정구,,성곡동제6투,3559,2539,1196,1327,0,1,4,3,2531,8,1020
경기도,부천시오정구,,성곡동제7투,2096,1634,833,791,0,0,4,2,1630,4,462
경기도,부천시오정구,,성곡동제8투,3177,2319,1076,1227,0,1,6,1,2311,8,858
경기도,부천시오정구,,성곡동제9투,3171,2513,1162,1332,1,2,6,6,2509,4,658
경기도,부천시오정구,,성곡동제10투,4280,3490,1378,2094,1,1,5,3,3482,8,790
경기도,부천시오정구,원종1동,소계,19743,13967,6618,7263,8,3,18,21,13931,36,5776
경기도,부천시오정구,,원종1동제1투,4169,2853,1341,1497,3,0,1,2,2844,9,1316
경기도,부천시오정구,,원종1동제2투,4205,3257,1574,1662,1,0,7,5,3249,8,948
경기도,부천시오정구,,원종1동제3투,3843,2664,1265,1382,1,0,3,4,2655,9,1179
경기도,부천시오정구,,원종1동제4투,3802,2713,1248,1446,2,1,2,9,2708,5,1089
경기도,부천시오정구,,원종1동제5투,3724,2480,1190,1276,1,2,5,1,2475,5,1244
경기도,부천시오정구,원종2동,소계,19353,13862,6210,7552,8,9,22,20,13821,41,5491
경기도,부천시오정구,,원종2동제1투,4368,2981,1382,1580,1,5,2,3,2973,8,1387
경기도,부천시오정구,,원종2동제2투,4127,3135,1347,1765,1,2,9,3,3127,8,992
경기도,부천시오정구,,원종2동제3투,3177,2400,1043,1336,4,0,4,4,2391,9,777
경기도,부천시오정구,,원종2동제4투,3740,2580,1194,1368,1,1,4,4,2572,8,1160
경기도,부천시오정구,,원종2동제5투,3941,2766,1244,1503,1,1,3,6,2758,8,1175
경기도,부천시오정구,고강본동,소계,25635,17816,7984,9720,4,10,24,11,17753,63,7819
경기도,부천시오정구,,고강본동제1투,4956,3373,1486,1867,1,3,5,5,3367,6,1583
경기도,부천시오정구,,고강본동제2투,4329,2936,1314,1598,0,2,7,3,2924,12,1393
경기도,부천시오정구,,고강본동제3투,4387,3078,1379,1679,1,1,3,0,3063,15,1309
경기도,부천시오정구,,고강본동제4투,4829,3449,1529,1903,0,2,4,1,3439,10,1380
경기도,부천시오정구,,고강본동제5투,4395,3012,1343,1653,2,1,3,1,3003,9,1383
경기도,부천시오정구,,고강본동제6투,2739,1968,933,1020,0,1,2,1,1957,11,771
경기도,부천시오정구,고강1동,소계,13262,9345,4250,5051,1,3,12,8,9325,20,3917
경기도,부천시오정구,,고강1동제1투,3096,2002,887,1103,1,2,1,1,1995,7,1094
경기도,부천시오정구,,고강1동제2투,3950,2837,1288,1537,0,1,5,1,2832,5,1113
경기도,부천시오정구,,고강1동제3투,2670,1972,924,1043,0,0,3,2,1972,0,698
경기도,부천시오정구,,고강1동제4투,3546,2534,1151,1368,0,0,3,4,2526,8,1012
경기도,부천시오정구,오정동,소계,18184,13353,6378,6901,3,7,16,13,13318,35,4831
경기도,부천시오정구,,오정동제1투,4702,3371,1582,1767,0,2,4,4,3359,12,1331
경기도,부천시오정구,,오정동제2투,5255,4156,1821,2311,1,2,7,3,4145,11,1099
경기도,부천시오정구,,오정동제3투,3632,2592,1320,1263,0,0,4,2,2589,3,1040
경기도,부천시오정구,,오정동제4투,4108,2895,1418,1460,2,2,1,4,2887,8,1213
경기도,부천시오정구,,오정동제5투,487,339,237,100,0,1,0,0,338,1,148
경기도,부천시오정구,신흥동,소계,16814,11541,5585,5891,4,6,20,11,11517,24,5273
경기도,부천시오정구,,신흥동제1투,3111,2014,1012,990,0,2,3,4,2011,3,1097
경기도,부천시오정구,,신흥동제2투,5079,3640,1618,2006,0,0,5,1,3630,10,1439
경기도,부천시오정구,,신흥동제3투,3292,2278,1163,1105,0,1,6,2,2277,1,1014
경기도,부천시오정구,,신흥동제4투,2691,1791,899,873,3,2,4,3,1784,7,900
경기도,부천시오정구,,신흥동제5투,2641,1818,893,917,1,1,2,1,1815,3,823
경기도,광명시,소계,,278075,216922,94631,120851,60,132,354,211,216239,683,61153
경기도,광명시,재외투표,,1447,1033,402,621,0,1,2,3,1029,4,414
경기도,광명시,국내부재자투표,,5767,5439,2471,2834,5,14,13,19,5356,83,328
경기도,광명시,소계,,270861,210450,91758,117396,55,117,339,189,209854,596,60411
경기도,광명시,광명1동,소계,12745,9223,4225,4924,3,2,20,10,9184,39,3522
경기도,광명시,,광명1동제1투,4684,3346,1555,1762,1,0,8,7,3333,13,1338
경기도,광명시,,광명1동제2투,3973,2854,1366,1471,1,1,7,1,2847,7,1119
경기도,광명시,,광명1동제3투,4088,3023,1304,1691,1,1,5,2,3004,19,1065
경기도,광명시,광명2동,소계,10149,7385,3484,3833,1,5,10,12,7345,40,2764
경기도,광명시,,광명2동제1투,3374,2342,1145,1173,0,2,2,4,2326,16,1032
경기도,광명시,,광명2동제2투,3670,2712,1264,1428,0,0,4,5,2701,11,958
경기도,광명시,,광명2동제3투,3105,2331,1075,1232,1,3,4,3,2318,13,774
경기도,광명시,광명3동,소계,9588,6872,3030,3811,0,3,3,6,6853,19,2716
경기도,광명시,,광명3동제1투,3551,2479,1141,1331,0,0,1,2,2475,4,1072
경기도,광명시,,광명3동제2투,2915,2080,902,1164,0,1,0,3,2070,10,835
경기도,광명시,,광명3동제3투,3122,2313,987,1316,0,2,2,1,2308,5,809
경기도,광명시,광명4동,소계,13435,10245,4709,5473,4,2,26,7,10221,24,3190
경기도,광명시,,광명4동제1투,4306,3025,1392,1611,0,1,6,3,3013,12,1281
경기도,광명시,,광명4동제2투,3652,2707,1180,1512,1,0,9,2,2704,3,945
경기도,광명시,,광명4동제3투,5477,4513,2137,2350,3,1,11,2,4504,9,964
경기도,광명시,광명5동,소계,13215,9689,4284,5349,3,7,12,11,9666,23,3526
경기도,광명시,,광명5동제1투,4483,3151,1411,1721,0,3,2,6,3143,8,1332
경기도,광명시,,광명5동제2투,4543,3556,1504,2037,2,4,3,2,3552,4,987
경기도,광명시,,광명5동제3투,4189,2982,1369,1591,1,0,7,3,2971,11,1207
경기도,광명시,광명6동,소계,12540,9594,4458,5090,1,1,8,10,9568,26,2946
경기도,광명시,,광명6동제1투,3261,2604,1126,1468,0,1,2,2,2599,5,657
경기도,광명시,,광명6동제2투,5149,3878,1751,2113,1,0,2,2,3869,9,1271
경기도,광명시,,광명6동제3투,3379,2540,1219,1301,0,0,4,5,2529,11,839
경기도,광명시,,광명6동제4투,751,572,362,208,0,0,0,1,571,1,179
경기도,광명시,광명7동,소계,20749,15433,6984,8357,5,11,22,14,15393,40,5316
경기도,광명시,,광명7동제1투,3848,2753,1207,1520,3,2,6,2,2740,13,1095
경기도,광명시,,광명7동제2투,3007,2059,941,1109,0,1,0,4,2055,4,948
경기도,광명시,,광명7동제3투,3384,2551,1127,1418,0,2,2,0,2549,2,833
경기도,광명시,,광명7동제4투,3230,2365,1073,1269,1,0,3,6,2352,13,865
경기도,광명시,,광명7동제5투,3517,2836,1302,1519,0,4,8,0,2833,3,681
경기도,광명시,,광명7동제6투,3763,2869,1334,1522,1,2,3,2,2864,5,894
경기도,광명시,철산1동,소계,10586,8484,3584,4862,2,4,15,3,8470,14,2102
경기도,광명시,,철산1동제1투,4117,3342,1369,1958,2,2,6,1,3338,4,775
경기도,광명시,,철산1동제2투,2075,1554,753,793,0,0,2,0,1548,6,521
경기도,광명시,,철산1동제3투,4394,3588,1462,2111,0,2,7,2,3584,4,806
경기도,광명시,철산2동,소계,14206,10487,4591,5836,4,4,13,8,10456,31,3719
경기도,광명시,,철산2동제1투,4449,3588,1506,2062,1,2,5,2,3578,10,861
경기도,광명시,,철산2동제2투,3302,2383,991,1378,0,1,3,2,2375,8,919
경기도,광명시,,철산2동제3투,2747,1936,919,1004,1,0,3,2,1929,7,811
경기도,광명시,,철산2동제4투,3708,2580,1175,1392,2,1,2,2,2574,6,1128
경기도,광명시,철산3동,소계,28333,23614,10786,12696,9,10,45,20,23566,48,4719
경기도,광명시,,철산3동제1투,3275,2615,1203,1392,0,1,9,2,2607,8,660
경기도,광명시,,철산3동제2투,3177,2670,1282,1372,3,2,5,2,2666,4,507
경기도,광명시,,철산3동제3투,2622,2024,833,1185,0,0,2,1,2021,3,598
경기도,광명시,,철산3동제4투,4293,3563,1583,1956,2,2,7,3,3553,10,730
경기도,광명시,,철산3동제5투,2703,2211,995,1198,0,1,8,4,2206,5,492
경기도,광명시,,철산3동제6투,4193,3597,1712,1867,2,2,5,2,3590,7,596
경기도,광명시,,철산3동제7투,2238,1955,837,1107,2,0,3,1,1950,5,283
경기도,광명시,,철산3동제8투,2798,2415,1150,1256,0,0,4,2,2412,3,383
경기도,광명시,,철산3동제9투,3034,2564,1191,1363,0,2,2,3,2561,3,470
경기도,광명시,철산4동,소계,12207,9481,3719,5701,0,2,23,7,9452,29,2726
경기도,광명시,,철산4동제1투,3607,2413,1085,1310,0,1,5,2,2403,10,1194
경기도,광명시,,철산4동제2투,2438,1942,608,1320,0,0,5,1,1934,8,496
경기도,광명시,,철산4동제3투,2803,2398,958,1421,0,1,8,2,2390,8,405
경기도,광명시,,철산4동제4투,3359,2728,1068,1650,0,0,5,2,2725,3,631
경기도,광명시,하안1동,소계,20911,16758,7131,9516,4,6,38,17,16712,46,4153
경기도,광명시,,하안1동제1투,2996,2228,874,1340,0,0,4,6,2224,4,768
경기도,광명시,,하안1동제2투,3528,2929,1155,1756,0,0,7,4,2922,7,599
경기도,광명시,,하안1동제3투,4132,2912,1370,1516,1,3,7,3,2900,12,1220
경기도,광명시,,하안1동제4투,3563,3006,1322,1667,1,0,9,0,2999,7,557
경기도,광명시,,하안1동제5투,3246,2772,1175,1579,1,1,6,3,2765,7,474
경기도,광명시,,하안1동제6투,3446,2911,1235,1658,1,2,5,1,2902,9,535
경기도,광명시,하안2동,소계,12628,9939,3731,6151,2,9,8,10,9911,28,2689
경기도,광명시,,하안2동제1투,2820,2120,828,1273,0,4,4,5,2114,6,700
경기도,광명시,,하안2동제2투,3000,2476,915,1547,2,3,2,1,2470,6,524
경기도,광명시,,하안2동제3투,3288,2559,1006,1544,0,1,0,1,2552,7,729
경기도,광명시,,하안2동제4투,3520,2784,982,1787,0,1,2,3,2775,9,736
경기도,광명시,하안3동,소계,18278,14439,6080,8267,4,6,25,15,14397,42,3839
경기도,광명시,,하안3동제1투,3938,3138,1271,1850,0,2,2,2,3127,11,800
경기도,광명시,,하안3동제2투,2230,1709,641,1064,1,0,1,0,1707,2,521
경기도,광명시,,하안3동제3투,2946,2415,910,1494,1,0,1,2,2408,7,531
경기도,광명시,,하안3동제4투,3035,2460,1014,1435,0,0,7,1,2457,3,575
경기도,광명시,,하안3동제5투,2494,2065,806,1249,0,2,3,1,2061,4,429
경기도,광명시,,하안3동제6투,1885,1352,760,575,0,1,4,6,1346,6,533
경기도,광명시,,하안3동제7투,1750,1300,678,600,2,1,7,3,1291,9,450
경기도,광명시,하안4동,소계,10274,8401,3173,5178,2,9,13,7,8382,19,1873
경기도,광명시,,하안4동제1투,3442,2812,1059,1739,2,2,5,0,2807,5,630
경기도,광명시,,하안4동제2투,3303,2762,1015,1726,0,3,5,4,2753,9,541
경기도,광명시,,하안4동제3투,3529,2827,1099,1713,0,4,3,3,2822,5,702
경기도,광명시,소하1동,소계,23547,19000,7881,11013,6,10,31,10,18951,49,4547
경기도,광명시,,소하1동제1투,3741,2880,1106,1758,0,2,9,0,2875,5,861
경기도,광명시,,소하1동제2투,2525,2099,866,1222,0,3,1,0,2092,7,426
경기도,광명시,,소하1동제3투,3336,2741,1149,1579,0,3,3,3,2737,4,595
경기도,광명시,,소하1동제4투,3506,2675,1015,1642,2,0,4,3,2666,9,831
경기도,광명시,,소하1동제5투,3897,3133,1456,1663,2,1,3,2,3127,6,764
경기도,광명시,,소하1동제6투,2518,2128,903,1216,1,0,3,0,2123,5,390
경기도,광명시,,소하1동제7투,4024,3344,1386,1933,1,1,8,2,3331,13,680
경기도,광명시,소하2동,소계,25059,19610,8745,10721,4,25,21,20,19536,74,5449
경기도,광명시,,소하2동제1투,2135,1508,768,732,0,1,2,2,1505,3,627
경기도,광명시,,소하2동제2투,2746,2108,856,1229,1,4,4,3,2097,11,638
경기도,광명시,,소하2동제3투,2705,2035,931,1094,0,1,2,2,2030,5,670
경기도,광명시,,소하2동제4투,4017,3212,1524,1666,0,0,3,4,3197,15,805
경기도,광명시,,소하2동제5투,426,315,184,128,0,0,1,1,314,1,111
경기도,광명시,,소하2동제6투,3496,2702,1253,1429,1,6,2,3,2694,8,794
경기도,광명시,,소하2동제7투,3377,2753,1078,1654,1,7,3,3,2746,7,624
경기도,광명시,,소하2동제8투,3095,2642,1114,1507,1,5,2,1,2630,12,453
경기도,광명시,,소하2동제9투,3062,2335,1037,1282,0,1,2,1,2323,12,727
경기도,광명시,학온동,소계,2411,1796,1163,618,1,1,6,2,1791,5,615
경기도,광명시,,학온동제1투,1253,927,635,284,1,0,2,2,924,3,326
경기도,광명시,,학온동제2투,1158,869,528,334,0,1,4,0,867,2,289
경기도,평택시,소계,,333774,239544,135781,101951,83,181,424,351,238771,773,94230
경기도,평택시,재외투표,,1162,780,331,437,0,2,5,1,776,4,382
경기도,평택시,국내부재자투표,,8414,7915,4223,3477,11,17,25,38,7791,124,499
경기도,평택시,소계,,324198,230849,131227,98037,72,162,394,312,230204,645,93349
경기도,평택시,팽성읍,소계,24820,16257,10382,5755,9,7,26,21,16200,57,8563
경기도,평택시,,팽성읍제1투,3458,2467,1557,889,1,3,5,2,2457,10,991
경기도,평택시,,팽성읍제2투,3662,2612,1466,1130,0,2,5,0,2603,9,1050
경기도,평택시,,팽성읍제3투,4683,2316,1440,861,1,1,1,3,2307,9,2367
경기도,평택시,,팽성읍제4투,1978,1333,876,437,2,1,3,4,1323,10,645
경기도,평택시,,팽성읍제5투,2474,1864,1297,551,3,0,2,4,1857,7,610
경기도,평택시,,팽성읍제6투,1847,1267,856,405,1,0,3,2,1267,0,580
경기도,평택시,,팽성읍제7투,3345,2182,1451,717,0,0,3,5,2176,6,1163
경기도,평택시,,팽성읍제8투,3373,2216,1439,765,1,0,4,1,2210,6,1157
경기도,평택시,안중읍,소계,27231,20090,9930,9992,10,20,44,19,20015,75,7141
경기도,평택시,,안중읍제1투,2963,1883,1180,697,1,0,0,1,1879,4,1080
경기도,평택시,,안중읍제2투,3401,2334,1526,788,0,2,4,1,2321,13,1067
경기도,평택시,,안중읍제3투,1990,1399,756,628,1,0,4,3,1392,7,591
경기도,평택시,,안중읍제4투,2591,1794,883,895,2,1,5,3,1789,5,797
경기도,평택시,,안중읍제5투,2469,1839,780,1043,1,2,4,1,1831,8,630
경기도,평택시,,안중읍제6투,2448,1694,1015,664,0,0,4,3,1686,8,754
경기도,평택시,,안중읍제7투,4725,3817,1610,2177,2,4,11,3,3807,10,908
경기도,평택시,,안중읍제8투,2960,2358,948,1385,2,4,7,2,2348,10,602
경기도,평택시,,안중읍제9투,3684,2972,1232,1715,1,7,5,2,2962,10,712
경기도,평택시,포승읍,소계,19338,12610,6999,5522,3,8,18,27,12577,33,6728
경기도,평택시,,포승읍제1투,2801,1789,1054,723,0,2,3,3,1785,4,1012
경기도,평택시,,포승읍제2투,1407,1004,667,325,0,0,2,4,998,6,403
경기도,평택시,,포승읍제3투,5029,3223,1854,1350,1,1,2,9,3217,6,1806
경기도,평택시,,포승읍제4투,2602,1775,1010,748,2,0,4,4,1768,7,827
경기도,평택시,,포승읍제5투,4840,2936,1261,1665,0,4,2,0,2932,4,1904
경기도,평택시,,포승읍제6투,2659,1883,1153,711,0,1,5,7,1877,6,776
경기도,평택시,진위면,소계,10754,7594,4361,3191,3,3,11,12,7581,13,3160
경기도,평택시,,진위면제1투,3386,2366,1450,894,3,0,7,8,2362,4,1020
경기도,평택시,,진위면제2투,1783,1289,822,461,0,1,1,1,1286,3,494
경기도,평택시,,진위면제3투,3095,2254,1233,1013,0,2,3,0,2251,3,841
경기도,평택시,,진위면제4투,2490,1685,856,823,0,0,0,3,1682,3,805
경기도,평택시,서탄면,소계,3427,2546,1707,812,0,2,6,4,2531,15,881
경기도,평택시,,서탄면제1투,1545,1174,783,380,0,1,3,0,1167,7,371
경기도,평택시,,서탄면제2투,1430,1045,712,323,0,1,2,4,1042,3,385
경기도,평택시,,서탄면제3투,452,327,212,109,0,0,1,0,322,5,125
경기도,평택시,고덕면,소계,11735,8376,4982,3326,2,9,12,18,8349,27,3359
경기도,평택시,,고덕면제1투,2928,2042,1348,671,0,4,5,3,2031,11,886
경기도,평택시,,고덕면제2투,2245,1649,1125,507,1,1,2,7,1643,6,596
경기도,평택시,,고덕면제3투,4778,3428,1703,1707,1,4,3,4,3422,6,1350
경기도,평택시,,고덕면제4투,1784,1257,806,441,0,0,2,4,1253,4,527
경기도,평택시,오성면,소계,5523,4010,2689,1271,3,5,7,15,3990,20,1513
경기도,평택시,,오성면제1투,2893,2076,1338,706,0,4,5,11,2064,12,817
경기도,평택시,,오성면제2투,1898,1384,966,406,3,0,1,3,1379,5,514
경기도,평택시,,오성면제3투,732,550,385,159,0,1,1,1,547,3,182
경기도,평택시,청북면,소계,11625,8231,4323,3836,3,6,17,18,8203,28,3394
경기도,평택시,,청북면제1투,2426,1649,1073,559,1,1,7,4,1645,4,777
경기도,평택시,,청북면제2투,1847,1243,780,447,1,0,2,5,1235,8,604
경기도,평택시,,청북면제3투,1511,1087,772,308,0,0,1,1,1082,5,424
경기도,평택시,,청북면제4투,3840,2669,1045,1603,1,2,5,6,2662,7,1171
경기도,평택시,,청북면제5투,2001,1583,653,919,0,3,2,2,1579,4,418
경기도,평택시,현덕면,소계,5520,3902,2686,1176,1,1,9,11,3884,18,1618
경기도,평택시,,현덕면제1투,2458,1725,1138,573,0,1,2,4,1718,7,733
경기도,평택시,,현덕면제2투,1273,940,684,242,0,0,2,5,933,7,333
경기도,평택시,,현덕면제3투,1789,1237,864,361,1,0,5,2,1233,4,552
경기도,평택시,중앙동,소계,34577,25983,13814,12005,8,14,51,30,25922,61,8594
경기도,평택시,,중앙동제1투,3148,2001,1152,830,0,2,4,6,1994,7,1147
경기도,평택시,,중앙동제2투,2343,1664,1046,605,0,0,5,3,1659,5,679
경기도,평택시,,중앙동제3투,4010,2997,1668,1311,0,2,6,4,2991,6,1013
경기도,평택시,,중앙동제4투,3804,3014,1758,1236,2,2,7,2,3007,7,790
경기도,평택시,,중앙동제5투,3841,2979,1477,1487,1,1,4,1,2971,8,862
경기도,평택시,,중앙동제6투,3470,2670,1265,1389,1,0,4,3,2662,8,800
경기도,평택시,,중앙동제7투,3420,2786,1405,1365,1,3,6,3,2783,3,634
경기도,평택시,,중앙동제8투,3390,2615,1298,1305,1,0,5,1,2610,5,775
경기도,평택시,,중앙동제9투,3324,2504,1251,1237,0,1,7,5,2501,3,820
경기도,평택시,,중앙동제10투,3827,2753,1494,1240,2,3,3,2,2744,9,1074
경기도,평택시,서정동,소계,24770,16220,9258,6853,4,13,31,18,16177,43,8550
경기도,평택시,,서정동제1투,4721,2783,1529,1240,0,3,4,1,2777,6,1938
경기도,평택시,,서정동제2투,3960,2807,1531,1257,1,1,6,6,2802,5,1153
경기도,평택시,,서정동제3투,2847,1856,1100,749,0,1,0,1,1851,5,991
경기도,평택시,,서정동제4투,2356,1581,980,584,0,2,6,3,1575,6,775
경기도,평택시,,서정동제5투,4130,2639,1505,1117,2,3,1,3,2631,8,1491
경기도,평택시,,서정동제6투,3186,1941,1118,807,0,1,4,2,1932,9,1245
경기도,평택시,,서정동제7투,3570,2613,1495,1099,1,2,10,2,2609,4,957
경기도,평택시,송탄동,소계,7338,5295,3034,2229,0,3,11,6,5283,12,2043
경기도,평택시,,송탄동제1투,3421,2333,1405,914,0,1,4,3,2327,6,1088
경기도,평택시,,송탄동제2투,3917,2962,1629,1315,0,2,7,3,2956,6,955
경기도,평택시,지산동,소계,8087,5479,3084,2362,2,4,11,5,5468,11,2608
경기도,평택시,,지산동제1투,4314,2625,1594,1016,2,2,3,0,2617,8,1689
경기도,평택시,,지산동제2투,3773,2854,1490,1346,0,2,8,5,2851,3,919
경기도,평택시,송북동,소계,16980,12256,7039,5162,2,7,9,12,12231,25,4724
경기도,평택시,,송북동제1투,2707,1746,1012,726,0,1,1,1,1741,5,961
경기도,평택시,,송북동제2투,3906,2715,1754,950,1,1,0,3,2709,6,1191
경기도,평택시,,송북동제3투,3893,2985,1737,1237,0,1,2,4,2981,4,908
경기도,평택시,,송북동제4투,2983,2209,1212,983,0,1,4,3,2203,6,774
경기도,평택시,,송북동제5투,3491,2601,1324,1266,1,3,2,1,2597,4,890
경기도,평택시,신장1동,소계,4499,2655,1747,886,1,2,3,5,2644,11,1844
경기도,평택시,,신장1동제1투,2606,1426,959,458,1,0,0,2,1420,6,1180
경기도,평택시,,신장1동제2투,1893,1229,788,428,0,2,3,3,1224,5,664
경기도,평택시,신장2동,소계,6407,4027,2715,1283,1,3,5,6,4013,14,2380
경기도,평택시,,신장2동제1투,3573,2150,1487,647,0,1,4,4,2143,7,1423
경기도,평택시,,신장2동제2투,2834,1877,1228,636,1,2,1,2,1870,7,957
경기도,평택시,신평동,소계,18277,12725,7471,5182,3,5,21,12,12694,31,5552
경기도,평택시,,신평동제1투,2930,1953,1121,810,1,1,7,4,1944,9,977
경기도,평택시,,신평동제2투,2216,1368,907,456,0,2,0,0,1365,3,848
경기도,평택시,,신평동제3투,2814,1972,1244,721,0,0,1,3,1969,3,842
경기도,평택시,,신평동제4투,4461,2998,1743,1243,0,1,3,1,2991,7,1463
경기도,평택시,,신평동제5투,2400,1653,911,730,1,1,2,3,1648,5,747
경기도,평택시,,신평동제6투,687,520,355,161,1,0,0,1,518,2,167
경기도,평택시,,신평동제7투,2769,2261,1190,1061,0,0,8,0,2259,2,508
경기도,평택시,원평동,소계,10367,7360,4156,3151,2,4,12,14,7339,21,3007
경기도,평택시,,원평동제1투,3971,2480,1493,968,0,0,7,0,2468,12,1491
경기도,평택시,,원평동제2투,3590,2676,1298,1363,2,1,1,7,2672,4,914
경기도,평택시,,원평동제3투,2104,1679,1007,659,0,2,3,4,1675,4,425
경기도,평택시,,원평동제4투,702,525,358,161,0,1,1,3,524,1,177
경기도,평택시,통복동,소계,4085,2831,1761,1046,0,0,3,6,2816,15,1254
경기도,평택시,,통복동제1투,2435,1731,1020,698,0,0,2,3,1723,8,704
경기도,평택시,,통복동제2투,1650,1100,741,348,0,0,1,3,1093,7,550
경기도,평택시,비전1동,소계,17136,12762,7284,5391,3,13,26,11,12728,34,4374
경기도,평택시,,비전1동제1투,3700,2618,1535,1069,1,1,5,3,2614,4,1082
경기도,평택시,,비전1동제2투,2118,1469,972,493,0,1,1,0,1467,2,649
경기도,평택시,,비전1동제3투,3840,3064,1658,1383,0,2,9,4,3056,8,776
경기도,평택시,,비전1동제4투,1949,1574,877,689,0,0,1,1,1568,6,375
경기도,평택시,,비전1동제5투,1398,1067,731,326,0,2,4,2,1065,2,331
경기도,평택시,,비전1동제6투,4131,2970,1511,1431,2,7,6,1,2958,12,1161
경기도,평택시,비전2동,소계,34360,26421,14472,11806,8,14,43,21,26364,57,7939
경기도,평택시,,비전2동제1투,3006,2186,1255,923,0,2,2,1,2183,3,820
경기도,평택시,,비전2동제2투,2702,2021,1207,803,0,0,3,4,2017,4,681
경기도,평택시,,비전2동제3투,3186,2211,1357,830,1,2,8,4,2202,9,975
경기도,평택시,,비전2동제4투,4278,3284,1861,1416,2,0,2,0,3281,3,994
경기도,평택시,,비전2동제5투,2698,1869,917,945,1,0,2,1,1866,3,829
경기도,평택시,,비전2동제6투,2773,2243,1195,1037,0,2,4,2,2240,3,530
경기도,평택시,,비전2동제7투,2364,1934,996,921,1,2,7,2,1929,5,430
경기도,평택시,,비전2동제8투,3717,2851,1594,1250,0,2,3,0,2849,2,866
경기도,평택시,,비전2동제9투,3623,2837,1436,1382,0,2,4,3,2827,10,786
경기도,평택시,,비전2동제10투,2422,2024,1203,804,2,0,5,1,2015,9,398
경기도,평택시,,비전2동제11투,3591,2961,1451,1495,1,2,3,3,2955,6,630
경기도,평택시,세교동,소계,17342,13219,7333,5800,4,19,18,21,13195,24,4123
경기도,평택시,,세교동제1투,4453,3487,1904,1556,3,9,4,5,3481,6,966
경기도,평택시,,세교동제2투,1955,1373,881,482,0,4,1,5,1373,0,582
경기도,평택시,,세교동제3투,753,583,398,177,0,0,0,3,578,5,170
경기도,평택시,,세교동제4투,2092,1382,903,471,0,0,4,2,1380,2,710
경기도,평택시,,세교동제5투,3639,2967,1480,1473,0,4,3,0,2960,7,672
경기도,평택시,,세교동제6투,4450,3427,1767,1641,1,2,6,6,3423,4,1023
경기도,양주시,소계,,154363,111883,61889,49201,42,60,165,139,111496,387,42480
경기도,양주시,재외투표,,602,409,145,262,0,2,0,0,409,0,193
경기도,양주시,국내부재자투표,,3942,3663,1832,1689,13,8,13,21,3576,87,279
경기도,양주시,소계,,149819,107811,59912,47250,29,50,152,118,107511,300,42008
경기도,양주시,백석읍,소계,22439,16047,9487,6466,4,9,24,11,16001,46,6392
경기도,양주시,,백석읍제1투,4052,2761,1705,1038,1,2,3,1,2750,11,1291
경기도,양주시,,백석읍제2투,3089,2186,1383,786,0,3,1,4,2177,9,903
경기도,양주시,,백석읍제3투,2501,1769,1173,581,0,0,7,1,1762,7,732
경기도,양주시,,백석읍제4투,4375,3206,1841,1347,0,3,8,2,3201,5,1169
경기도,양주시,,백석읍제5투,2821,1961,1128,828,0,1,0,0,1957,4,860
경기도,양주시,,백석읍제6투,2863,2083,1108,963,1,0,3,1,2076,7,780
경기도,양주시,,백석읍제7투,2738,2081,1149,923,2,0,2,2,2078,3,657
경기도,양주시,은현면,소계,6211,4362,2910,1413,1,4,5,8,4341,21,1849
경기도,양주시,,은현면제1투,1623,1101,725,363,1,1,2,2,1094,7,522
경기도,양주시,,은현면제2투,2435,1677,1106,559,0,3,2,1,1671,6,758
경기도,양주시,,은현면제3투,1064,771,526,239,0,0,1,3,769,2,293
경기도,양주시,,은현면제4투,1089,813,553,252,0,0,0,2,807,6,276
경기도,양주시,남면,소계,6402,4383,3021,1320,3,1,2,8,4355,28,2019
경기도,양주시,,남면제1투,2407,1584,1072,500,0,0,0,3,1575,9,823
경기도,양주시,,남면제2투,987,703,519,177,0,0,1,2,699,4,284
경기도,양주시,,남면제3투,2131,1448,988,446,2,0,1,2,1439,9,683
경기도,양주시,,남면제4투,877,648,442,197,1,1,0,1,642,6,229
경기도,양주시,광적면,소계,9533,6591,4183,2365,3,3,12,8,6574,17,2942
경기도,양주시,,광적면제1투,4767,3182,1977,1185,1,0,7,3,3173,9,1585
경기도,양주시,,광적면제2투,2817,1982,1248,719,2,2,3,4,1978,4,835
경기도,양주시,,광적면제3투,358,270,191,77,0,0,1,0,269,1,88
경기도,양주시,,광적면제4투,1591,1157,767,384,0,1,1,1,1154,3,434
경기도,양주시,장흥면,소계,8703,6333,3939,2357,3,2,10,4,6315,18,2370
경기도,양주시,,장흥면제1투,4052,2959,1901,1036,2,1,6,4,2950,9,1093
경기도,양주시,,장흥면제2투,1544,1178,754,416,1,0,2,0,1173,5,366
경기도,양주시,,장흥면제3투,3107,2196,1284,905,0,1,2,0,2192,4,911
경기도,양주시,양주1동,소계,5781,4144,2550,1559,1,1,6,11,4128,16,1637
경기도,양주시,,양주1동제1투,1928,1384,923,446,0,1,3,3,1376,8,544
경기도,양주시,,양주1동제2투,1114,812,566,240,0,0,2,4,812,0,302
경기도,양주시,,양주1동제3투,2739,1948,1061,873,1,0,1,4,1940,8,791
경기도,양주시,양주2동,소계,37353,27893,13498,14258,6,15,30,27,27834,59,9460
경기도,양주시,,양주2동제1투,4826,3515,1784,1711,1,2,7,4,3509,6,1311
경기도,양주시,,양주2동제2투,4158,3151,1580,1558,2,2,4,0,3146,5,1007
경기도,양주시,,양주2동제3투,3916,2949,1422,1511,1,2,3,5,2944,5,967
경기도,양주시,,양주2동제4투,3186,2399,1139,1247,0,2,0,5,2393,6,787
경기도,양주시,,양주2동제5투,4653,3579,1525,2039,1,1,2,2,3570,9,1074
경기도,양주시,,양주2동제6투,3726,2796,1452,1333,0,1,1,4,2791,5,930
경기도,양주시,,양주2동제7투,3774,2826,1364,1450,0,0,3,4,2821,5,948
경기도,양주시,,양주2동제8투,3848,2601,1415,1166,1,1,5,3,2591,10,1247
경기도,양주시,,양주2동제9투,2687,2047,976,1063,0,2,1,0,2042,5,640
경기도,양주시,,양주2동제10투,2579,2030,841,1180,0,2,4,0,2027,3,549
경기도,양주시,회천1동,소계,6287,4388,2674,1677,1,3,8,4,4367,21,1899
경기도,양주시,,회천1동제1투,2984,2069,1218,837,0,0,4,1,2060,9,915
경기도,양주시,,회천1동제2투,1962,1368,808,549,0,1,2,2,1362,6,594
경기도,양주시,,회천1동제3투,1341,951,648,291,1,2,2,1,945,6,390
경기도,양주시,회천2동,소계,22412,15656,8223,7343,3,3,22,23,15617,39,6756
경기도,양주시,,회천2동제1투,4275,2738,1433,1286,0,0,5,5,2729,9,1537
경기도,양주시,,회천2동제2투,3758,2584,1362,1203,1,1,5,3,2575,9,1174
경기도,양주시,,회천2동제3투,2617,1843,982,849,0,1,1,6,1839,4,774
경기도,양주시,,회천2동제4투,3571,2606,1373,1223,1,1,3,3,2604,2,965
경기도,양주시,,회천2동제5투,3545,2672,1342,1320,1,0,6,0,2669,3,873
경기도,양주시,,회천2동제6투,4646,3213,1731,1462,0,0,2,6,3201,12,1433
경기도,양주시,회천3동,소계,20750,15319,7833,7411,3,8,27,9,15291,28,5431
경기도,양주시,,회천3동제1투,2832,2075,1108,960,0,0,3,1,2072,3,757
경기도,양주시,,회천3동제2투,3928,2868,1366,1486,0,0,5,2,2859,9,1060
경기도,양주시,,회천3동제3투,4175,2928,1469,1447,1,1,6,1,2925,3,1247
경기도,양주시,,회천3동제4투,2742,2163,1229,923,0,2,4,2,2160,3,579
경기도,양주시,,회천3동제5투,3474,2610,1364,1228,1,4,5,1,2603,7,864
경기도,양주시,,회천3동제6투,3599,2675,1297,1367,1,1,4,2,2672,3,924
경기도,양주시,회천4동,소계,3948,2695,1594,1081,1,1,6,5,2688,7,1253
경기도,양주시,,회천4동투표소,3948,2695,1594,1081,1,1,6,5,2688,7,1253
경기도,동두천시,소계,,77102,52984,31188,21296,25,27,92,65,52693,291,24118
경기도,동두천시,재외투표,,264,190,102,86,1,0,0,0,189,1,74
경기도,동두천시,국내부재자투표,,1771,1666,834,781,2,8,6,10,1641,25,105
경기도,동두천시,소계,,75067,51127,30252,20428,22,19,86,55,50862,265,23940
경기도,동두천시,생연1동,소계,5781,3728,2350,1348,1,2,6,3,3710,18,2053
경기도,동두천시,,생연1동제1투,3462,2194,1410,771,0,0,2,1,2184,10,1268
경기도,동두천시,,생연1동제2투,2319,1534,940,577,1,2,4,2,1526,8,785
경기도,동두천시,생연2동,소계,9892,6981,4055,2867,3,2,15,5,6947,34,2911
경기도,동두천시,,생연2동제1투,1536,970,590,370,0,1,1,3,965,5,566
경기도,동두천시,,생연2동제2투,2082,1494,910,562,2,0,5,2,1481,13,588
경기도,동두천시,,생연2동제3투,1506,1041,640,394,0,0,0,0,1034,7,465
경기도,동두천시,,생연2동제4투,2738,1947,1051,886,0,1,5,0,1943,4,791
경기도,동두천시,,생연2동제5투,2030,1529,864,655,1,0,4,0,1524,5,501
경기도,동두천시,중앙동,소계,5330,3361,2231,1095,0,2,6,4,3338,23,1969
경기도,동두천시,,중앙동제1투,3024,1869,1224,620,0,2,3,4,1853,16,1155
경기도,동두천시,,중앙동제2투,2306,1492,1007,475,0,0,3,0,1485,7,814
경기도,동두천시,보산동,소계,2802,1663,1060,593,1,0,2,2,1658,5,1139
경기도,동두천시,,보산동투표소,2802,1663,1060,593,1,0,2,2,1658,5,1139
경기도,동두천시,불현동,소계,20207,13662,8051,5494,8,3,25,19,13600,62,6545
경기도,동두천시,,불현동제1투,4796,3465,1974,1458,1,1,8,7,3449,16,1331
경기도,동두천시,,불현동제2투,2890,1650,1022,618,0,0,3,1,1644,6,1240
경기도,동두천시,,불현동제3투,2541,1613,960,638,2,0,1,2,1603,10,928
경기도,동두천시,,불현동제4투,4206,2912,1635,1253,3,2,6,2,2901,11,1294
경기도,동두천시,,불현동제5투,3396,2425,1414,998,1,0,3,2,2418,7,971
경기도,동두천시,,불현동제6투,1528,996,651,336,0,0,2,3,992,4,532
경기도,동두천시,,불현동제7투,850,601,395,193,1,0,2,2,593,8,249
경기도,동두천시,송내동,소계,18318,13200,7034,6085,2,5,14,13,13153,47,5118
경기도,동두천시,,송내동제1투,5115,3593,1882,1692,0,2,4,3,3583,10,1522
경기도,동두천시,,송내동제2투,3821,2867,1510,1338,1,2,4,3,2858,9,954
경기도,동두천시,,송내동제3투,4456,3135,1609,1504,0,0,4,3,3120,15,1321
경기도,동두천시,,송내동제4투,4198,3086,1666,1403,1,1,2,2,3075,11,1112
경기도,동두천시,,송내동제5투,728,519,367,148,0,0,0,2,517,2,209
경기도,동두천시,소요동,소계,7625,5141,3320,1735,6,5,14,4,5084,57,2484
경기도,동두천시,,소요동제1투,1459,856,535,316,1,0,1,0,853,3,603
경기도,동두천시,,소요동제2투,2095,1401,859,534,0,0,3,0,1396,5,694
경기도,동두천시,,소요동제3투,719,523,359,153,0,0,4,3,519,4,196
경기도,동두천시,,소요동제4투,1886,1359,917,434,1,0,2,1,1355,4,527
경기도,동두천시,,소요동제5투,1466,1002,650,298,4,5,4,0,961,41,464
경기도,동두천시,상패동,소계,5112,3391,2151,1211,1,0,4,5,3372,19,1721
경기도,동두천시,,상패동제1투,3286,2151,1376,758,1,0,3,4,2142,9,1135
경기도,동두천시,,상패동제2투,1053,716,426,282,0,0,1,1,710,6,337
경기도,동두천시,,상패동제3투,773,524,349,171,0,0,0,0,520,4,249
경기도,동두천시,잘못 투입·구분된 투표지,,0,1,0,1,0,0,0,0,1,0,-1
경기도,안산시상록구,소계,,292424,211371,97913,112075,61,140,345,209,210743,628,81053
경기도,안산시상록구,재외투표,,1123,781,263,506,1,1,3,1,775,6,342
경기도,안산시상록구,국내부재자투표,,6652,6265,2884,3192,13,16,17,31,6153,112,387
경기도,안산시상록구,소계,,284649,204325,94766,108377,47,123,325,177,203815,510,80324
경기도,안산시상록구,일동,소계,20396,13711,6293,7355,3,7,16,11,13685,26,6685
경기도,안산시상록구,,일동제1투,4844,3165,1540,1610,1,3,3,5,3162,3,1679
경기도,안산시상록구,,일동제2투,4787,3158,1454,1691,0,0,4,1,3150,8,1629
경기도,안산시상록구,,일동제3투,5987,4131,1852,2254,2,1,6,3,4118,13,1856
경기도,안산시상록구,,일동제4투,4778,3257,1447,1800,0,3,3,2,3255,2,1521
경기도,안산시상록구,이동,소계,23358,15578,6911,8577,4,10,26,13,15541,37,7780
경기도,안산시상록구,,이동제1투,3419,2327,983,1338,0,0,1,1,2323,4,1092
경기도,안산시상록구,,이동제2투,4252,2660,1183,1458,1,0,7,4,2653,7,1592
경기도,안산시상록구,,이동제3투,4559,2832,1260,1551,0,2,7,1,2821,11,1727
경기도,안산시상록구,,이동제4투,3532,2247,981,1259,0,1,2,2,2245,2,1285
경기도,안산시상록구,,이동제5투,5043,3426,1433,1975,1,3,4,4,3420,6,1617
경기도,안산시상록구,,이동제6투,2553,2086,1071,996,2,4,5,1,2079,7,467
경기도,안산시상록구,사1동,소계,28815,19754,8643,10980,2,13,30,14,19682,72,9061
경기도,안산시상록구,,사1동제1투,3675,2265,947,1307,0,0,4,2,2260,5,1410
경기도,안산시상록구,,사1동제2투,4761,3248,1411,1810,0,4,4,3,3232,16,1513
경기도,안산시상록구,,사1동제3투,5592,3410,1483,1904,2,4,5,3,3401,9,2182
경기도,안산시상록구,,사1동제4투,4058,3272,1611,1632,0,2,3,2,3250,22,786
경기도,안산시상록구,,사1동제5투,2878,2403,867,1525,0,1,5,2,2400,3,475
경기도,안산시상록구,,사1동제6투,4470,2845,1257,1579,0,1,1,1,2839,6,1625
경기도,안산시상록구,,사1동제7투,3381,2311,1067,1223,0,1,8,1,2300,11,1070
경기도,안산시상록구,사2동,소계,25895,19050,8942,9997,4,13,31,17,19004,46,6845
경기도,안산시상록구,,사2동제1투,3031,2541,1319,1203,1,2,8,2,2535,6,490
경기도,안산시상록구,,사2동제2투,4317,3372,1725,1617,1,4,15,5,3367,5,945
경기도,안산시상록구,,사2동제3투,3024,2491,1258,1226,0,1,2,1,2488,3,533
경기도,안산시상록구,,사2동제4투,5363,3674,1584,2068,1,5,2,4,3664,10,1689
경기도,안산시상록구,,사2동제5투,5238,3552,1627,1904,1,1,3,4,3540,12,1686
경기도,안산시상록구,,사2동제6투,4922,3420,1429,1979,0,0,1,1,3410,10,1502
경기도,안산시상록구,사3동,소계,14855,11772,5921,5806,0,3,15,7,11752,20,3083
경기도,안산시상록구,,사3동제1투,2851,1912,841,1060,0,1,2,3,1907,5,939
경기도,안산시상록구,,사3동제2투,2470,2003,1020,979,0,0,1,1,2001,2,467
경기도,안산시상록구,,사3동제3투,4310,3600,1801,1787,0,1,5,1,3595,5,710
경기도,안산시상록구,,사3동제4투,5224,4257,2259,1980,0,1,7,2,4249,8,967
경기도,안산시상록구,본오1동,소계,31561,21083,9689,11239,6,11,40,26,21011,72,10478
경기도,안산시상록구,,본오1동제1투,4545,3138,1439,1669,1,3,10,5,3127,11,1407
경기도,안산시상록구,,본오1동제2투,4062,2645,1174,1452,0,2,3,2,2633,12,1417
경기도,안산시상록구,,본오1동제3투,4249,2756,1276,1462,1,2,4,4,2749,7,1493
경기도,안산시상록구,,본오1동제4투,3977,2604,1190,1399,0,2,6,2,2599,5,1373
경기도,안산시상록구,,본오1동제5투,4360,2982,1331,1629,2,1,4,0,2967,15,1378
경기도,안산시상록구,,본오1동제6투,4080,2544,1219,1304,0,1,6,5,2535,9,1536
경기도,안산시상록구,,본오1동제7투,3866,2618,1134,1473,1,0,3,3,2614,4,1248
경기도,안산시상록구,,본오1동제8투,2422,1796,926,851,1,0,4,5,1787,9,626
경기도,안산시상록구,본오2동,소계,23709,17399,8100,9200,1,17,23,11,17352,47,6310
경기도,안산시상록구,,본오2동제1투,4008,2576,1164,1398,0,0,7,1,2570,6,1432
경기도,안산시상록구,,본오2동제2투,3284,2191,1019,1161,0,2,2,2,2186,5,1093
경기도,안산시상록구,,본오2동제3투,5103,3461,1612,1835,0,3,1,2,3453,8,1642
경기도,안산시상록구,,본오2동제4투,3095,2499,1249,1235,0,5,2,1,2492,7,596
경기도,안산시상록구,,본오2동제5투,5003,4009,1840,2142,1,5,7,3,3998,11,994
경기도,안산시상록구,,본오2동제6투,3216,2663,1216,1429,0,2,4,2,2653,10,553
경기도,안산시상록구,본오3동,소계,18955,13854,6325,7460,3,8,18,13,13827,27,5101
경기도,안산시상록구,,본오3동제1투,3532,2528,1098,1422,1,0,2,2,2525,3,1004
경기도,안산시상록구,,본오3동제2투,2997,2473,1164,1290,0,2,4,5,2465,8,524
경기도,안산시상록구,,본오3동제3투,5494,3982,1829,2134,2,3,4,2,3974,8,1512
경기도,안산시상록구,,본오3동제4투,4862,3178,1369,1795,0,2,4,2,3172,6,1684
경기도,안산시상록구,,본오3동제5투,2070,1693,865,819,0,1,4,2,1691,2,377
경기도,안산시상록구,부곡동,소계,16836,11752,5551,6132,4,6,22,10,11725,27,5084
경기도,안산시상록구,,부곡동제1투,4549,3166,1510,1638,0,1,7,4,3160,6,1383
경기도,안산시상록구,,부곡동제2투,4633,3084,1512,1556,1,0,4,3,3076,8,1549
경기도,안산시상록구,,부곡동제3투,3279,2370,1097,1256,1,3,4,1,2362,8,909
경기도,안산시상록구,,부곡동제4투,4375,3132,1432,1682,2,2,7,2,3127,5,1243
경기도,안산시상록구,월피동,소계,33866,24340,11007,13179,8,16,47,24,24281,59,9526
경기도,안산시상록구,,월피동제1투,5113,3354,1558,1773,1,2,10,3,3347,7,1759
경기도,안산시상록구,,월피동제2투,5233,3674,1804,1838,2,0,9,3,3656,18,1559
경기도,안산시상록구,,월피동제3투,4468,3345,1491,1829,1,4,6,2,3333,12,1123
경기도,안산시상록구,,월피동제4투,3860,2830,1173,1642,2,1,6,3,2827,3,1030
경기도,안산시상록구,,월피동제5투,3333,2695,1207,1476,0,3,2,2,2690,5,638
경기도,안산시상록구,,월피동제6투,3534,2850,1196,1638,1,2,4,5,2846,4,684
경기도,안산시상록구,,월피동제7투,4297,2959,1365,1579,1,2,7,1,2955,4,1338
경기도,안산시상록구,,월피동제8투,4028,2633,1213,1404,0,2,3,5,2627,6,1395
경기도,안산시상록구,성포동,소계,22172,17808,8495,9216,5,8,31,11,17766,42,4364
경기도,안산시상록구,,성포동제1투,4708,3680,1870,1786,2,4,6,3,3671,9,1028
경기도,안산시상록구,,성포동제2투,4229,3336,1583,1739,0,0,6,1,3329,7,893
경기도,안산시상록구,,성포동제3투,3820,3110,1551,1544,1,1,3,2,3102,8,710
경기도,안산시상록구,,성포동제4투,4723,3879,1940,1920,1,2,5,3,3871,8,844
경기도,안산시상록구,,성포동제5투,4692,3803,1551,2227,1,1,11,2,3793,10,889
경기도,안산시상록구,반월동,소계,16362,12535,5985,6481,1,10,18,12,12507,28,3827
경기도,안산시상록구,,반월동제1투,4589,3466,1748,1701,1,1,4,2,3457,9,1123
경기도,안산시상록구,,반월동제2투,4275,3488,1450,2023,0,2,6,2,3483,5,787
경기도,안산시상록구,,반월동제3투,4128,2999,1485,1498,0,2,6,4,2995,4,1129
경기도,안산시상록구,,반월동제4투,2183,1703,869,820,0,3,2,3,1697,6,480
경기도,안산시상록구,,반월동제5투,1187,879,433,439,0,2,0,1,875,4,308
경기도,안산시상록구,안산동,소계,7869,5689,2904,2755,6,1,8,8,5682,7,2180
경기도,안산시상록구,,안산동제1투,3634,2633,1365,1257,2,0,2,3,2629,4,1001
경기도,안산시상록구,,안산동제2투,4235,3056,1539,1498,4,1,6,5,3053,3,1179
경기도,안산시단원구,소계,,256246,184903,87893,95849,48,104,308,168,184370,533,71343
경기도,안산시단원구,재외투표,,886,600,241,351,0,0,3,1,596,4,286
경기도,안산시단원구,국내부재자투표,,5757,5471,2555,2778,6,16,15,15,5385,86,286
경기도,안산시단원구,소계,,249603,178832,85097,92720,42,88,290,152,178389,443,70771
경기도,안산시단원구,와동,소계,34050,21794,10059,11620,5,8,28,17,21737,57,12256
경기도,안산시단원구,,와동제1투,3797,2555,1223,1319,0,1,4,3,2550,5,1242
경기도,안산시단원구,,와동제2투,4772,3382,1552,1810,2,3,8,2,3377,5,1390
경기도,안산시단원구,,와동제3투,4344,3078,1382,1682,1,0,2,4,3071,7,1266
경기도,안산시단원구,,와동제4투,4649,2994,1400,1574,0,1,5,2,2982,12,1655
경기도,안산시단원구,,와동제5투,4199,2243,1034,1203,0,0,2,0,2239,4,1956
경기도,안산시단원구,,와동제6투,3280,1963,900,1056,0,0,1,3,1960,3,1317
경기도,안산시단원구,,와동제7투,4858,3057,1403,1629,2,2,5,2,3043,14,1801
경기도,안산시단원구,,와동제8투,4151,2522,1165,1347,0,1,1,1,2515,7,1629
경기도,안산시단원구,고잔1동,소계,17936,12883,6023,6773,6,12,25,13,12852,31,5053
경기도,안산시단원구,,고잔1동제1투,3675,2581,1206,1357,1,2,6,3,2575,6,1094
경기도,안산시단원구,,고잔1동제2투,2808,2082,959,1115,2,1,1,1,2079,3,726
경기도,안산시단원구,,고잔1동제3투,4170,2973,1351,1603,0,3,5,4,2966,7,1197
경기도,안산시단원구,,고잔1동제4투,3686,2730,1272,1434,3,3,8,2,2722,8,956
경기도,안산시단원구,,고잔1동제5투,3597,2517,1235,1264,0,3,5,3,2510,7,1080
경기도,안산시단원구,고잔2동,소계,18989,14216,6508,7634,5,3,19,10,14179,37,4773
경기도,안산시단원구,,고잔2동제1투,4981,3837,1693,2118,0,1,7,1,3820,17,1144
경기도,안산시단원구,,고잔2동제2투,5193,3669,1734,1923,0,0,4,2,3663,6,1524
경기도,안산시단원구,,고잔2동제3투,4296,3385,1505,1862,2,1,4,3,3377,8,911
경기도,안산시단원구,,고잔2동제4투,4519,3325,1576,1731,3,1,4,4,3319,6,1194
경기도,안산시단원구,호수동,소계,32481,26033,12357,13548,4,14,54,8,25985,48,6448
경기도,안산시단원구,,호수동제1투,3704,2971,1272,1684,1,1,8,1,2967,4,733
경기도,안산시단원구,,호수동제2투,2817,2384,1281,1094,0,0,5,1,2381,3,433
경기도,안산시단원구,,호수동제3투,3700,2595,1118,1467,0,0,4,3,2592,3,1105
경기도,안산시단원구,,호수동제4투,3648,2858,1432,1405,0,3,12,0,2852,6,790
경기도,안산시단원구,,호수동제5투,4066,3373,1497,1862,2,0,3,1,3365,8,693
경기도,안산시단원구,,호수동제6투,4436,3686,1783,1882,1,3,12,0,3681,5,750
경기도,안산시단원구,,호수동제7투,3556,2729,1194,1525,0,4,3,0,2726,3,827
경기도,안산시단원구,,호수동제8투,3916,3290,1625,1646,0,2,5,2,3280,10,626
경기도,안산시단원구,,호수동제9투,2638,2147,1155,983,0,1,2,0,2141,6,491
경기도,안산시단원구,원곡본동,소계,25394,17097,8371,8642,9,9,13,17,17061,36,8297
경기도,안산시단원구,,원곡본동제1투,2603,1219,703,504,3,2,0,1,1213,6,1384
경기도,안산시단원구,,원곡본동제2투,2392,1253,730,516,0,1,1,1,1249,4,1139
경기도,안산시단원구,,원곡본동제3투,3201,1748,897,835,2,1,5,2,1742,6,1453
경기도,안산시단원구,,원곡본동제4투,2832,2264,1188,1069,0,0,0,2,2259,5,568
경기도,안산시단원구,,원곡본동제5투,2985,2399,1127,1265,0,0,2,0,2394,5,586
경기도,안산시단원구,,원곡본동제6투,2846,1581,728,846,1,1,1,2,1579,2,1265
경기도,안산시단원구,,원곡본동제7투,2828,2174,1049,1120,0,0,1,3,2173,1,654
경기도,안산시단원구,,원곡본동제8투,2401,1824,828,986,0,3,0,3,1820,4,577
경기도,안산시단원구,,원곡본동제9투,3306,2635,1121,1501,3,1,3,3,2632,3,671
경기도,안산시단원구,원곡1동,소계,7902,5264,2767,2460,5,3,7,4,5246,18,2638
경기도,안산시단원구,,원곡1동제1투,1473,756,402,348,0,0,1,0,751,5,717
경기도,안산시단원구,,원곡1동제2투,3721,2528,1307,1206,4,2,0,3,2522,6,1193
경기도,안산시단원구,,원곡1동제3투,2708,1980,1058,906,1,1,6,1,1973,7,728
경기도,안산시단원구,원곡2동,소계,12378,9912,4772,5081,0,6,20,9,9888,24,2466
경기도,안산시단원구,,원곡2동제1투,3341,2652,1229,1412,0,1,5,2,2649,3,689
경기도,안산시단원구,,원곡2동제2투,5221,4209,2036,2144,0,5,8,5,4198,11,1012
경기도,안산시단원구,,원곡2동제3투,3816,3051,1507,1525,0,0,7,2,3041,10,765
경기도,안산시단원구,초지동,소계,34680,26353,11881,14335,0,8,44,23,26291,62,8327
경기도,안산시단원구,,초지동제1투,2707,1965,1014,932,0,1,4,6,1957,8,742
경기도,안산시단원구,,초지동제2투,3003,1961,1054,896,0,3,1,2,1956,5,1042
경기도,안산시단원구,,초지동제3투,5308,4351,2063,2270,0,1,6,0,4340,11,957
경기도,안산시단원구,,초지동제4투,4808,3840,1757,2065,0,0,9,3,3834,6,968
경기도,안산시단원구,,초지동제5투,3384,2535,1114,1410,0,0,4,2,2530,5,849
경기도,안산시단원구,,초지동제6투,4028,2984,1337,1627,0,2,7,4,2977,7,1044
경기도,안산시단원구,,초지동제7투,4128,3305,1315,1976,0,0,2,3,3296,9,823
경기도,안산시단원구,,초지동제8투,4125,3252,1361,1876,0,0,9,2,3248,4,873
경기도,안산시단원구,,초지동제9투,3189,2160,866,1283,0,1,2,1,2153,7,1029
경기도,안산시단원구,선부1동,소계,13966,9949,4493,5377,1,8,21,13,9913,36,4017
경기도,안산시단원구,,선부1동제1투,2954,2060,945,1099,0,0,2,5,2051,9,894
경기도,안산시단원구,,선부1동제2투,3065,2180,997,1165,0,2,9,1,2174,6,885
경기도,안산시단원구,,선부1동제3투,2365,1740,756,966,0,3,5,2,1732,8,625
경기도,안산시단원구,,선부1동제4투,2776,1996,818,1167,1,1,2,2,1991,5,780
경기도,안산시단원구,,선부1동제5투,2806,1973,977,980,0,2,3,3,1965,8,833
경기도,안산시단원구,선부2동,소계,18815,11807,5718,6010,2,5,24,13,11772,35,7008
경기도,안산시단원구,,선부2동제1투,3925,2365,1166,1178,0,0,9,5,2358,7,1560
경기도,안산시단원구,,선부2동제2투,3042,2071,993,1063,0,1,6,1,2064,7,971
경기도,안산시단원구,,선부2동제3투,4275,2684,1322,1344,0,3,4,2,2675,9,1591
경기도,안산시단원구,,선부2동제4투,4065,2604,1186,1407,0,1,3,1,2598,6,1461
경기도,안산시단원구,,선부2동제5투,3508,2083,1051,1018,2,0,2,4,2077,6,1425
경기도,안산시단원구,선부3동,소계,26927,19304,9118,10085,4,12,32,13,19264,40,7623
경기도,안산시단원구,,선부3동제1투,3677,2357,1092,1251,0,0,5,2,2350,7,1320
경기도,안산시단원구,,선부3동제2투,3725,2345,1154,1181,0,3,2,1,2341,4,1380
경기도,안산시단원구,,선부3동제3투,3447,2120,948,1164,0,0,3,1,2116,4,1327
경기도,안산시단원구,,선부3동제4투,4853,3874,1978,1878,1,2,9,1,3869,5,979
경기도,안산시단원구,,선부3동제5투,3769,2738,1201,1514,2,2,5,2,2726,12,1031
경기도,안산시단원구,,선부3동제6투,4893,3884,1871,1997,0,3,2,4,3877,7,1009
경기도,안산시단원구,,선부3동제7투,2563,1986,874,1100,1,2,6,2,1985,1,577
경기도,안산시단원구,대부동,소계,6085,4220,3030,1155,1,0,3,12,4201,19,1865
경기도,안산시단원구,,대부동제1투,2153,1442,967,466,0,0,1,3,1437,5,711
경기도,안산시단원구,,대부동제2투,1666,1168,903,254,1,0,1,3,1162,6,498
경기도,안산시단원구,,대부동제3투,2266,1610,1160,435,0,0,1,6,1602,8,656
경기도,고양시덕양구,소계,,310405,235041,114871,118515,63,120,477,227,234273,768,75364
경기도,고양시덕양구,재외투표,,2163,1535,584,937,0,2,6,1,1530,5,628
경기도,고양시덕양구,국내부재자투표,,7270,6760,3228,3322,13,19,21,31,6634,126,510
경기도,고양시덕양구,소계,,300972,226746,111059,114256,50,99,450,195,226109,637,74226
경기도,고양시덕양구,주교동,소계,15407,10804,5645,5082,2,6,16,12,10763,41,4603
경기도,고양시덕양구,,주교동제1투,3274,2302,1300,982,0,3,4,3,2292,10,972
경기도,고양시덕양구,,주교동제2투,3987,2744,1416,1310,1,2,5,2,2736,8,1243
경기도,고양시덕양구,,주교동제3투,4636,3151,1586,1546,1,1,6,3,3143,8,1485
경기도,고양시덕양구,,주교동제4투,3510,2607,1343,1244,0,0,1,4,2592,15,903
경기도,고양시덕양구,원신동,소계,2818,2149,1218,915,1,0,6,1,2141,8,669
경기도,고양시덕양구,,원신동제1투,1754,1355,670,674,1,0,5,0,1350,5,399
경기도,고양시덕양구,,원신동제2투,1064,794,548,241,0,0,1,1,791,3,270
경기도,고양시덕양구,흥도동,소계,2734,1920,1256,644,0,0,5,1,1906,14,814
경기도,고양시덕양구,,흥도동제1투,1043,701,469,224,0,0,2,1,696,5,342
경기도,고양시덕양구,,흥도동제2투,775,545,352,187,0,0,2,0,541,4,230
경기도,고양시덕양구,,흥도동제3투,916,674,435,233,0,0,1,0,669,5,242
경기도,고양시덕양구,성사1동,소계,20603,15326,7453,7784,6,4,26,9,15282,44,5277
경기도,고양시덕양구,,성사1동제1투,4494,3129,1481,1632,3,1,2,0,3119,10,1365
경기도,고양시덕양구,,성사1동제2투,4439,3158,1610,1525,1,0,7,2,3145,13,1281
경기도,고양시덕양구,,성사1동제3투,4539,3141,1633,1482,1,0,9,3,3128,13,1398
경기도,고양시덕양구,,성사1동제4투,3701,3101,1379,1711,0,2,5,1,3098,3,600
경기도,고양시덕양구,,성사1동제5투,3430,2797,1350,1434,1,1,3,3,2792,5,633
경기도,고양시덕양구,성사2동,소계,10031,7984,3947,3989,4,3,16,4,7963,21,2047
경기도,고양시덕양구,,성사2동제1투,3293,2522,1169,1340,1,0,4,0,2514,8,771
경기도,고양시덕양구,,성사2동제2투,3498,2797,1505,1276,1,0,5,4,2791,6,701
경기도,고양시덕양구,,성사2동제3투,3240,2665,1273,1373,2,3,7,0,2658,7,575
경기도,고양시덕양구,효자동,소계,2536,1666,1062,590,0,1,4,4,1661,5,870
경기도,고양시덕양구,,효자동제1투,1058,537,322,209,0,0,3,1,535,2,521
경기도,고양시덕양구,,효자동제2투,1478,1129,740,381,0,1,1,3,1126,3,349
경기도,고양시덕양구,신도동,소계,5482,4039,2320,1684,0,1,12,7,4024,15,1443
경기도,고양시덕양구,,신도동제1투,2218,1634,911,709,0,0,8,2,1630,4,584
경기도,고양시덕양구,,신도동제2투,2527,1870,1101,751,0,1,3,5,1861,9,657
경기도,고양시덕양구,,신도동제3투,737,535,308,224,0,0,1,0,533,2,202
경기도,고양시덕양구,창릉동,소계,5534,4127,2320,1786,0,2,5,3,4116,11,1407
경기도,고양시덕양구,,창릉동제1투,3586,2672,1361,1296,0,2,5,2,2666,6,914
경기도,고양시덕양구,,창릉동제2투,1948,1455,959,490,0,0,0,1,1450,5,493
경기도,고양시덕양구,고양동,소계,24958,18166,9372,8675,5,9,35,17,18113,53,6792
경기도,고양시덕양구,,고양동제1투,3369,2347,1291,1040,2,1,4,3,2341,6,1022
경기도,고양시덕양구,,고양동제2투,3902,2715,1407,1291,1,5,3,1,2708,7,1187
경기도,고양시덕양구,,고양동제3투,3836,2894,1495,1384,1,0,8,1,2889,5,942
경기도,고양시덕양구,,고양동제4투,4495,3076,1609,1438,1,3,4,6,3061,15,1419
경기도,고양시덕양구,,고양동제5투,1896,1378,854,514,0,0,4,3,1375,3,518
경기도,고양시덕양구,,고양동제6투,3839,2969,1411,1545,0,0,6,1,2963,6,870
경기도,고양시덕양구,,고양동제7투,3621,2787,1305,1463,0,0,6,2,2776,11,834
경기도,고양시덕양구,관산동,소계,23187,16482,9135,7225,5,10,42,10,16427,55,6705
경기도,고양시덕양구,,관산동제1투,2920,1923,1009,895,0,3,5,3,1915,8,997
경기도,고양시덕양구,,관산동제2투,3299,2533,1404,1115,0,2,6,0,2527,6,766
경기도,고양시덕양구,,관산동제3투,2740,2231,1123,1096,0,1,10,1,2231,0,509
경기도,고양시덕양구,,관산동제4투,1765,1223,680,528,1,0,7,0,1216,7,542
경기도,고양시덕양구,,관산동제5투,3483,2430,1456,954,0,0,3,2,2415,15,1053
경기도,고양시덕양구,,관산동제6투,3843,2530,1496,1015,3,0,4,0,2518,12,1313
경기도,고양시덕양구,,관산동제7투,5137,3612,1967,1622,1,4,7,4,3605,7,1525
경기도,고양시덕양구,능곡동,소계,15922,11758,6012,5681,1,3,19,15,11731,27,4164
경기도,고양시덕양구,,능곡동제1투,4739,3561,1799,1744,0,1,5,4,3553,8,1178
경기도,고양시덕양구,,능곡동제2투,2501,1768,883,879,0,0,0,2,1764,4,733
경기도,고양시덕양구,,능곡동제3투,4195,3040,1549,1471,0,1,10,4,3035,5,1155
경기도,고양시덕양구,,능곡동제4투,1818,1380,828,540,1,1,1,4,1375,5,438
경기도,고양시덕양구,,능곡동제5투,2669,2009,953,1047,0,0,3,1,2004,5,660
경기도,고양시덕양구,화정1동,소계,33023,25426,12537,12729,5,15,56,25,25367,59,7597
경기도,고양시덕양구,,화정1동제1투,3350,2795,1349,1432,0,0,6,0,2787,8,555
경기도,고양시덕양구,,화정1동제2투,3579,2837,1344,1478,0,1,10,1,2834,3,742
경기도,고양시덕양구,,화정1동제3투,3962,3104,1326,1756,1,3,4,4,3094,10,858
경기도,고양시덕양구,,화정1동제4투,3288,2616,1264,1338,0,1,8,2,2613,3,672
경기도,고양시덕양구,,화정1동제5투,4231,3457,2040,1395,1,3,10,6,3455,2,774
경기도,고양시덕양구,,화정1동제6투,3743,2497,1213,1265,0,1,6,5,2490,7,1246
경기도,고양시덕양구,,화정1동제7투,3289,2140,966,1157,2,2,3,3,2133,7,1149
경기도,고양시덕양구,,화정1동제8투,3775,3131,1810,1304,0,1,5,1,3121,10,644
경기도,고양시덕양구,,화정1동제9투,3806,2849,1225,1604,1,3,4,3,2840,9,957
경기도,고양시덕양구,화정2동,소계,26111,21184,8965,12104,3,11,38,16,21137,47,4927
경기도,고양시덕양구,,화정2동제1투,4015,3083,1273,1786,0,1,12,3,3075,8,932
경기도,고양시덕양구,,화정2동제2투,4605,3644,1337,2283,1,3,9,3,3636,8,961
경기도,고양시덕양구,,화정2동제3투,3933,3260,1366,1882,1,1,5,0,3255,5,673
경기도,고양시덕양구,,화정2동제4투,3469,2882,1305,1564,0,2,4,3,2878,4,587
경기도,고양시덕양구,,화정2동제5투,3688,3050,1356,1681,0,2,5,2,3046,4,638
경기도,고양시덕양구,,화정2동제6투,2712,2293,1118,1163,0,0,2,3,2286,7,419
경기도,고양시덕양구,,화정2동제7투,3689,2972,1210,1745,1,2,1,2,2961,11,717
경기도,고양시덕양구,행주동,소계,18630,12747,6410,6252,1,5,27,14,12709,38,5883
경기도,고양시덕양구,,행주동제1투,3303,2054,986,1058,0,0,3,1,2048,6,1249
경기도,고양시덕양구,,행주동제2투,3677,2486,1246,1229,0,1,3,3,2482,4,1191
경기도,고양시덕양구,,행주동제3투,3371,2169,1048,1108,0,0,4,3,2163,6,1202
경기도,고양시덕양구,,행주동제4투,3684,2532,1225,1285,0,3,6,2,2521,11,1152
경기도,고양시덕양구,,행주동제5투,1250,966,602,348,0,1,7,2,960,6,284
경기도,고양시덕양구,,행주동제6투,3345,2540,1303,1224,1,0,4,3,2535,5,805
경기도,고양시덕양구,행신1동,소계,19296,15302,6973,8251,7,3,27,7,15268,34,3994
경기도,고양시덕양구,,행신1동제1투,3786,2865,1209,1641,2,0,5,0,2857,8,921
경기도,고양시덕양구,,행신1동제2투,3913,3138,1455,1669,3,0,2,2,3131,7,775
경기도,고양시덕양구,,행신1동제3투,3616,2788,1309,1460,1,1,8,1,2780,8,828
경기도,고양시덕양구,,행신1동제4투,4077,3301,1415,1870,1,2,6,2,3296,5,776
경기도,고양시덕양구,,행신1동제5투,3904,3210,1585,1611,0,0,6,2,3204,6,694
경기도,고양시덕양구,행신2동,소계,27743,21869,9756,11984,4,11,44,20,21819,50,5874
경기도,고양시덕양구,,행신2동제1투,4394,3295,1639,1641,1,1,4,2,3288,7,1099
경기도,고양시덕양구,,행신2동제2투,3446,2849,1287,1546,1,2,5,4,2845,4,597
경기도,고양시덕양구,,행신2동제3투,4335,3369,1715,1634,1,2,8,4,3364,5,966
경기도,고양시덕양구,,행신2동제4투,3968,3166,1302,1839,0,2,9,4,3156,10,802
경기도,고양시덕양구,,행신2동제5투,4011,3124,1224,1877,1,1,10,2,3115,9,887
경기도,고양시덕양구,,행신2동제6투,3403,2797,1119,1668,0,0,3,0,2790,7,606
경기도,고양시덕양구,,행신2동제7투,3703,2896,1223,1656,0,3,5,4,2891,5,807
경기도,고양시덕양구,,행신2동제8투,483,373,247,123,0,0,0,0,370,3,110
경기도,고양시덕양구,행신3동,소계,38560,30081,13337,16561,3,14,61,24,30000,81,8479
경기도,고양시덕양구,,행신3동제1투,4747,3690,1523,2146,0,3,5,1,3678,12,1057
경기도,고양시덕양구,,행신3동제2투,4448,3702,1553,2129,1,0,9,1,3693,9,746
경기도,고양시덕양구,,행신3동제3투,4529,3774,1842,1909,1,5,6,0,3763,11,755
경기도,고양시덕양구,,행신3동제4투,3878,3192,1302,1872,0,2,5,4,3185,7,686
경기도,고양시덕양구,,행신3동제5투,4169,3120,1630,1472,0,0,4,7,3113,7,1049
경기도,고양시덕양구,,행신3동제6투,4638,3294,1468,1808,0,2,8,1,3287,7,1344
경기도,고양시덕양구,,행신3동제7투,3327,2154,998,1136,0,1,7,1,2143,11,1173
경기도,고양시덕양구,,행신3동제8투,4857,3943,1722,2195,1,1,10,6,3935,8,914
경기도,고양시덕양구,,행신3동제9투,3967,3212,1299,1894,0,0,7,3,3203,9,755
경기도,고양시덕양구,화전동,소계,4469,2887,1671,1183,2,1,6,2,2865,22,1582
경기도,고양시덕양구,,화전동제1투,3192,2007,1174,807,1,0,5,2,1989,18,1185
경기도,고양시덕양구,,화전동제2투,1277,880,497,376,1,1,1,0,876,4,397
경기도,고양시덕양구,대덕동,소계,3928,2829,1670,1137,1,0,5,4,2817,12,1099
경기도,고양시덕양구,,대덕동제1투,2546,1819,1059,746,1,0,3,4,1813,6,727
경기도,고양시덕양구,,대덕동제2투,1382,1010,611,391,0,0,2,0,1004,6,372
경기도,고양시일산동구,소계,,219923,167095,80535,85504,41,104,336,127,166647,448,52828
경기도,고양시일산동구,재외투표,,1957,1424,546,869,0,1,1,0,1417,7,533
경기도,고양시일산동구,국내부재자투표,,5513,5143,2334,2686,7,10,9,18,5064,79,370
경기도,고양시일산동구,소계,,212453,160528,77655,81949,34,93,326,109,160166,362,51925
경기도,고양시일산동구,식사동,소계,18970,14924,7835,7016,2,5,20,10,14888,36,4046
경기도,고양시일산동구,,식사동제1투,3797,2827,1370,1438,0,2,4,4,2818,9,970
경기도,고양시일산동구,,식사동제2투,3230,2584,1420,1146,1,0,4,3,2574,10,646
경기도,고양시일산동구,,식사동제3투,4969,3859,2055,1792,0,0,3,1,3851,8,1110
경기도,고양시일산동구,,식사동제4투,3047,2459,1356,1090,1,1,6,0,2454,5,588
경기도,고양시일산동구,,식사동제5투,3927,3195,1634,1550,0,2,3,2,3191,4,732
경기도,고양시일산동구,중산동,소계,33637,25247,12169,12941,7,17,47,11,25192,55,8390
경기도,고양시일산동구,,중산동제1투,3812,2738,1294,1430,0,0,6,2,2732,6,1074
경기도,고양시일산동구,,중산동제2투,4114,3065,1469,1579,1,2,9,1,3061,4,1049
경기도,고양시일산동구,,중산동제3투,4255,3460,1819,1615,1,5,9,2,3451,9,795
경기도,고양시일산동구,,중산동제4투,3883,2818,1496,1308,1,2,3,1,2811,7,1065
경기도,고양시일산동구,,중산동제5투,3592,2567,1405,1146,1,3,6,0,2561,6,1025
경기도,고양시일산동구,,중산동제6투,3472,2592,1301,1277,1,1,4,2,2586,6,880
경기도,고양시일산동구,,중산동제7투,5234,3963,1672,2276,0,2,5,2,3957,6,1271
경기도,고양시일산동구,,중산동제8투,5275,4044,1713,2310,2,2,5,1,4033,11,1231
경기도,고양시일산동구,정발산동,소계,21806,16260,7680,8482,3,13,37,12,16227,33,5546
경기도,고양시일산동구,,정발산동제1투,4074,2895,1308,1571,0,5,7,1,2892,3,1179
경기도,고양시일산동구,,정발산동제2투,3522,2586,1242,1332,0,2,5,1,2582,4,936
경기도,고양시일산동구,,정발산동제3투,4026,3027,1394,1613,2,3,6,0,3018,9,999
경기도,고양시일산동구,,정발산동제4투,2245,1741,838,895,0,0,2,3,1738,3,504
경기도,고양시일산동구,,정발산동제5투,4057,3051,1396,1638,0,2,5,3,3044,7,1006
경기도,고양시일산동구,,정발산동제6투,3882,2960,1502,1433,1,1,12,4,2953,7,922
경기도,고양시일산동구,풍산동,소계,28242,21892,10116,11662,2,11,47,13,21851,41,6350
경기도,고양시일산동구,,풍산동제1투,4859,3569,1734,1817,0,2,3,4,3560,9,1290
경기도,고양시일산동구,,풍산동제2투,3552,2800,1274,1512,0,2,4,1,2793,7,752
경기도,고양시일산동구,,풍산동제3투,3419,2708,1340,1354,0,2,6,2,2704,4,711
경기도,고양시일산동구,,풍산동제4투,4842,3625,1517,2086,0,3,12,3,3621,4,1217
경기도,고양시일산동구,,풍산동제5투,3462,2802,1239,1553,0,0,5,0,2797,5,660
경기도,고양시일산동구,,풍산동제6투,3777,2997,1324,1657,0,1,9,1,2992,5,780
경기도,고양시일산동구,,풍산동제7투,4331,3391,1688,1683,2,1,8,2,3384,7,940
경기도,고양시일산동구,백석1동,소계,21562,16615,7327,9203,4,5,32,15,16586,29,4947
경기도,고양시일산동구,,백석1동제1투,2929,2038,896,1127,2,1,4,2,2032,6,891
경기도,고양시일산동구,,백석1동제2투,3646,2858,1224,1618,1,2,6,1,2852,6,788
경기도,고양시일산동구,,백석1동제3투,3666,3017,1257,1750,0,0,2,3,3012,5,649
경기도,고양시일산동구,,백석1동제4투,4190,3390,1611,1759,1,0,8,5,3384,6,800
경기도,고양시일산동구,,백석1동제5투,4155,2994,1304,1677,0,2,5,2,2990,4,1161
경기도,고양시일산동구,,백석1동제6투,2976,2318,1035,1272,0,0,7,2,2316,2,658
경기도,고양시일산동구,백석2동,소계,18142,13151,5746,7333,6,7,16,8,13116,35,4991
경기도,고양시일산동구,,백석2동제1투,4007,3101,1422,1670,0,1,4,1,3098,3,906
경기도,고양시일산동구,,백석2동제2투,3952,2944,1293,1635,2,1,5,1,2937,7,1008
경기도,고양시일산동구,,백석2동제3투,4992,3507,1663,1812,4,2,4,3,3488,19,1485
경기도,고양시일산동구,,백석2동제4투,5191,3599,1368,2216,0,3,3,3,3593,6,1592
경기도,고양시일산동구,마두1동,소계,20329,16318,8049,8169,1,12,37,9,16277,41,4011
경기도,고양시일산동구,,마두1동제1투,4466,3638,1745,1869,0,2,10,2,3628,10,828
경기도,고양시일산동구,,마두1동제2투,4136,3517,1869,1627,1,2,7,0,3506,11,619
경기도,고양시일산동구,,마두1동제3투,4179,3152,1522,1620,0,1,4,0,3147,5,1027
경기도,고양시일산동구,,마두1동제4투,3958,3255,1454,1777,0,5,9,3,3248,7,703
경기도,고양시일산동구,,마두1동제5투,3590,2756,1459,1276,0,2,7,4,2748,8,834
경기도,고양시일산동구,마두2동,소계,13106,10699,5689,4940,5,5,28,4,10671,28,2407
경기도,고양시일산동구,,마두2동제1투,3491,2871,1555,1295,1,2,8,2,2863,8,620
경기도,고양시일산동구,,마두2동제2투,3656,3052,1628,1403,2,0,11,0,3044,8,604
경기도,고양시일산동구,,마두2동제3투,2283,1700,747,939,1,2,3,2,1694,6,583
경기도,고양시일산동구,,마두2동제4투,3676,3076,1759,1303,1,1,6,0,3070,6,600
경기도,고양시일산동구,장항1동,소계,2697,1898,1224,661,1,0,3,0,1889,9,799
경기도,고양시일산동구,,장항1동투표소,2697,1898,1224,661,1,0,3,0,1889,9,799
경기도,고양시일산동구,장항2동,소계,21616,14989,6811,8096,1,9,35,15,14967,22,6627
경기도,고양시일산동구,,장항2동제1투,4968,3903,1772,2103,0,2,11,7,3895,8,1065
경기도,고양시일산동구,,장항2동제2투,3687,3089,1856,1210,1,3,12,2,3084,5,598
경기도,고양시일산동구,,장항2동제3투,4060,2648,1187,1448,0,0,7,1,2643,5,1412
경기도,고양시일산동구,,장항2동제4투,4107,2527,992,1524,0,1,5,2,2524,3,1580
경기도,고양시일산동구,,장항2동제5투,4794,2822,1004,1811,0,3,0,3,2821,1,1972
경기도,고양시일산동구,고봉동,소계,12346,8535,5009,3446,2,9,24,12,8502,33,3811
경기도,고양시일산동구,,고봉동제1투,4008,2711,1620,1064,0,2,16,0,2702,9,1297
경기도,고양시일산동구,,고봉동제2투,3947,2662,1641,988,2,6,2,5,2644,18,1285
경기도,고양시일산동구,,고봉동제3투,4391,3162,1748,1394,0,1,6,7,3156,6,1229
경기도,고양시일산서구,소계,,220417,171813,81992,88785,41,87,342,148,171395,418,48604
경기도,고양시일산서구,재외투표,,1953,1385,529,844,0,0,4,0,1377,8,568
경기도,고양시일산서구,국내부재자투표,,5483,5141,2372,2661,5,9,16,13,5076,65,342
경기도,고양시일산서구,소계,,212981,165287,79091,85280,36,78,322,135,164942,345,47694
경기도,고양시일산서구,일산1동,소계,21365,16119,7604,8434,1,6,30,17,16092,27,5246
경기도,고양시일산서구,,일산1동제1투,3788,2787,1361,1411,1,0,5,3,2781,6,1001
경기도,고양시일산서구,,일산1동제2투,2713,1946,991,939,0,3,6,3,1942,4,767
경기도,고양시일산서구,,일산1동제3투,3405,2563,1225,1325,0,1,4,2,2557,6,842
경기도,고양시일산서구,,일산1동제4투,4158,3148,1368,1769,0,1,4,2,3144,4,1010
경기도,고양시일산서구,,일산1동제5투,3950,3087,1472,1600,0,0,5,5,3082,5,863
경기도,고양시일산서구,,일산1동제6투,3351,2588,1187,1390,0,1,6,2,2586,2,763
경기도,고양시일산서구,일산2동,소계,17316,12802,6574,6151,4,8,17,12,12766,36,4514
경기도,고양시일산서구,,일산2동제1투,3293,2346,1149,1182,1,0,2,5,2339,7,947
경기도,고양시일산서구,,일산2동제2투,4109,3423,1663,1743,1,1,4,1,3413,10,686
경기도,고양시일산서구,,일산2동제3투,3233,2445,1309,1127,0,0,2,1,2439,6,788
경기도,고양시일산서구,,일산2동제4투,2629,1772,977,784,2,3,3,0,1769,3,857
경기도,고양시일산서구,,일산2동제5투,4052,2816,1476,1315,0,4,6,5,2806,10,1236
경기도,고양시일산서구,일산3동,소계,28045,23125,10180,12821,5,5,48,20,23079,46,4920
경기도,고양시일산서구,,일산3동제1투,3392,2671,1184,1468,0,1,6,8,2667,4,721
경기도,고양시일산서구,,일산3동제2투,4112,3396,1688,1690,0,0,10,4,3392,4,716
경기도,고양시일산서구,,일산3동제3투,4210,3450,1460,1975,1,0,9,1,3446,4,760
경기도,고양시일산서구,,일산3동제4투,3067,2549,1100,1436,3,0,1,2,2542,7,518
경기도,고양시일산서구,,일산3동제5투,4068,3404,1380,2010,1,1,4,2,3398,6,664
경기도,고양시일산서구,,일산3동제6투,3078,2573,1141,1422,0,1,4,1,2569,4,505
경기도,고양시일산서구,,일산3동제7투,2782,2262,920,1327,0,2,6,2,2257,5,520
경기도,고양시일산서구,,일산3동제8투,3336,2820,1307,1493,0,0,8,0,2808,12,516
경기도,고양시일산서구,탄현동,소계,31286,23877,10972,12764,3,11,49,19,23818,59,7409
경기도,고양시일산서구,,탄현동제1투,3592,2535,1274,1242,1,4,5,4,2530,5,1057
경기도,고양시일산서구,,탄현동제2투,2945,2322,1033,1274,1,2,7,2,2319,3,623
경기도,고양시일산서구,,탄현동제3투,4186,3128,1450,1646,1,1,6,8,3112,16,1058
경기도,고양시일산서구,,탄현동제4투,4212,3302,1623,1667,0,1,4,1,3296,6,910
경기도,고양시일산서구,,탄현동제5투,4815,3770,1666,2084,0,0,9,0,3759,11,1045
경기도,고양시일산서구,,탄현동제6투,3970,3128,1535,1576,0,1,6,2,3120,8,842
경기도,고양시일산서구,,탄현동제7투,3941,2987,1293,1679,0,2,7,0,2981,6,954
경기도,고양시일산서구,,탄현동제8투,3625,2705,1098,1596,0,0,5,2,2701,4,920
경기도,고양시일산서구,주엽1동,소계,23449,18952,9044,9796,4,10,46,13,18913,39,4497
경기도,고양시일산서구,,주엽1동제1투,3795,2887,1305,1565,1,2,4,1,2878,9,908
경기도,고양시일산서구,,주엽1동제2투,2979,2470,1269,1192,0,1,3,2,2467,3,509
경기도,고양시일산서구,,주엽1동제3투,2975,2466,1170,1275,0,0,9,1,2455,11,509
경기도,고양시일산서구,,주엽1동제4투,3609,2965,1305,1643,1,0,9,3,2961,4,644
경기도,고양시일산서구,,주엽1동제5투,1918,1462,614,836,1,3,3,1,1458,4,456
경기도,고양시일산서구,,주엽1동제6투,2795,2293,1346,938,1,2,4,0,2291,2,502
경기도,고양시일산서구,,주엽1동제7투,2990,2434,1157,1259,0,2,7,4,2429,5,556
경기도,고양시일산서구,,주엽1동제8투,2388,1975,878,1088,0,0,7,1,1974,1,413
경기도,고양시일산서구,주엽2동,소계,24713,19705,9619,9951,9,12,51,17,19659,46,5008
경기도,고양시일산서구,,주엽2동제1투,2829,2227,1213,995,2,0,9,2,2221,6,602
경기도,고양시일산서구,,주엽2동제2투,2961,2441,1096,1326,3,4,5,1,2435,6,520
경기도,고양시일산서구,,주엽2동제3투,2633,2180,1081,1084,0,1,8,2,2176,4,453
경기도,고양시일산서구,,주엽2동제4투,3678,2904,1387,1492,0,5,3,5,2892,12,774
경기도,고양시일산서구,,주엽2동제5투,2606,2106,1081,1011,1,1,5,2,2101,5,500
경기도,고양시일산서구,,주엽2동제6투,2687,1991,928,1051,0,0,4,3,1986,5,696
경기도,고양시일산서구,,주엽2동제7투,3582,2915,1407,1495,1,0,9,2,2914,1,667
경기도,고양시일산서구,,주엽2동제8투,3737,2941,1426,1497,2,1,8,0,2934,7,796
경기도,고양시일산서구,대화동,소계,26277,19547,9205,10232,4,11,38,18,19508,39,6730
경기도,고양시일산서구,,대화동제1투,4228,3030,1408,1605,1,2,5,4,3025,5,1198
경기도,고양시일산서구,,대화동제2투,3589,2800,1303,1476,1,4,6,6,2796,4,789
경기도,고양시일산서구,,대화동제3투,4492,3570,1518,2033,1,0,9,2,3563,7,922
경기도,고양시일산서구,,대화동제4투,2650,1950,972,967,0,1,5,0,1945,5,700
경기도,고양시일산서구,,대화동제5투,3406,2417,1209,1193,0,0,5,3,2410,7,989
경기도,고양시일산서구,,대화동제6투,4241,3219,1564,1635,0,4,7,1,3211,8,1022
경기도,고양시일산서구,,대화동제7투,3671,2561,1231,1323,1,0,1,2,2558,3,1110
경기도,고양시일산서구,송포동,소계,12731,10079,5227,4807,3,5,17,6,10065,14,2652
경기도,고양시일산서구,,송포동제1투,4389,3319,2088,1219,2,0,3,2,3314,5,1070
경기도,고양시일산서구,,송포동제2투,4630,3728,1631,2077,0,3,9,2,3722,6,902
경기도,고양시일산서구,,송포동제3투,3712,3032,1508,1511,1,2,5,2,3029,3,680
경기도,고양시일산서구,송산동,소계,27799,21081,10666,10324,3,10,26,13,21042,39,6718
경기도,고양시일산서구,,송산동제1투,3513,2468,1362,1093,0,0,3,3,2461,7,1045
경기도,고양시일산서구,,송산동제2투,3674,2631,1422,1192,0,2,3,2,2621,10,1043
경기도,고양시일산서구,,송산동제3투,4084,3114,1725,1376,1,0,7,1,3110,4,970
경기도,고양시일산서구,,송산동제4투,3051,2136,1373,750,0,4,3,2,2132,4,915
경기도,고양시일산서구,,송산동제5투,3642,2929,1205,1713,2,1,1,2,2924,5,713
경기도,고양시일산서구,,송산동제6투,4392,3471,1511,1950,0,2,4,1,3468,3,921
경기도,고양시일산서구,,송산동제7투,2246,1773,858,907,0,0,2,0,1767,6,473
경기도,고양시일산서구,,송산동제8투,3197,2559,1210,1343,0,1,3,2,2559,0,638
경기도,과천시,소계,,55657,44853,22507,21923,10,37,165,46,44688,165,10804
경기도,과천시,재외투표,,815,613,232,371,0,0,3,3,609,4,202
경기도,과천시,국내부재자투표,,1404,1305,645,632,0,1,8,1,1287,18,99
경기도,과천시,소계,,53438,42935,21630,20920,10,36,154,42,42792,143,10503
경기도,과천시,중앙동,소계,7873,6503,3468,2972,1,3,32,2,6478,25,1370
경기도,과천시,,중앙동제1투,2390,1890,984,888,0,0,11,1,1884,6,500
경기도,과천시,,중앙동제2투,1970,1677,784,881,0,1,5,1,1672,5,293
경기도,과천시,,중앙동제3투,3513,2936,1700,1203,1,2,16,0,2922,14,577
경기도,과천시,갈현동,소계,10830,8920,4504,4330,4,5,40,6,8889,31,1910
경기도,과천시,,갈현동제1투,1326,938,573,353,3,0,6,1,936,2,388
경기도,과천시,,갈현동제2투,2323,1873,822,1027,0,1,11,2,1863,10,450
경기도,과천시,,갈현동제3투,3389,2886,1396,1463,0,3,14,1,2877,9,503
경기도,과천시,,갈현동제4투,3792,3223,1713,1487,1,1,9,2,3213,10,569
경기도,과천시,별양동,소계,12158,9775,4862,4827,2,7,35,9,9742,33,2383
경기도,과천시,,별양동제1투,1481,1108,528,567,0,0,6,2,1103,5,373
경기도,과천시,,별양동제2투,2701,2078,1027,1036,0,1,7,3,2074,4,623
경기도,과천시,,별양동제3투,2694,2163,1026,1126,0,1,3,2,2158,5,531
경기도,과천시,,별양동제4투,2254,1907,1106,777,0,1,13,0,1897,10,347
경기도,과천시,,별양동제5투,3028,2519,1175,1321,2,4,6,2,2510,9,509
경기도,과천시,부림동,소계,10407,8444,3926,4445,2,11,25,11,8420,24,1963
경기도,과천시,,부림동제1투,2682,2150,972,1150,1,4,12,3,2142,8,532
경기도,과천시,,부림동제2투,2614,2233,1065,1152,1,3,5,3,2229,4,381
경기도,과천시,,부림동제3투,2494,2085,931,1143,0,2,5,2,2083,2,409
경기도,과천시,,부림동제4투,2617,1976,958,1000,0,2,3,3,1966,10,641
경기도,과천시,과천동,소계,6807,5087,2727,2313,1,4,15,9,5069,18,1720
경기도,과천시,,과천동제1투,1705,1256,675,567,0,1,4,5,1252,4,449
경기도,과천시,,과천동제2투,2064,1524,911,600,1,3,2,2,1519,5,540
경기도,과천시,,과천동제3투,979,732,406,318,0,0,2,1,727,5,247
경기도,과천시,,과천동제4투,2059,1575,735,828,0,0,7,1,1571,4,484
경기도,과천시,문원동,소계,5363,4206,2143,2033,0,6,7,5,4194,12,1157
경기도,과천시,,문원동제1투,2355,1842,888,942,0,1,3,3,1837,5,513
경기도,과천시,,문원동제2투,3008,2364,1255,1091,0,5,4,2,2357,7,644
경기도,의왕시,소계,,119634,94567,45541,48412,13,53,218,82,94319,248,25067
경기도,의왕시,재외투표,,799,581,203,373,0,0,3,0,579,2,218
경기도,의왕시,국내부재자투표,,2699,2538,1224,1247,2,5,7,7,2492,46,161
경기도,의왕시,소계,,116136,91448,44114,46792,11,48,208,75,91248,200,24688
경기도,의왕시,고천동,소계,10529,8201,4336,3828,0,6,14,3,8187,14,2328
경기도,의왕시,,고천동제1투,2446,1717,927,784,0,2,1,1,1715,2,729
경기도,의왕시,,고천동제2투,3686,2857,1502,1338,0,1,7,2,2850,7,829
경기도,의왕시,,고천동제3투,4397,3627,1907,1706,0,3,6,0,3622,5,770
경기도,의왕시,부곡동,소계,20666,15876,7803,7958,2,11,40,21,15835,41,4790
경기도,의왕시,,부곡동제1투,2860,2243,1099,1128,0,1,7,2,2237,6,617
경기도,의왕시,,부곡동제2투,2830,2217,1115,1081,0,2,7,4,2209,8,613
경기도,의왕시,,부곡동제3투,3381,2547,1155,1377,0,1,3,5,2541,6,834
경기도,의왕시,,부곡동제4투,3783,3034,1383,1632,1,4,8,3,3031,3,749
경기도,의왕시,,부곡동제5투,3715,2792,1416,1354,0,1,6,4,2781,11,923
경기도,의왕시,,부곡동제6투,4097,3043,1635,1386,1,2,9,3,3036,7,1054
경기도,의왕시,오전동,소계,33072,26429,12783,13505,3,6,56,18,26371,58,6643
경기도,의왕시,,오전동제1투,3008,2169,1062,1095,0,1,2,1,2161,8,839
경기도,의왕시,,오전동제2투,3423,2588,1257,1314,1,1,5,3,2581,7,835
경기도,의왕시,,오전동제3투,3536,2787,1407,1365,0,1,4,5,2782,5,749
경기도,의왕시,,오전동제4투,3000,2554,1348,1196,1,0,3,1,2549,5,446
경기도,의왕시,,오전동제5투,3559,2972,1379,1584,0,0,7,0,2970,2,587
경기도,의왕시,,오전동제6투,2697,2198,1093,1087,0,1,10,2,2193,5,499
경기도,의왕시,,오전동제7투,3922,3310,1572,1724,0,1,11,0,3308,2,612
경기도,의왕시,,오전동제8투,3664,3089,1380,1698,0,0,3,0,3081,8,575
경기도,의왕시,,오전동제9투,3566,2681,1311,1347,1,1,6,4,2670,11,885
경기도,의왕시,,오전동제10투,2697,2081,974,1095,0,0,5,2,2076,5,616
경기도,의왕시,내손1동,소계,17400,13997,6764,7150,2,6,43,5,13970,27,3403
경기도,의왕시,,내손1동제1투,3759,2820,1210,1587,1,1,10,2,2811,9,939
경기도,의왕시,,내손1동제2투,3447,2869,1587,1268,1,1,5,1,2863,6,578
경기도,의왕시,,내손1동제3투,2937,2290,962,1317,0,1,6,0,2286,4,647
경기도,의왕시,,내손1동제4투,3997,3249,1583,1645,0,2,14,2,3246,3,748
경기도,의왕시,,내손1동제5투,3260,2769,1422,1333,0,1,8,0,2764,5,491
경기도,의왕시,내손2동,소계,21462,16522,7484,8942,3,11,23,21,16484,38,4940
경기도,의왕시,,내손2동제1투,3589,3030,1307,1714,0,0,3,4,3028,2,559
경기도,의왕시,,내손2동제2투,3694,2988,1260,1711,1,1,6,3,2982,6,706
경기도,의왕시,,내손2동제3투,3625,2692,1234,1442,0,4,2,4,2686,6,933
경기도,의왕시,,내손2동제4투,3153,2210,1080,1112,1,2,2,5,2202,8,943
경기도,의왕시,,내손2동제5투,2300,1629,751,868,0,2,1,2,1624,5,671
경기도,의왕시,,내손2동제6투,2408,1722,770,941,1,1,3,2,1718,4,686
경기도,의왕시,,내손2동제7투,2693,2251,1082,1154,0,1,6,1,2244,7,442
경기도,의왕시,청계동,소계,13007,10423,4944,5409,1,8,32,7,10401,22,2584
경기도,의왕시,,청계동제1투,2871,2181,1261,904,0,4,8,0,2177,4,690
경기도,의왕시,,청계동제2투,2645,2190,1062,1108,0,0,9,3,2182,8,455
경기도,의왕시,,청계동제3투,4237,3393,1506,1867,1,3,10,2,3389,4,844
경기도,의왕시,,청계동제4투,3254,2659,1115,1530,0,1,5,2,2653,6,595
경기도,구리시,소계,,150179,113698,56748,56219,27,47,209,112,113362,336,36481
경기도,구리시,재외투표,,846,617,249,363,0,0,0,0,612,5,229
경기도,구리시,국내부재자투표,,3492,3311,1562,1667,2,11,12,9,3263,48,181
경기도,구리시,소계,,145841,109770,54937,54189,25,36,197,103,109487,283,36071
경기도,구리시,갈매동,소계,1950,1285,788,482,1,0,4,3,1278,7,665
경기도,구리시,,갈매동제1투,1096,680,431,243,0,0,1,1,676,4,416
경기도,구리시,,갈매동제2투,854,605,357,239,1,0,3,2,602,3,249
경기도,구리시,동구동,소계,31360,25266,12075,13050,5,10,43,19,25202,64,6094
경기도,구리시,,동구동제1투,2105,1470,756,709,0,0,2,0,1467,3,635
경기도,구리시,,동구동제2투,1357,1004,695,298,1,2,0,4,1000,4,353
경기도,구리시,,동구동제3투,3941,3031,1494,1523,0,0,6,2,3025,6,910
경기도,구리시,,동구동제4투,2896,2404,1085,1305,0,1,3,2,2396,8,492
경기도,구리시,,동구동제5투,2876,2311,1087,1214,0,1,5,0,2307,4,565
경기도,구리시,,동구동제6투,3080,2493,1065,1411,0,1,4,2,2483,10,587
경기도,구리시,,동구동제7투,2928,2388,1113,1254,3,0,4,4,2378,10,540
경기도,구리시,,동구동제8투,2485,2138,1151,977,0,1,4,0,2133,5,347
경기도,구리시,,동구동제9투,3141,2582,1123,1447,1,1,7,0,2579,3,559
경기도,구리시,,동구동제10투,3749,3087,1438,1632,0,2,8,1,3081,6,662
경기도,구리시,,동구동제11투,2802,2358,1068,1280,0,1,0,4,2353,5,444
경기도,구리시,인창동,소계,19522,14852,7342,7423,1,5,20,18,14809,43,4670
경기도,구리시,,인창동제1투,3913,2712,1347,1347,1,2,4,2,2703,9,1201
경기도,구리시,,인창동제2투,3055,2214,1089,1110,0,0,3,2,2204,10,841
경기도,구리시,,인창동제3투,3380,2367,1297,1058,0,1,1,2,2359,8,1013
경기도,구리시,,인창동제4투,3390,2790,1252,1524,0,1,1,5,2783,7,600
경기도,구리시,,인창동제5투,2711,2245,1062,1170,0,1,4,4,2241,4,466
경기도,구리시,,인창동제6투,3073,2524,1295,1214,0,0,7,3,2519,5,549
경기도,구리시,교문1동,소계,14700,10169,5481,4613,3,1,26,10,10134,35,4531
경기도,구리시,,교문1동제1투,3293,2094,1049,1033,2,0,6,1,2091,3,1199
경기도,구리시,,교문1동제2투,2439,1602,874,722,1,0,2,1,1600,2,837
경기도,구리시,,교문1동제3투,3039,2154,1145,991,0,0,5,0,2141,13,885
경기도,구리시,,교문1동제4투,3172,2187,1230,938,0,0,5,6,2179,8,985
경기도,구리시,,교문1동제5투,1761,1347,761,574,0,1,3,1,1340,7,414
경기도,구리시,,교문1동제6투,996,785,422,355,0,0,5,1,783,2,211
경기도,구리시,교문2동,소계,18337,14895,7450,7347,4,9,40,18,14868,27,3442
경기도,구리시,,교문2동제1투,3129,2557,1167,1379,0,1,3,4,2554,3,572
경기도,구리시,,교문2동제2투,2693,1901,957,925,0,0,9,5,1896,5,792
경기도,구리시,,교문2동제3투,2837,2295,1123,1152,0,2,10,1,2288,7,542
경기도,구리시,,교문2동제4투,2772,2358,1246,1102,0,0,4,1,2353,5,414
경기도,구리시,,교문2동제5투,3459,2879,1494,1362,3,2,11,3,2875,4,580
경기도,구리시,,교문2동제6투,3447,2905,1463,1427,1,4,3,4,2902,3,542
경기도,구리시,수택1동,소계,19511,13514,7038,6409,3,3,16,9,13478,36,5997
경기도,구리시,,수택1동제1투,4852,3206,1663,1530,0,0,4,2,3199,7,1646
경기도,구리시,,수택1동제2투,2663,1626,938,683,1,1,0,1,1624,2,1037
경기도,구리시,,수택1동제3투,3620,2351,1276,1061,1,0,3,2,2343,8,1269
경기도,구리시,,수택1동제4투,4360,3316,1759,1540,1,2,5,1,3308,8,1044
경기도,구리시,,수택1동제5투,4016,3015,1402,1595,0,0,4,3,3004,11,1001
경기도,구리시,수택2동,소계,22434,15826,8065,7651,8,6,26,17,15773,53,6608
경기도,구리시,,수택2동제1투,3765,2597,1333,1245,2,0,4,5,2589,8,1168
경기도,구리시,,수택2동제2투,3436,2506,1248,1239,0,1,7,2,2497,9,930
경기도,구리시,,수택2동제3투,3626,2513,1355,1137,2,1,1,2,2498,15,1113
경기도,구리시,,수택2동제4투,2793,1910,1047,848,2,1,3,3,1904,6,883
경기도,구리시,,수택2동제5투,3634,2598,1190,1394,2,2,3,1,2592,6,1036
경기도,구리시,,수택2동제6투,2131,1471,768,695,0,1,3,1,1468,3,660
경기도,구리시,,수택2동제7투,3049,2231,1124,1093,0,0,5,3,2225,6,818
경기도,구리시,수택3동,소계,18027,13963,6698,7214,0,2,22,9,13945,18,4064
경기도,구리시,,수택3동제1투,4047,3097,1379,1709,0,0,7,1,3096,1,950
경기도,구리시,,수택3동제2투,3523,2901,1505,1387,0,0,2,2,2896,5,622
경기도,구리시,,수택3동제3투,4480,3766,1851,1899,0,2,4,4,3760,6,714
경기도,구리시,,수택3동제4투,3360,2183,1073,1102,0,0,3,1,2179,4,1177
경기도,구리시,,수택3동제5투,2617,2016,890,1117,0,0,6,1,2014,2,601
경기도,남양주시,소계,,454216,335323,171230,161920,85,142,524,323,334224,1099,118893
경기도,남양주시,재외투표,,2243,1569,631,921,2,2,4,0,1560,9,674
경기도,남양주시,국내부재자투표,,9567,8967,4278,4410,18,17,27,49,8799,168,600
경기도,남양주시,소계,,442406,324787,166321,156589,65,123,493,274,323865,922,117619
경기도,남양주시,와부읍,소계,52785,41485,21243,19982,6,23,75,37,41366,119,11300
경기도,남양주시,,와부읍제1투,4928,3819,1821,1977,1,1,5,1,3806,13,1109
경기도,남양주시,,와부읍제2투,4339,2868,1641,1205,2,1,6,5,2860,8,1471
경기도,남양주시,,와부읍제3투,3788,3098,1442,1634,1,1,8,4,3090,8,690
경기도,남양주시,,와부읍제4투,4527,3537,1793,1722,0,1,4,0,3520,17,990
경기도,남양주시,,와부읍제5투,1151,863,558,293,0,2,3,3,859,4,288
경기도,남양주시,,와부읍제6투,799,616,410,201,0,1,2,1,615,1,183
경기도,남양주시,,와부읍제7투,4262,3429,1673,1731,1,2,12,3,3422,7,833
경기도,남양주시,,와부읍제8투,3461,2796,1415,1362,1,3,7,0,2788,8,665
경기도,남양주시,,와부읍제9투,2509,1821,1106,708,0,2,1,3,1820,1,688
경기도,남양주시,,와부읍제10투,3192,2510,1223,1278,0,2,2,3,2508,2,682
경기도,남양주시,,와부읍제11투,4196,3439,1544,1869,0,3,9,4,3429,10,757
경기도,남양주시,,와부읍제12투,855,630,422,203,0,0,0,1,626,4,225
경기도,남양주시,,와부읍제13투,2985,2459,1433,1017,0,0,4,0,2454,5,526
경기도,남양주시,,와부읍제14투,3393,2709,1442,1255,0,2,3,2,2704,5,684
경기도,남양주시,,와부읍제15투,2834,2413,1179,1217,0,1,1,5,2403,10,421
경기도,남양주시,,와부읍제16투,3273,2609,1326,1270,0,0,4,2,2602,7,664
경기도,남양주시,,와부읍제17투,2293,1869,815,1040,0,1,4,0,1860,9,424
경기도,남양주시,진접읍,소계,69492,49186,24721,24223,9,14,64,33,49064,122,20306
경기도,남양주시,,진접읍제1투,5573,3720,1881,1823,2,2,6,3,3717,3,1853
경기도,남양주시,,진접읍제2투,4422,3184,1638,1526,1,1,6,1,3173,11,1238
경기도,남양주시,,진접읍제3투,4106,3007,1514,1480,1,0,3,1,2999,8,1099
경기도,남양주시,,진접읍제4투,3839,2568,1510,1041,0,3,3,2,2559,9,1271
경기도,남양주시,,진접읍제5투,3418,2298,1303,988,1,0,2,2,2296,2,1120
경기도,남양주시,,진접읍제6투,4624,3253,1777,1465,0,1,2,3,3248,5,1371
경기도,남양주시,,진접읍제7투,5492,3981,2088,1875,1,0,2,4,3970,11,1511
경기도,남양주시,,진접읍제8투,4885,3394,1833,1547,0,1,1,4,3386,8,1491
경기도,남양주시,,진접읍제9투,3897,2727,1604,1099,1,0,5,5,2714,13,1170
경기도,남양주시,,진접읍제10투,4188,3129,1365,1750,0,2,5,0,3122,7,1059
경기도,남양주시,,진접읍제11투,4140,3011,1515,1482,0,1,4,2,3004,7,1129
경기도,남양주시,,진접읍제12투,6300,4354,2012,2321,1,2,8,0,4344,10,1946
경기도,남양주시,,진접읍제13투,4596,3571,1430,2125,0,0,4,3,3562,9,1025
경기도,남양주시,,진접읍제14투,4702,3480,1426,2036,1,1,7,1,3472,8,1222
경기도,남양주시,,진접읍제15투,5310,3509,1825,1665,0,0,6,2,3498,11,1801
경기도,남양주시,화도읍,소계,70739,49389,25664,23441,16,23,75,50,49269,120,21350
경기도,남양주시,,화도읍제1투,3930,2863,1504,1343,1,2,2,1,2853,10,1067
경기도,남양주시,,화도읍제2투,3840,2541,1200,1324,0,2,4,3,2533,8,1299
경기도,남양주시,,화도읍제3투,3897,2701,1527,1156,2,1,5,5,2696,5,1196
경기도,남양주시,,화도읍제4투,4571,3262,1709,1528,0,5,8,1,3251,11,1309
경기도,남양주시,,화도읍제5투,5605,3770,2052,1699,3,0,3,7,3764,6,1835
경기도,남양주시,,화도읍제6투,4243,2970,1600,1349,1,1,7,2,2960,10,1273
경기도,남양주시,,화도읍제7투,6004,4052,2184,1849,1,0,1,7,4042,10,1952
경기도,남양주시,,화도읍제8투,3974,2898,1362,1524,0,0,4,3,2893,5,1076
경기도,남양주시,,화도읍제9투,3472,2470,1269,1191,1,1,3,2,2467,3,1002
경기도,남양주시,,화도읍제10투,4211,3303,1587,1695,0,0,8,0,3290,13,908
경기도,남양주시,,화도읍제11투,3401,2587,1157,1417,1,3,5,1,2584,3,814
경기도,남양주시,,화도읍제12투,3326,2226,1459,756,1,1,4,3,2224,2,1100
경기도,남양주시,,화도읍제13투,1338,909,573,330,0,0,3,0,906,3,429
경기도,남양주시,,화도읍제14투,3864,2892,1314,1562,1,0,5,5,2887,5,972
경기도,남양주시,,화도읍제15투,5302,3173,1663,1488,3,2,5,1,3162,11,2129
경기도,남양주시,,화도읍제16투,3087,2098,1085,1001,0,2,1,5,2094,4,989
경기도,남양주시,,화도읍제17투,3059,2205,1199,992,1,2,5,0,2199,6,854
경기도,남양주시,,화도읍제18투,3615,2469,1220,1237,0,1,2,4,2464,5,1146
경기도,남양주시,진건읍,소계,22755,16209,8933,7163,3,4,20,19,16142,67,6546
경기도,남양주시,,진건읍제1투,4015,2547,1416,1113,1,1,5,2,2538,9,1468
경기도,남양주시,,진건읍제2투,1169,860,559,293,0,0,1,3,856,4,309
경기도,남양주시,,진건읍제3투,2207,1553,987,551,0,2,4,2,1546,7,654
경기도,남양주시,,진건읍제4투,3444,2538,1247,1271,0,0,3,3,2524,14,906
경기도,남양주시,,진건읍제5투,4420,3204,1780,1403,0,1,3,4,3191,13,1216
경기도,남양주시,,진건읍제6투,4869,3713,1896,1797,1,0,3,3,3700,13,1156
경기도,남양주시,,진건읍제7투,2631,1794,1048,735,1,0,1,2,1787,7,837
경기도,남양주시,오남읍,소계,40236,28462,13683,14656,3,8,33,15,28398,64,11774
경기도,남양주시,,오남읍제1투,4393,2750,1462,1274,0,1,3,4,2744,6,1643
경기도,남양주시,,오남읍제2투,4474,3313,1548,1752,0,0,3,3,3306,7,1161
경기도,남양주시,,오남읍제3투,5566,3795,2014,1762,1,1,3,0,3781,14,1771
경기도,남양주시,,오남읍제4투,4430,2887,1553,1318,1,0,5,2,2879,8,1543
경기도,남양주시,,오남읍제5투,4578,3166,1543,1615,0,1,2,2,3163,3,1412
경기도,남양주시,,오남읍제6투,4054,2960,1377,1571,0,0,5,2,2955,5,1094
경기도,남양주시,,오남읍제7투,2905,2152,968,1177,0,0,1,0,2146,6,753
경기도,남양주시,,오남읍제8투,4725,3342,1513,1814,0,2,4,1,3334,8,1383
경기도,남양주시,,오남읍제9투,5111,4097,1705,2373,1,3,7,1,4090,7,1014
경기도,남양주시,별내면,소계,16811,12628,6268,6271,4,1,27,9,12580,48,4183
경기도,남양주시,,별내면제1투,1684,1063,701,354,0,0,1,0,1056,7,621
경기도,남양주시,,별내면제2투,3634,2859,1329,1510,2,0,10,3,2854,5,775
경기도,남양주시,,별내면제3투,4019,2940,1542,1377,1,1,2,1,2924,16,1079
경기도,남양주시,,별내면제4투,3607,2824,1288,1515,1,0,8,3,2815,9,783
경기도,남양주시,,별내면제5투,3867,2942,1408,1515,0,0,6,2,2931,11,925
경기도,남양주시,퇴계원면,소계,22185,16523,8458,7985,2,2,17,13,16477,46,5662
경기도,남양주시,,퇴계원면제1투,4902,3802,1948,1841,1,0,3,0,3793,9,1100
경기도,남양주시,,퇴계원면제2투,4337,2967,1547,1408,0,1,2,2,2960,7,1370
경기도,남양주시,,퇴계원면제3투,4716,3430,1805,1605,0,1,3,5,3419,11,1286
경기도,남양주시,,퇴계원면제4투,4212,3135,1617,1502,0,0,3,4,3126,9,1077
경기도,남양주시,,퇴계원면제5투,4018,3189,1541,1629,1,0,6,2,3179,10,829
경기도,남양주시,수동면,소계,7019,4762,3086,1596,1,2,10,19,4714,48,2257
경기도,남양주시,,수동면제1투,4238,2840,1837,946,0,2,5,14,2804,36,1398
경기도,남양주시,,수동면제2투,2781,1922,1249,650,1,0,5,5,1910,12,859
경기도,남양주시,조안면,소계,3552,2681,1773,893,1,0,6,2,2675,6,871
경기도,남양주시,,조안면제1투,1793,1342,928,408,1,0,3,0,1340,2,451
경기도,남양주시,,조안면제2투,1759,1339,845,485,0,0,3,2,1335,4,420
경기도,남양주시,호평동,소계,29092,22024,9975,11929,1,13,33,13,21964,60,7068
경기도,남양주시,,호평동제1투,3580,2399,1133,1249,0,2,6,3,2393,6,1181
경기도,남양주시,,호평동제2투,5379,3991,1765,2208,0,1,5,3,3982,9,1388
경기도,남양주시,,호평동제3투,3760,2919,1290,1619,0,2,2,0,2913,6,841
경기도,남양주시,,호평동제4투,3541,2750,1171,1566,0,1,4,1,2743,7,791
경기도,남양주시,,호평동제5투,4418,3383,1574,1792,0,2,3,2,3373,10,1035
경기도,남양주시,,호평동제6투,3313,2691,1163,1515,0,2,6,1,2687,4,622
경기도,남양주시,,호평동제7투,5101,3891,1879,1980,1,3,7,3,3873,18,1210
경기도,남양주시,평내동,소계,29612,22244,10379,11750,6,9,38,11,22193,51,7368
경기도,남양주시,,평내동제1투,4611,3312,1720,1568,3,1,3,1,3296,16,1299
경기도,남양주시,,평내동제2투,5293,3635,1852,1762,0,0,8,5,3627,8,1658
경기도,남양주시,,평내동제3투,4420,3474,1420,2039,1,0,7,0,3467,7,946
경기도,남양주시,,평내동제4투,3295,2590,1195,1383,0,2,6,0,2586,4,705
경기도,남양주시,,평내동제5투,5680,4289,2022,2254,0,2,3,1,4282,7,1391
경기도,남양주시,,평내동제6투,3260,2466,1021,1427,1,3,5,3,2460,6,794
경기도,남양주시,,평내동제7투,3053,2478,1149,1317,1,1,6,1,2475,3,575
경기도,남양주시,금곡동,소계,18367,13071,7319,5675,2,8,11,10,13025,46,5296
경기도,남양주시,,금곡동제1투,4477,2936,1697,1220,1,4,1,1,2924,12,1541
경기도,남양주시,,금곡동제2투,3112,2227,1262,957,1,0,2,3,2225,2,885
경기도,남양주시,,금곡동제3투,3498,2489,1339,1141,0,0,0,0,2480,9,1009
경기도,남양주시,,금곡동제4투,3068,2154,1229,912,0,1,4,2,2148,6,914
경기도,남양주시,,금곡동제5투,4212,3265,1792,1445,0,3,4,4,3248,17,947
경기도,남양주시,양정동,소계,4828,3436,2159,1250,3,2,7,7,3428,8,1392
경기도,남양주시,,양정동제1투,2911,2052,1284,751,2,1,6,5,2049,3,859
경기도,남양주시,,양정동제2투,1917,1384,875,499,1,1,1,2,1379,5,533
경기도,남양주시,지금동,소계,14109,10734,5527,5147,3,4,13,13,10707,27,3375
경기도,남양주시,,지금동제1투,2358,1689,946,732,0,1,3,2,1684,5,669
경기도,남양주시,,지금동제2투,2801,2125,1057,1061,0,1,2,1,2122,3,676
경기도,남양주시,,지금동제3투,987,737,500,233,0,0,2,0,735,2,250
경기도,남양주시,,지금동제4투,4333,3229,1687,1520,0,2,3,6,3218,11,1104
경기도,남양주시,,지금동제5투,3630,2954,1337,1601,3,0,3,4,2948,6,676
경기도,남양주시,도농동,소계,28969,22669,12304,10225,1,8,49,17,22604,65,6300
경기도,남양주시,,도농동제1투,4459,2964,1607,1331,0,1,2,6,2947,17,1495
경기도,남양주시,,도농동제2투,4301,3268,1606,1647,0,2,5,1,3261,7,1033
경기도,남양주시,,도농동제3투,4736,3619,1770,1824,0,1,9,1,3605,14,1117
경기도,남양주시,,도농동제4투,3045,2513,1471,1021,0,0,10,3,2505,8,532
경기도,남양주시,,도농동제5투,3737,3132,1732,1386,0,0,6,3,3127,5,605
경기도,남양주시,,도농동제6투,4690,3893,2141,1727,1,2,9,2,3882,11,797
경기도,남양주시,,도농동제7투,4001,3280,1977,1289,0,2,8,1,3277,3,721
경기도,남양주시,별내동,소계,11855,9284,4829,4403,4,2,15,6,9259,25,2571
경기도,남양주시,,별내동제1투,2178,1675,890,778,1,1,1,2,1673,2,503
경기도,남양주시,,별내동제2투,3080,2481,1222,1244,1,0,7,1,2475,6,599
경기도,남양주시,,별내동제3투,3420,2535,1372,1145,1,1,3,3,2525,10,885
경기도,남양주시,,별내동제4투,3177,2593,1345,1236,1,0,4,0,2586,7,584
경기도,오산시,소계,,147979,106486,52301,53507,26,67,166,129,106196,290,41493
경기도,오산시,재외투표,,468,299,109,186,0,1,1,0,297,2,169
경기도,오산시,국내부재자투표,,2784,2603,1298,1231,4,6,9,11,2559,44,181
경기도,오산시,소계,,144727,103584,50894,52090,22,60,156,118,103340,244,41143
경기도,오산시,중앙동,소계,21512,15952,8123,7740,3,11,23,19,15919,33,5560
경기도,오산시,,중앙동제1투,2040,1363,863,486,0,2,4,2,1357,6,677
경기도,오산시,,중앙동제2투,3904,2586,1527,1043,1,4,2,3,2580,6,1318
경기도,오산시,,중앙동제3투,4675,3423,1444,1960,0,2,5,6,3417,6,1252
경기도,오산시,,중앙동제4투,3162,2473,1248,1216,0,1,2,5,2472,1,689
경기도,오산시,,중앙동제5투,4428,3487,1965,1502,0,1,5,2,3475,12,941
경기도,오산시,,중앙동제6투,3303,2620,1076,1533,2,1,5,1,2618,2,683
경기도,오산시,대원동,소계,45840,34826,17049,17607,10,12,56,25,34759,67,11014
경기도,오산시,,대원동제1투,4051,2631,1628,992,1,0,4,2,2627,4,1420
경기도,오산시,,대원동제2투,2516,1947,945,993,1,2,2,1,1944,3,569
경기도,오산시,,대원동제3투,2780,2059,934,1115,0,1,3,0,2053,6,721
경기도,오산시,,대원동제4투,4421,3115,1640,1454,1,1,5,5,3106,9,1306
경기도,오산시,,대원동제5투,2348,1992,979,1002,0,2,4,1,1988,4,356
경기도,오산시,,대원동제6투,3104,2607,1242,1355,0,1,3,1,2602,5,497
경기도,오산시,,대원동제7투,3379,2673,1363,1295,1,0,6,2,2667,6,706
경기도,오산시,,대원동제8투,4732,3647,1625,2005,0,1,8,3,3642,5,1085
경기도,오산시,,대원동제9투,4046,3057,1569,1470,1,1,5,6,3052,5,989
경기도,오산시,,대원동제10투,2597,2012,876,1128,0,0,3,0,2007,5,585
경기도,오산시,,대원동제11투,4522,3691,1655,2026,2,0,4,2,3689,2,831
경기도,오산시,,대원동제12투,2636,1989,946,1031,2,2,4,2,1987,2,647
경기도,오산시,,대원동제13투,2392,1784,866,910,0,0,2,0,1778,6,608
경기도,오산시,,대원동제14투,2316,1622,781,831,1,1,3,0,1617,5,694
경기도,오산시,남촌동,소계,19295,10619,4967,5561,4,14,14,25,10585,34,8676
경기도,오산시,,남촌동제1투,2759,1912,1108,784,2,2,5,7,1908,4,847
경기도,오산시,,남촌동제2투,2210,1433,837,577,1,1,0,6,1422,11,777
경기도,오산시,,남촌동제3투,3151,1503,616,877,0,3,2,0,1498,5,1648
경기도,오산시,,남촌동제4투,3082,2433,1116,1303,1,1,4,4,2429,4,649
경기도,오산시,,남촌동제5투,4580,1910,743,1150,0,3,2,4,1902,8,2670
경기도,오산시,,남촌동제6투,3513,1428,547,870,0,4,1,4,1426,2,2085
경기도,오산시,신장동,소계,34871,24807,12286,12393,2,11,34,25,24751,56,10064
경기도,오산시,,신장동제1투,3303,2304,1386,904,0,2,1,4,2297,7,999
경기도,오산시,,신장동제2투,2328,1691,963,717,0,2,1,4,1687,4,637
경기도,오산시,,신장동제3투,3111,2284,1227,1035,0,0,4,1,2267,17,827
경기도,오산시,,신장동제4투,4636,3330,1865,1448,0,0,7,3,3323,7,1306
경기도,오산시,,신장동제5투,5013,3548,1643,1888,0,2,5,3,3541,7,1465
경기도,오산시,,신장동제6투,3944,2653,1272,1369,1,1,5,1,2649,4,1291
경기도,오산시,,신장동제7투,4450,2959,1301,1649,1,1,2,3,2957,2,1491
경기도,오산시,,신장동제8투,4926,3597,1569,2012,0,0,6,4,3591,6,1329
경기도,오산시,,신장동제9투,3160,2441,1060,1371,0,3,3,2,2439,2,719
경기도,오산시,세마동,소계,10883,8479,4069,4343,1,8,17,11,8449,30,2404
경기도,오산시,,세마동제1투,3844,2771,1526,1211,0,1,7,7,2752,19,1073
경기도,오산시,,세마동제2투,3326,2590,1170,1402,0,5,5,1,2583,7,736
경기도,오산시,,세마동제3투,3713,3118,1373,1730,1,2,5,3,3114,4,595
경기도,오산시,초평동,소계,12326,8901,4400,4446,2,4,12,13,8877,24,3425
경기도,오산시,,초평동제1투,2610,1743,1041,690,1,0,2,2,1736,7,867
경기도,오산시,,초평동제2투,2882,2098,1053,1029,1,1,5,3,2092,6,784
경기도,오산시,,초평동제3투,2107,1493,699,785,0,1,1,4,1490,3,614
경기도,오산시,,초평동제4투,1996,1606,711,888,0,1,2,1,1603,3,390
경기도,오산시,,초평동제5투,2731,1961,896,1054,0,1,2,3,1956,5,770
경기도,화성시,소계,,385169,288704,140538,146338,75,167,472,329,287919,785,96465
경기도,화성시,재외투표,,1621,1133,423,700,0,1,1,0,1125,8,488
경기도,화성시,국내부재자투표,,7655,7116,3457,3455,8,10,17,29,6976,140,539
경기도,화성시,소계,,375893,280455,136658,142183,67,156,454,300,279818,637,95438
경기도,화성시,봉담읍,소계,46951,34920,16795,17936,8,26,50,29,34844,76,12031
경기도,화성시,,봉담읍제1투,3835,2833,1365,1456,0,2,5,1,2829,4,1002
경기도,화성시,,봉담읍제2투,3148,2249,1136,1101,0,1,3,4,2245,4,899
경기도,화성시,,봉담읍제3투,3615,2613,1642,955,2,2,4,3,2608,5,1002
경기도,화성시,,봉담읍제4투,3956,2783,1557,1209,0,0,6,4,2776,7,1173
경기도,화성시,,봉담읍제5투,3286,2504,1363,1125,0,0,5,2,2495,9,782
경기도,화성시,,봉담읍제6투,4791,3450,1519,1912,0,3,2,3,3439,11,1341
경기도,화성시,,봉담읍제7투,1813,1358,614,739,1,0,1,0,1355,3,455
경기도,화성시,,봉담읍제8투,4110,2822,1261,1541,0,7,7,0,2816,6,1288
경기도,화성시,,봉담읍제9투,4012,3257,1259,1982,1,2,6,1,3251,6,755
경기도,화성시,,봉담읍제10투,4237,3385,1667,1703,1,3,3,3,3380,5,852
경기도,화성시,,봉담읍제11투,4934,3719,1687,2008,1,3,7,5,3711,8,1215
경기도,화성시,,봉담읍제12투,5214,3947,1725,2205,2,3,1,3,3939,8,1267
경기도,화성시,우정읍,소계,13364,9392,5714,3586,4,11,21,20,9356,36,3972
경기도,화성시,,우정읍제1투,2519,1740,1092,631,0,3,5,3,1734,6,779
경기도,화성시,,우정읍제2투,2326,1666,1194,458,0,0,3,4,1659,7,660
경기도,화성시,,우정읍제3투,3253,2220,1330,871,2,1,3,4,2211,9,1033
경기도,화성시,,우정읍제4투,1944,1423,583,829,0,2,6,0,1420,3,521
경기도,화성시,,우정읍제5투,1779,1279,780,485,1,3,3,2,1274,5,500
경기도,화성시,,우정읍제6투,1543,1064,735,312,1,2,1,7,1058,6,479
경기도,화성시,향남읍,소계,39334,28503,13718,14598,8,28,53,29,28434,69,10831
경기도,화성시,,향남읍제1투,3254,2046,1121,912,0,1,2,2,2038,8,1208
경기도,화성시,,향남읍제2투,3355,2145,1211,920,2,3,2,3,2141,4,1210
경기도,화성시,,향남읍제3투,1208,873,575,290,0,0,5,2,872,1,335
경기도,화성시,,향남읍제4투,1617,1133,755,361,1,1,3,2,1123,10,484
경기도,화성시,,향남읍제5투,3343,2353,1309,1031,0,3,4,3,2350,3,990
경기도,화성시,,향남읍제6투,3504,2402,1180,1209,1,2,2,3,2397,5,1102
경기도,화성시,,향남읍제7투,2184,1712,829,871,1,1,3,3,1708,4,472
경기도,화성시,,향남읍제8투,2895,2270,1099,1161,0,0,4,2,2266,4,625
경기도,화성시,,향남읍제9투,4432,3316,1341,1957,0,2,11,1,3312,4,1116
경기도,화성시,,향남읍제10투,5332,4082,1715,2345,0,5,6,1,4072,10,1250
경기도,화성시,,향남읍제11투,2114,1726,640,1075,1,3,2,2,1723,3,388
경기도,화성시,,향남읍제12투,3888,2648,1192,1430,2,3,7,4,2638,10,1240
경기도,화성시,,향남읍제13투,2208,1797,751,1036,0,4,2,1,1794,3,411
경기도,화성시,매송면,소계,7093,5140,3130,1970,1,0,13,11,5125,15,1953
경기도,화성시,,매송면제1투,2837,2011,1214,780,1,0,5,5,2005,6,826
경기도,화성시,,매송면제2투,1898,1404,838,557,0,0,5,2,1402,2,494
경기도,화성시,,매송면제3투,2358,1725,1078,633,0,0,3,4,1718,7,633
경기도,화성시,비봉면,소계,5190,3783,2562,1202,1,0,6,7,3778,5,1407
경기도,화성시,,비봉면제1투,2816,2011,1327,674,0,0,4,4,2009,2,805
경기도,화성시,,비봉면제2투,1559,1185,832,345,0,0,2,3,1182,3,374
경기도,화성시,,비봉면제3투,815,587,403,183,1,0,0,0,587,0,228
경기도,화성시,마도면,소계,5179,3713,2515,1170,3,1,6,7,3702,11,1466
경기도,화성시,,마도면제1투,3336,2364,1576,772,2,0,4,4,2358,6,972
경기도,화성시,,마도면제2투,1843,1349,939,398,1,1,2,3,1344,5,494
경기도,화성시,송산면,소계,9307,6422,4643,1720,2,4,9,19,6397,25,2885
경기도,화성시,,송산면제1투,5101,3419,2369,1026,1,2,4,8,3410,9,1682
경기도,화성시,,송산면제2투,1705,1230,940,275,0,0,2,4,1221,9,475
경기도,화성시,,송산면제3투,2501,1773,1334,419,1,2,3,7,1766,7,728
경기도,화성시,서신면,소계,5863,4008,2802,1162,1,3,2,13,3983,25,1855
경기도,화성시,,서신면제1투,2048,1408,1024,370,0,2,0,2,1398,10,640
경기도,화성시,,서신면제2투,2315,1560,1052,494,1,0,1,4,1552,8,755
경기도,화성시,,서신면제3투,1500,1040,726,298,0,1,1,7,1033,7,460
경기도,화성시,팔탄면,소계,8898,6016,3714,2250,5,1,7,16,5993,23,2882
경기도,화성시,,팔탄면제1투,4540,3062,1823,1211,3,1,5,7,3050,12,1478
경기도,화성시,,팔탄면제2투,1903,1304,860,432,2,0,2,4,1300,4,599
경기도,화성시,,팔탄면제3투,2455,1650,1031,607,0,0,0,5,1643,7,805
경기도,화성시,장안면,소계,9152,6287,3846,2335,5,7,15,29,6237,50,2865
경기도,화성시,,장안면제1투,4421,2923,1705,1197,0,0,6,6,2914,9,1498
경기도,화성시,,장안면제2투,2474,1741,1112,566,5,4,3,16,1706,35,733
경기도,화성시,,장안면제3투,1273,910,568,330,0,1,2,6,907,3,363
경기도,화성시,,장안면제4투,984,713,461,242,0,2,4,1,710,3,271
경기도,화성시,양감면,소계,3770,2742,1786,937,0,2,4,6,2735,7,1028
경기도,화성시,,양감면제1투,1872,1339,862,468,0,1,2,4,1337,2,533
경기도,화성시,,양감면제2투,1898,1403,924,469,0,1,2,2,1398,5,495
경기도,화성시,정남면,소계,10433,7300,4522,2735,1,5,9,8,7280,20,3133
경기도,화성시,,정남면제1투,2938,2065,1341,715,1,2,1,1,2061,4,873
경기도,화성시,,정남면제2투,2298,1521,1026,486,0,1,3,1,1517,4,777
경기도,화성시,,정남면제3투,2967,2112,1324,773,0,2,2,3,2104,8,855
경기도,화성시,,정남면제4투,2230,1602,831,761,0,0,3,3,1598,4,628
경기도,화성시,동탄면,소계,3409,2431,1431,988,0,0,1,3,2423,8,978
경기도,화성시,,동탄면제1투,2812,1980,1103,865,0,0,1,3,1972,8,832
경기도,화성시,,동탄면제2투,597,451,328,123,0,0,0,0,451,0,146
경기도,화성시,남양동,소계,18528,12898,7142,5684,3,4,18,19,12870,28,5630
경기도,화성시,,남양동제1투,3180,2172,1185,966,1,2,6,4,2164,8,1008
경기도,화성시,,남양동제2투,5133,3659,2060,1582,1,1,4,4,3652,7,1474
경기도,화성시,,남양동제3투,4122,2793,1720,1054,0,0,2,7,2783,10,1329
경기도,화성시,,남양동제4투,1271,914,651,255,1,0,2,4,913,1,357
경기도,화성시,,남양동제5투,4822,3360,1526,1827,0,1,4,0,3358,2,1462
경기도,화성시,진안동,소계,26693,19253,8043,11132,4,9,26,14,19228,25,7440
경기도,화성시,,진안동제1투,4263,2785,1269,1500,0,2,2,7,2780,5,1478
경기도,화성시,,진안동제2투,6629,4398,1489,2893,3,1,3,4,4393,5,2231
경기도,화성시,,진안동제3투,2781,2289,1074,1197,1,2,9,1,2284,5,492
경기도,화성시,,진안동제4투,5549,3885,1556,2323,0,2,3,0,3884,1,1664
경기도,화성시,,진안동제5투,4453,3451,1654,1782,0,1,6,2,3445,6,1002
경기도,화성시,,진안동제6투,3018,2445,1001,1437,0,1,3,0,2442,3,573
경기도,화성시,병점1동,소계,19317,15053,6608,8360,3,5,32,8,15016,37,4264
경기도,화성시,,병점1동제1투,3928,3115,1370,1727,0,2,8,2,3109,6,813
경기도,화성시,,병점1동제2투,3790,2988,1352,1620,0,1,6,1,2980,8,802
경기도,화성시,,병점1동제3투,3628,2723,1195,1510,1,2,5,3,2716,7,905
경기도,화성시,,병점1동제4투,4661,3745,1527,2202,0,0,5,1,3735,10,916
경기도,화성시,,병점1동제5투,3310,2482,1164,1301,2,0,8,1,2476,6,828
경기도,화성시,병점2동,소계,17997,14000,5691,8244,2,6,18,11,13972,28,3997
경기도,화성시,,병점2동제1투,4419,3397,1400,1983,0,2,6,0,3391,6,1022
경기도,화성시,,병점2동제2투,4758,3982,1700,2268,1,1,5,1,3976,6,776
경기도,화성시,,병점2동제3투,4942,3701,1375,2307,1,0,6,6,3695,6,1241
경기도,화성시,,병점2동제4투,3878,2920,1216,1686,0,3,1,4,2910,10,958
경기도,화성시,반월동,소계,13716,11113,5213,5857,1,4,18,5,11098,15,2603
경기도,화성시,,반월동제1투,5041,4048,1936,2094,0,2,9,3,4044,4,993
경기도,화성시,,반월동제2투,4958,3964,1884,2064,0,1,8,2,3959,5,994
경기도,화성시,,반월동제3투,3717,3101,1393,1699,1,1,1,0,3095,6,616
경기도,화성시,기배동,소계,10468,8008,3880,4098,2,4,6,7,7997,11,2460
경기도,화성시,,기배동제1투,3857,2894,1420,1462,0,2,2,2,2888,6,963
경기도,화성시,,기배동제2투,3191,2488,1183,1295,2,2,2,1,2485,3,703
경기도,화성시,,기배동제3투,3420,2626,1277,1341,0,0,2,4,2624,2,794
경기도,화성시,화산동,소계,17889,12751,6421,6258,4,5,26,12,12726,25,5138
경기도,화성시,,화산동제1투,3525,2474,1356,1102,2,1,3,5,2469,5,1051
경기도,화성시,,화산동제2투,4585,3203,1571,1614,1,2,7,3,3198,5,1382
경기도,화성시,,화산동제3투,4845,3560,1744,1795,0,1,5,4,3549,11,1285
경기도,화성시,,화산동제4투,4934,3514,1750,1747,1,1,11,0,3510,4,1420
경기도,화성시,동탄1동,소계,33561,27498,11117,16248,4,17,56,9,27451,47,6063
경기도,화성시,,동탄1동제1투,3286,2739,1175,1553,0,1,4,1,2734,5,547
경기도,화성시,,동탄1동제2투,3951,3174,1250,1907,1,4,6,1,3169,5,777
경기도,화성시,,동탄1동제3투,2707,2166,722,1434,1,1,3,1,2162,4,541
경기도,화성시,,동탄1동제4투,4319,3629,1201,2406,0,2,14,2,3625,4,690
경기도,화성시,,동탄1동제5투,3315,2770,1201,1554,0,3,4,2,2764,6,545
경기도,화성시,,동탄1동제6투,3196,2625,1081,1536,0,1,4,0,2622,3,571
경기도,화성시,,동탄1동제7투,3449,2922,1119,1792,0,2,2,0,2915,7,527
경기도,화성시,,동탄1동제8투,3853,3114,1413,1687,1,0,8,1,3110,4,739
경기도,화성시,,동탄1동제9투,2783,2365,1027,1325,1,2,5,0,2360,5,418
경기도,화성시,,동탄1동제10투,2702,1994,928,1054,0,1,6,1,1990,4,708
경기도,화성시,동탄2동,소계,22761,18133,7801,10266,3,8,31,7,18116,17,4628
경기도,화성시,,동탄2동제1투,4565,3908,1714,2180,1,2,8,0,3905,3,657
경기도,화성시,,동탄2동제2투,3057,2453,931,1513,0,1,4,2,2451,2,604
경기도,화성시,,동탄2동제3투,3786,3104,1177,1916,0,3,7,0,3103,1,682
경기도,화성시,,동탄2동제4투,3851,3215,1662,1539,1,0,4,4,3210,5,636
경기도,화성시,,동탄2동제5투,4337,2896,1164,1723,1,1,3,0,2892,4,1441
경기도,화성시,,동탄2동제6투,3165,2557,1153,1395,0,1,5,1,2555,2,608
경기도,화성시,동탄3동,소계,27020,21091,7564,13447,2,6,27,11,21057,34,5929
경기도,화성시,,동탄3동제1투,4989,3858,1242,2605,0,2,4,1,3854,4,1131
경기도,화성시,,동탄3동제2투,4807,3513,1353,2147,0,1,5,3,3509,4,1294
경기도,화성시,,동탄3동제3투,3304,2437,1031,1393,0,0,2,1,2427,10,867
경기도,화성시,,동탄3동제4투,4916,3961,1488,2462,0,0,5,0,3955,6,955
경기도,화성시,,동탄3동제5투,4432,3599,1247,2338,1,0,0,4,3590,9,833
경기도,화성시,,동탄3동제6투,4572,3723,1203,2502,1,3,11,2,3722,1,849
경기도,시흥시,소계,,301719,215665,102267,112012,69,102,360,217,215027,638,86054
경기도,시흥시,재외투표,,938,606,223,370,0,0,5,1,599,7,332
경기도,시흥시,국내부재자투표,,6525,6162,2902,3062,11,13,18,31,6037,125,363
경기도,시흥시,소계,,294256,208897,99142,108580,58,89,337,185,208391,506,85359
경기도,시흥시,대야동,소계,27294,20255,10040,10101,4,12,37,14,20208,47,7039
경기도,시흥시,,대야동제1투,5446,3760,1868,1866,1,1,8,0,3744,16,1686
경기도,시흥시,,대야동제2투,3264,2332,1150,1172,0,0,5,0,2327,5,932
경기도,시흥시,,대야동제3투,4373,3120,1590,1517,0,1,1,6,3115,5,1253
경기도,시흥시,,대야동제4투,4292,3456,1583,1854,1,2,7,2,3449,7,836
경기도,시흥시,,대야동제5투,657,487,342,136,0,2,2,3,485,2,170
경기도,시흥시,,대야동제6투,2427,1890,881,1002,0,3,3,0,1889,1,537
경기도,시흥시,,대야동제7투,4787,3734,1788,1921,2,3,10,2,3726,8,1053
경기도,시흥시,,대야동제8투,2048,1476,838,633,0,0,1,1,1473,3,572
경기도,시흥시,신천동,소계,33117,23400,11637,11614,10,7,33,25,23326,74,9717
경기도,시흥시,,신천동제1투,3323,2135,1035,1081,0,0,5,2,2123,12,1188
경기도,시흥시,,신천동제2투,5217,3695,1848,1823,1,2,4,6,3684,11,1522
경기도,시흥시,,신천동제3투,2946,1969,1093,868,0,1,1,1,1964,5,977
경기도,시흥시,,신천동제4투,4405,3125,1634,1469,1,1,6,3,3114,11,1280
경기도,시흥시,,신천동제5투,3847,2728,1352,1359,1,1,2,4,2719,9,1119
경기도,시흥시,,신천동제6투,3757,2635,1274,1349,0,0,3,2,2628,7,1122
경기도,시흥시,,신천동제7투,4487,3497,1660,1814,2,2,8,5,3491,6,990
경기도,시흥시,,신천동제8투,5135,3616,1741,1851,5,0,4,2,3603,13,1519
경기도,시흥시,신현동,소계,9707,7226,4034,3144,3,2,15,12,7210,16,2481
경기도,시흥시,,신현동제1투,2561,1958,1025,916,2,1,2,5,1951,7,603
경기도,시흥시,,신현동제2투,3026,2260,1172,1070,1,1,8,4,2256,4,766
경기도,시흥시,,신현동제3투,3540,2557,1500,1044,0,0,5,3,2552,5,983
경기도,시흥시,,신현동제4투,580,451,337,114,0,0,0,0,451,0,129
경기도,시흥시,은행동,소계,22974,17824,8205,9529,3,9,34,12,17792,32,5150
경기도,시흥시,,은행동제1투,4554,3296,1716,1561,1,2,7,4,3291,5,1258
경기도,시흥시,,은행동제2투,4835,3510,1671,1818,1,2,11,1,3504,6,1325
경기도,시흥시,,은행동제3투,4015,3280,1416,1854,0,0,2,3,3275,5,735
경기도,시흥시,,은행동제4투,5150,4133,1704,2405,0,2,12,1,4124,9,1017
경기도,시흥시,,은행동제5투,4420,3605,1698,1891,1,3,2,3,3598,7,815
경기도,시흥시,매화동,소계,10186,7553,3819,3686,1,4,12,8,7530,23,2633
경기도,시흥시,,매화동제1투,3602,2705,1329,1360,0,1,2,2,2694,11,897
경기도,시흥시,,매화동제2투,3272,2453,1296,1139,0,2,8,3,2448,5,819
경기도,시흥시,,매화동제3투,3312,2395,1194,1187,1,1,2,3,2388,7,917
경기도,시흥시,목감동,소계,9021,6636,3665,2930,1,0,11,7,6614,22,2385
경기도,시흥시,,목감동제1투,3827,2799,1621,1159,0,0,3,6,2789,10,1028
경기도,시흥시,,목감동제2투,1520,1143,649,490,0,0,1,0,1140,3,377
경기도,시흥시,,목감동제3투,3674,2694,1395,1281,1,0,7,1,2685,9,980
경기도,시흥시,군자동,소계,31725,22230,10979,11135,6,8,20,25,22173,57,9495
경기도,시흥시,,군자동제1투,4828,3193,1672,1506,1,0,4,3,3186,7,1635
경기도,시흥시,,군자동제2투,3129,2132,1101,1021,1,2,0,5,2130,2,997
경기도,시흥시,,군자동제3투,4134,2968,1525,1426,1,1,2,2,2957,11,1166
경기도,시흥시,,군자동제4투,602,424,301,121,0,0,1,0,423,1,178
경기도,시흥시,,군자동제5투,4339,3095,1557,1512,1,2,5,8,3085,10,1244
경기도,시흥시,,군자동제6투,3043,2150,1083,1051,1,1,1,4,2141,9,893
경기도,시흥시,,군자동제7투,4130,2810,1336,1464,1,0,2,1,2804,6,1320
경기도,시흥시,,군자동제8투,3205,2308,897,1400,0,1,3,1,2302,6,897
경기도,시흥시,,군자동제9투,4315,3150,1507,1634,0,1,2,1,3145,5,1165
경기도,시흥시,정왕본동,소계,19987,9260,4080,5119,2,6,15,8,9230,30,10727
경기도,시흥시,,정왕본동제1투,3486,1744,923,812,1,0,2,3,1741,3,1742
경기도,시흥시,,정왕본동제2투,6383,3005,1130,1855,0,3,6,1,2995,10,3378
경기도,시흥시,,정왕본동제3투,3215,1449,691,749,0,0,2,2,1444,5,1766
경기도,시흥시,,정왕본동제4투,3865,1710,767,931,1,1,2,1,1703,7,2155
경기도,시흥시,,정왕본동제5투,3038,1352,569,772,0,2,3,1,1347,5,1686
경기도,시흥시,정왕1동,소계,24216,14569,6598,7895,6,10,16,12,14537,32,9647
경기도,시흥시,,정왕1동제1투,3963,2723,1189,1519,0,2,3,3,2716,7,1240
경기도,시흥시,,정왕1동제2투,3900,2367,1090,1264,2,1,2,3,2362,5,1533
경기도,시흥시,,정왕1동제3투,4897,2403,1061,1329,2,3,2,1,2398,5,2494
경기도,시흥시,,정왕1동제4투,4033,1924,899,1015,1,2,3,0,1920,4,2109
경기도,시흥시,,정왕1동제5투,2717,1934,912,1013,0,1,1,4,1931,3,783
경기도,시흥시,,정왕1동제6투,4706,3218,1447,1755,1,1,5,1,3210,8,1488
경기도,시흥시,정왕2동,소계,25483,18734,8338,10288,4,9,35,20,18694,40,6749
경기도,시흥시,,정왕2동제1투,4166,3161,1387,1754,2,3,5,6,3157,4,1005
경기도,시흥시,,정왕2동제2투,4270,3331,1488,1825,0,1,7,2,3323,8,939
경기도,시흥시,,정왕2동제3투,5530,3917,1742,2156,1,2,8,3,3912,5,1613
경기도,시흥시,,정왕2동제4투,3750,2882,1298,1574,0,1,0,0,2873,9,868
경기도,시흥시,,정왕2동제5투,4130,2989,1346,1619,0,1,10,5,2981,8,1141
경기도,시흥시,,정왕2동제6투,3637,2454,1077,1360,1,1,5,4,2448,6,1183
경기도,시흥시,정왕3동,소계,19635,13589,6205,7304,2,3,25,13,13552,37,6046
경기도,시흥시,,정왕3동제1투,4287,3282,1480,1778,0,0,9,4,3271,11,1005
경기도,시흥시,,정왕3동제2투,4217,3180,1423,1739,1,1,6,1,3171,9,1037
경기도,시흥시,,정왕3동제3투,4806,3323,1443,1859,1,1,5,4,3313,10,1483
경기도,시흥시,,정왕3동제4투,6325,3804,1859,1928,0,1,5,4,3797,7,2521
경기도,시흥시,정왕4동,소계,17118,13256,5798,7382,5,5,30,7,13227,29,3862
경기도,시흥시,,정왕4동제1투,4218,3253,1386,1851,1,3,4,1,3246,7,965
경기도,시흥시,,정왕4동제2투,2750,2141,1062,1071,0,0,4,1,2138,3,609
경기도,시흥시,,정왕4동제3투,3695,2946,1286,1637,2,0,11,4,2940,6,749
경기도,시흥시,,정왕4동제4투,3504,2650,1115,1522,0,0,5,0,2642,8,854
경기도,시흥시,,정왕4동제5투,2951,2266,949,1301,2,2,6,1,2261,5,685
경기도,시흥시,과림동,소계,2297,1721,1114,597,1,1,1,0,1714,7,576
경기도,시흥시,,과림동투표소,2297,1721,1114,597,1,1,1,0,1714,7,576
경기도,시흥시,연성동,소계,30188,23845,10685,13047,8,10,39,15,23804,41,6343
경기도,시흥시,,연성동제1투,4349,3315,1475,1828,1,0,3,3,3310,5,1034
경기도,시흥시,,연성동제2투,4185,3281,1627,1639,0,2,6,1,3275,6,904
경기도,시흥시,,연성동제3투,4244,3391,1431,1946,2,1,5,2,3387,4,853
경기도,시흥시,,연성동제4투,5047,4096,1894,2185,0,1,4,4,4088,8,951
경기도,시흥시,,연성동제5투,4311,3355,1335,2004,2,0,8,1,3350,5,956
경기도,시흥시,,연성동제6투,3076,2493,1009,1469,2,3,5,1,2489,4,583
경기도,시흥시,,연성동제7투,2972,2315,1076,1225,1,2,5,0,2309,6,657
경기도,시흥시,,연성동제8투,2004,1599,838,751,0,1,3,3,1596,3,405
경기도,시흥시,능곡동,소계,11308,8799,3945,4809,2,3,14,7,8780,19,2509
경기도,시흥시,,능곡동제1투,4379,3384,1678,1691,0,0,5,4,3378,6,995
경기도,시흥시,,능곡동제2투,3434,2687,1131,1543,1,2,3,1,2681,6,747
경기도,시흥시,,능곡동제3투,3495,2728,1136,1575,1,1,6,2,2721,7,767
경기도,군포시,소계,,222840,176080,80722,94255,44,100,336,156,175613,467,46760
경기도,군포시,재외투표,,1316,925,311,600,0,2,5,2,920,5,391
경기도,군포시,국내부재자투표,,5204,4868,2251,2498,6,5,10,23,4793,75,336
경기도,군포시,소계,,216320,170287,78160,91157,38,93,321,131,169900,387,46033
경기도,군포시,군포1동,소계,28311,20816,10119,10578,5,11,32,13,20758,58,7495
경기도,군포시,,군포1동제1투,4648,3290,1696,1573,0,3,6,3,3281,9,1358
경기도,군포시,,군포1동제2투,4672,3034,1504,1510,0,1,7,1,3023,11,1638
경기도,군포시,,군포1동제3투,4421,3161,1569,1575,0,2,5,2,3153,8,1260
경기도,군포시,,군포1동제4투,4360,3079,1574,1493,1,0,1,3,3072,7,1281
경기도,군포시,,군포1동제5투,392,238,133,103,0,0,0,0,236,2,154
경기도,군포시,,군포1동제6투,262,175,97,73,0,1,1,2,174,1,87
경기도,군포시,,군포1동제7투,4361,3592,1740,1835,3,1,4,1,3584,8,769
경기도,군포시,,군포1동제8투,5195,4247,1806,2416,1,3,8,1,4235,12,948
경기도,군포시,군포2동,소계,35487,28699,13168,15376,6,17,48,21,28636,63,6788
경기도,군포시,,군포2동제1투,4692,3703,1768,1909,0,2,12,4,3695,8,989
경기도,군포시,,군포2동제2투,3606,2748,1311,1421,2,2,0,4,2740,8,858
경기도,군포시,,군포2동제3투,3893,3111,1472,1624,2,4,5,0,3107,4,782
경기도,군포시,,군포2동제4투,4929,4070,1799,2244,1,2,10,4,4060,10,859
경기도,군포시,,군포2동제5투,3235,2737,1190,1537,1,2,5,1,2736,1,498
경기도,군포시,,군포2동제6투,3139,2498,1173,1313,0,0,2,3,2491,7,641
경기도,군포시,,군포2동제7투,4292,3634,1733,1879,0,2,8,1,3623,11,658
경기도,군포시,,군포2동제8투,4524,3474,1501,1955,0,3,3,3,3465,9,1050
경기도,군포시,,군포2동제9투,2142,1806,745,1055,0,0,1,1,1802,4,336
경기도,군포시,,군포2동제10투,1035,918,476,439,0,0,2,0,917,1,117
경기도,군포시,산본1동,소계,16793,12274,5769,6401,5,12,29,11,12227,47,4519
경기도,군포시,,산본1동제1투,3788,2671,1247,1399,2,5,5,3,2661,10,1117
경기도,군포시,,산본1동제2투,2774,1973,931,1020,1,1,6,3,1962,11,801
경기도,군포시,,산본1동제3투,3263,2354,1145,1193,1,2,6,0,2347,7,909
경기도,군포시,,산본1동제4투,3031,2329,1120,1188,0,4,6,1,2319,10,702
경기도,군포시,,산본1동제5투,3937,2947,1326,1601,1,0,6,4,2938,9,990
경기도,군포시,산본2동,소계,22711,18989,8855,10028,3,5,43,17,18951,38,3722
경기도,군포시,,산본2동제1투,3695,3091,1499,1579,0,1,5,5,3089,2,604
경기도,군포시,,산본2동제2투,2698,2131,894,1219,1,0,11,2,2127,4,567
경기도,군포시,,산본2동제3투,3515,2926,1198,1713,1,1,5,2,2920,6,589
경기도,군포시,,산본2동제4투,2947,2445,1160,1267,0,1,8,3,2439,6,502
경기도,군포시,,산본2동제5투,2804,2284,945,1331,0,0,2,2,2280,4,520
경기도,군포시,,산본2동제6투,3488,3027,1465,1546,1,0,3,1,3016,11,461
경기도,군포시,,산본2동제7투,3564,3085,1694,1373,0,2,9,2,3080,5,479
경기도,군포시,금정동,소계,16237,11576,5498,5996,5,8,19,7,11533,43,4661
경기도,군포시,,금정동제1투,4493,3308,1524,1757,0,4,9,3,3297,11,1185
경기도,군포시,,금정동제2투,4367,3068,1396,1650,2,0,4,2,3054,14,1299
경기도,군포시,,금정동제3투,4212,2984,1494,1472,2,3,5,0,2976,8,1228
경기도,군포시,,금정동제4투,3165,2216,1084,1117,1,1,1,2,2206,10,949
경기도,군포시,재궁동,소계,18060,13968,6197,7690,4,5,31,15,13942,26,4092
경기도,군포시,,재궁동제1투,3764,2878,1387,1473,2,1,8,2,2873,5,886
경기도,군포시,,재궁동제2투,3646,2763,1282,1457,1,3,6,4,2753,10,883
경기도,군포시,,재궁동제3투,3995,3141,1506,1621,0,0,6,3,3136,5,854
경기도,군포시,,재궁동제4투,3526,2780,1114,1652,1,0,7,4,2778,2,746
경기도,군포시,,재궁동제5투,3129,2406,908,1487,0,1,4,2,2402,4,723
경기도,군포시,오금동,소계,18820,15446,6388,8976,3,10,29,14,15420,26,3374
경기도,군포시,,오금동제1투,4368,3593,1763,1806,2,1,9,3,3584,9,775
경기도,군포시,,오금동제2투,4419,3687,1443,2228,1,2,4,1,3679,8,732
경기도,군포시,,오금동제3투,3667,2865,1136,1714,0,2,6,4,2862,3,802
경기도,군포시,,오금동제4투,2499,2064,848,1203,0,3,5,2,2061,3,435
경기도,군포시,,오금동제5투,3867,3237,1198,2025,0,2,5,4,3234,3,630
경기도,군포시,수리동,소계,15602,12441,5606,6764,2,7,25,7,12411,30,3161
경기도,군포시,,수리동제1투,3140,2551,1324,1209,1,2,8,1,2545,6,589
경기도,군포시,,수리동제2투,2963,2480,1266,1203,1,1,6,1,2478,2,483
경기도,군포시,,수리동제3투,2956,2443,950,1480,0,1,3,0,2434,9,513
경기도,군포시,,수리동제4투,3213,2581,993,1576,0,1,4,3,2577,4,632
경기도,군포시,,수리동제5투,3330,2386,1073,1296,0,2,4,2,2377,9,944
경기도,군포시,궁내동,소계,16284,13514,6212,7246,3,5,25,8,13499,15,2770
경기도,군포시,,궁내동제1투,2608,2071,828,1233,1,1,4,1,2068,3,537
경기도,군포시,,궁내동제2투,3363,2833,1444,1378,1,1,4,2,2830,3,530
경기도,군포시,,궁내동제3투,3713,3109,1564,1535,0,2,5,0,3106,3,604
경기도,군포시,,궁내동제4투,3828,3186,1552,1618,0,1,9,4,3184,2,642
경기도,군포시,,궁내동제5투,2772,2315,824,1482,1,0,3,1,2311,4,457
경기도,군포시,광정동,소계,20667,16646,7692,8880,0,4,30,11,16617,29,4021
경기도,군포시,,광정동제1투,4107,2949,1373,1558,0,1,5,4,2941,8,1158
경기도,군포시,,광정동제2투,3467,2619,1067,1536,0,2,4,1,2610,9,848
경기도,군포시,,광정동제3투,4847,4042,2084,1945,0,0,7,3,4039,3,805
경기도,군포시,,광정동제4투,2212,1903,1050,842,0,0,5,1,1898,5,309
경기도,군포시,,광정동제5투,2144,1852,975,873,0,0,2,1,1851,1,292
경기도,군포시,,광정동제6투,3890,3281,1143,2126,0,1,7,1,3278,3,609
경기도,군포시,대야동,소계,7348,5918,2656,3222,2,9,10,7,5906,12,1430
경기도,군포시,,대야동제1투,4545,3604,1577,2000,2,8,8,4,3599,5,941
경기도,군포시,,대야동제2투,2803,2314,1079,1222,0,1,2,3,2307,7,489
경기도,하남시,소계,,118494,88508,47676,40221,23,22,154,90,88186,322,29986
경기도,하남시,재외투표,,628,423,151,268,0,1,0,0,420,3,205
경기도,하남시,국내부재자투표,,2493,2357,1154,1144,3,2,3,14,2320,37,136
경기도,하남시,소계,,115373,85728,46371,38809,20,19,151,76,85446,282,29645
경기도,하남시,천현동,소계,6927,4830,3001,1796,5,1,6,2,4811,19,2097
경기도,하남시,,천현동제1투,2807,1933,1265,657,1,1,2,1,1927,6,874
경기도,하남시,,천현동제2투,2515,1735,964,762,2,0,2,0,1730,5,780
경기도,하남시,,천현동제3투,1605,1162,772,377,2,0,2,1,1154,8,443
경기도,하남시,신장1동,소계,6056,4220,2281,1911,2,0,9,6,4209,11,1836
경기도,하남시,,신장1동제1투,2634,1844,973,860,0,0,4,2,1839,5,790
경기도,하남시,,신장1동제2투,3422,2376,1308,1051,2,0,5,4,2370,6,1046
경기도,하남시,신장2동,소계,34839,27279,14374,12733,6,4,59,29,27205,74,7560
경기도,하남시,,신장2동제1투,3302,2298,1198,1082,1,1,6,2,2290,8,1004
경기도,하남시,,신장2동제2투,3223,2270,1340,913,0,1,5,2,2261,9,953
경기도,하남시,,신장2동제3투,3489,2608,1308,1282,2,0,5,4,2601,7,881
경기도,하남시,,신장2동제4투,2318,1841,910,918,0,0,4,3,1835,6,477
경기도,하남시,,신장2동제5투,3086,2558,1525,1021,0,0,4,2,2552,6,528
경기도,하남시,,신장2동제6투,3037,2518,1368,1133,0,0,10,3,2514,4,519
경기도,하남시,,신장2동제7투,2945,2395,1226,1158,0,0,3,2,2389,6,550
경기도,하남시,,신장2동제8투,4504,3611,1697,1895,0,1,8,1,3602,9,893
경기도,하남시,,신장2동제9투,4877,3908,2063,1814,2,0,9,8,3896,12,969
경기도,하남시,,신장2동제10투,4058,3272,1739,1517,1,1,5,2,3265,7,786
경기도,하남시,덕풍1동,소계,14818,10885,5611,5227,1,2,14,5,10860,25,3933
경기도,하남시,,덕풍1동제1투,4069,2930,1528,1391,0,0,5,1,2925,5,1139
경기도,하남시,,덕풍1동제2투,3069,2428,1168,1253,0,0,3,0,2424,4,641
경기도,하남시,,덕풍1동제3투,3546,2305,1289,1003,1,1,3,3,2300,5,1241
경기도,하남시,,덕풍1동제4투,4134,3222,1626,1580,0,1,3,1,3211,11,912
경기도,하남시,덕풍2동,소계,18051,13190,7062,6046,2,3,19,8,13140,50,4861
경기도,하남시,,덕풍2동제1투,3174,2324,1188,1114,1,0,5,5,2313,11,850
경기도,하남시,,덕풍2동제2투,3152,2183,1217,951,0,0,3,0,2171,12,969
경기도,하남시,,덕풍2동제3투,2503,1728,960,758,0,2,2,0,1722,6,775
경기도,하남시,,덕풍2동제4투,3053,2153,1171,974,0,1,2,0,2148,5,900
경기도,하남시,,덕풍2동제5투,3428,2561,1384,1161,1,0,2,2,2550,11,867
경기도,하남시,,덕풍2동제6투,2741,2241,1142,1088,0,0,5,1,2236,5,500
경기도,하남시,덕풍3동,소계,19618,14827,7595,7142,2,4,28,9,14780,47,4791
경기도,하남시,,덕풍3동제1투,3989,2880,1454,1406,0,0,11,2,2873,7,1109
경기도,하남시,,덕풍3동제2투,4655,3666,1781,1866,0,1,9,0,3657,9,989
경기도,하남시,,덕풍3동제3투,3475,2425,1324,1089,0,0,3,2,2418,7,1050
경기도,하남시,,덕풍3동제4투,3776,3014,1548,1451,0,1,4,0,3004,10,762
경기도,하남시,,덕풍3동제5투,3723,2842,1488,1330,2,2,1,5,2828,14,881
경기도,하남시,풍산동,소계,2963,1838,1049,778,0,0,1,2,1830,8,1125
경기도,하남시,,풍산동제1투,1440,832,471,354,0,0,1,1,827,5,608
경기도,하남시,,풍산동제2투,1523,1006,578,424,0,0,0,1,1003,3,517
경기도,하남시,감북동,소계,5326,3749,2298,1416,1,2,6,5,3728,21,1577
경기도,하남시,,감북동제1투,2567,1813,1124,665,1,1,5,4,1800,13,754
경기도,하남시,,감북동제2투,2759,1936,1174,751,0,1,1,1,1928,8,823
경기도,하남시,춘궁동,소계,3470,2559,1713,818,1,1,3,8,2544,15,911
경기도,하남시,,춘궁동투표소,3470,2559,1713,818,1,1,3,8,2544,15,911
경기도,하남시,초이동,소계,3305,2351,1387,942,0,2,6,2,2339,12,954
경기도,하남시,,초이동제1투,1592,1124,663,451,0,0,3,0,1117,7,468
경기도,하남시,,초이동제2투,1713,1227,724,491,0,2,3,2,1222,5,486
경기도,파주시,소계,,302153,222553,114672,106323,68,114,348,326,221851,702,79600
경기도,파주시,재외투표,,1433,996,401,583,0,0,7,0,991,5,437
경기도,파주시,국내부재자투표,,6955,6517,3162,3141,13,13,21,40,6390,127,438
경기도,파주시,소계,,293765,215040,111109,102599,55,101,320,286,214470,570,78725
경기도,파주시,문산읍,소계,34777,24429,13815,10488,5,5,34,25,24372,57,10348
경기도,파주시,,문산읍제1투,4154,2793,1691,1090,1,1,4,3,2790,3,1361
경기도,파주시,,문산읍제2투,5398,3978,1940,2020,0,0,5,3,3968,10,1420
경기도,파주시,,문산읍제3투,3891,2619,1522,1080,2,1,5,3,2613,6,1272
경기도,파주시,,문산읍제4투,2919,2100,1129,963,0,1,2,2,2097,3,819
경기도,파주시,,문산읍제5투,3804,2543,1508,1023,0,0,3,1,2535,8,1261
경기도,파주시,,문산읍제6투,1105,784,510,272,0,0,1,0,783,1,321
경기도,파주시,,문산읍제7투,1263,945,648,286,0,0,3,4,941,4,318
경기도,파주시,,문산읍제8투,921,624,426,188,1,0,1,1,617,7,297
경기도,파주시,,문산읍제9투,5157,3798,2094,1686,1,1,7,4,3793,5,1359
경기도,파주시,,문산읍제10투,1999,1445,928,512,0,0,1,2,1443,2,554
경기도,파주시,,문산읍제11투,4166,2800,1419,1368,0,1,2,2,2792,8,1366
경기도,파주시,조리읍,소계,24230,17677,10119,7457,5,12,21,16,17630,47,6553
경기도,파주시,,조리읍제1투,4483,3385,1919,1448,1,1,2,4,3375,10,1098
경기도,파주시,,조리읍제2투,2675,2025,1125,889,0,1,4,3,2022,3,650
경기도,파주시,,조리읍제3투,2463,1772,1008,751,1,0,3,2,1765,7,691
경기도,파주시,,조리읍제4투,3750,2848,1600,1230,2,7,4,2,2845,3,902
경기도,파주시,,조리읍제5투,2212,1379,805,568,0,0,1,1,1375,4,833
경기도,파주시,,조리읍제6투,4136,3092,1606,1472,0,2,3,2,3085,7,1044
경기도,파주시,,조리읍제7투,2242,1547,1004,536,0,0,1,0,1541,6,695
경기도,파주시,,조리읍제8투,1037,755,486,258,1,0,3,2,750,5,282
경기도,파주시,,조리읍제9투,1232,874,566,305,0,1,0,0,872,2,358
경기도,파주시,법원읍,소계,10745,7443,4994,2349,2,7,12,25,7389,54,3302
경기도,파주시,,법원읍제1투,2579,1573,1081,483,0,1,1,3,1569,4,1006
경기도,파주시,,법원읍제2투,284,219,133,82,0,0,0,4,219,0,65
경기도,파주시,,법원읍제3투,704,511,318,146,1,1,4,6,476,35,193
경기도,파주시,,법원읍제4투,742,569,384,182,0,0,0,3,569,0,173
경기도,파주시,,법원읍제5투,2335,1652,1126,512,0,2,2,2,1644,8,683
경기도,파주시,,법원읍제6투,1987,1411,986,416,0,2,2,2,1408,3,576
경기도,파주시,,법원읍제7투,2114,1508,966,528,1,1,3,5,1504,4,606
경기도,파주시,파주읍,소계,11484,7757,5056,2635,5,7,8,20,7731,26,3727
경기도,파주시,,파주읍제1투,4148,2528,1680,825,1,3,2,6,2517,11,1620
경기도,파주시,,파주읍제2투,2457,1693,1067,614,2,1,1,5,1690,3,764
경기도,파주시,,파주읍제3투,1259,848,547,298,1,1,0,1,848,0,411
경기도,파주시,,파주읍제4투,1352,1019,649,359,0,2,2,4,1016,3,333
경기도,파주시,,파주읍제5투,1097,789,519,265,0,0,0,1,785,4,308
경기도,파주시,,파주읍제6투,1171,880,594,274,1,0,3,3,875,5,291
경기도,파주시,광탄면,소계,10564,7319,4784,2473,4,3,13,11,7288,31,3245
경기도,파주시,,광탄면제1투,3077,2065,1283,768,1,1,1,4,2058,7,1012
경기도,파주시,,광탄면제2투,2469,1691,1120,559,0,0,4,3,1686,5,778
경기도,파주시,,광탄면제3투,1351,1011,687,306,1,1,6,3,1004,7,340
경기도,파주시,,광탄면제4투,2053,1405,925,469,1,1,1,0,1397,8,648
경기도,파주시,,광탄면제5투,1614,1147,769,371,1,0,1,1,1143,4,467
경기도,파주시,탄현면,소계,10901,7679,4221,3389,3,6,12,18,7649,30,3222
경기도,파주시,,탄현면제1투,2049,1443,970,457,1,1,2,5,1436,7,606
경기도,파주시,,탄현면제2투,1252,906,586,315,0,0,1,2,904,2,346
경기도,파주시,,탄현면제3투,1602,1093,734,347,1,0,1,3,1086,7,509
경기도,파주시,,탄현면제4투,2448,1704,812,875,0,0,4,6,1697,7,744
경기도,파주시,,탄현면제5투,3550,2533,1119,1395,1,5,4,2,2526,7,1017
경기도,파주시,월롱면,소계,13752,10507,3790,6589,6,11,19,41,10456,51,3245
경기도,파주시,,월롱면제1투,1543,1065,730,327,0,1,0,5,1063,2,478
경기도,파주시,,월롱면제2투,1790,1189,623,553,2,0,0,3,1181,8,601
경기도,파주시,,월롱면제3투,2346,1630,983,636,0,1,4,3,1627,3,716
경기도,파주시,,월롱면제4투,2372,1868,477,1375,0,2,6,4,1864,4,504
경기도,파주시,,월롱면제5투,5701,4755,977,3698,4,7,9,26,4721,34,946
경기도,파주시,적성면,소계,6496,4586,3263,1278,3,2,9,11,4566,20,1910
경기도,파주시,,적성면제1투,3182,2177,1544,626,0,0,1,1,2172,5,1005
경기도,파주시,,적성면제2투,731,532,357,161,2,1,1,3,525,7,199
경기도,파주시,,적성면제3투,1163,830,592,228,0,0,6,1,827,3,333
경기도,파주시,,적성면제4투,712,510,373,129,1,1,0,4,508,2,202
경기도,파주시,,적성면제5투,708,537,397,134,0,0,1,2,534,3,171
경기도,파주시,파평면,소계,3754,2800,1926,849,0,1,1,9,2786,14,954
경기도,파주시,,파평면제1투,569,424,305,112,0,0,0,4,421,3,145
경기도,파주시,,파평면제2투,402,298,180,118,0,0,0,0,298,0,104
경기도,파주시,,파평면제3투,548,395,286,105,0,1,0,1,393,2,153
경기도,파주시,,파평면제4투,1008,752,483,263,0,0,0,2,748,4,256
경기도,파주시,,파평면제5투,630,466,330,131,0,0,1,0,462,4,164
경기도,파주시,,파평면제6투,597,465,342,120,0,0,0,2,464,1,132
경기도,파주시,군내면,소계,540,446,266,178,0,0,0,0,444,2,94
경기도,파주시,,군내면투표소,540,446,266,178,0,0,0,0,444,2,94
경기도,파주시,진동면,소계,144,116,68,48,0,0,0,0,116,0,28
경기도,파주시,,진동면투표소,144,116,68,48,0,0,0,0,116,0,28
경기도,파주시,교하동,소계,30443,23062,10614,12341,7,8,35,16,23021,41,7381
경기도,파주시,,교하동제1투,2774,1763,1132,623,2,0,1,2,1760,3,1011
경기도,파주시,,교하동제2투,3665,2846,1419,1412,1,1,6,2,2841,5,819
경기도,파주시,,교하동제3투,3935,2781,1357,1412,0,1,1,5,2776,5,1154
경기도,파주시,,교하동제4투,2250,1577,931,633,2,0,6,2,1574,3,673
경기도,파주시,,교하동제5투,2763,2039,905,1124,0,3,2,0,2034,5,724
경기도,파주시,,교하동제6투,3185,2514,1208,1293,0,1,4,1,2507,7,671
경기도,파주시,,교하동제7투,2698,2182,878,1291,1,0,6,3,2179,3,516
경기도,파주시,,교하동제8투,3214,2611,897,1705,0,0,4,0,2606,5,603
경기도,파주시,,교하동제9투,2343,1961,755,1199,0,2,1,0,1957,4,382
경기도,파주시,,교하동제10투,3616,2788,1132,1649,1,0,4,1,2787,1,828
경기도,파주시,운정1동,소계,20449,15583,7025,8468,3,8,27,18,15549,34,4866
경기도,파주시,,운정1동제1투,2110,1405,860,535,0,0,1,4,1400,5,705
경기도,파주시,,운정1동제2투,2589,2103,827,1266,1,1,4,1,2100,3,486
경기도,파주시,,운정1동제3투,2586,1817,911,895,0,1,3,4,1814,3,769
경기도,파주시,,운정1동제4투,4352,3393,1444,1927,0,3,9,1,3384,9,959
경기도,파주시,,운정1동제5투,2977,2338,1084,1241,1,0,4,2,2332,6,639
경기도,파주시,,운정1동제6투,3558,2859,1090,1756,1,2,2,5,2856,3,699
경기도,파주시,,운정1동제7투,2277,1668,809,848,0,1,4,1,1663,5,609
경기도,파주시,운정2동,소계,18855,15031,6632,8325,4,8,24,14,15007,24,3824
경기도,파주시,,운정2동제1투,2188,1643,803,825,1,3,3,3,1638,5,545
경기도,파주시,,운정2동제2투,2112,1784,691,1089,0,1,1,2,1784,0,328
경기도,파주시,,운정2동제3투,1470,1173,412,756,1,0,2,0,1171,2,297
경기도,파주시,,운정2동제4투,3334,2678,1143,1523,0,3,3,1,2673,5,656
경기도,파주시,,운정2동제5투,2916,2321,1104,1204,0,0,5,4,2317,4,595
경기도,파주시,,운정2동제6투,2944,2411,1032,1368,2,0,3,3,2408,3,533
경기도,파주시,,운정2동제7투,1492,1145,556,584,0,0,3,0,1143,2,347
경기도,파주시,,운정2동제8투,2399,1876,891,976,0,1,4,1,1873,3,523
경기도,파주시,운정3동,소계,32131,24171,10656,13419,1,7,32,10,24125,46,7960
경기도,파주시,,운정3동제1투,4662,3719,1669,2035,0,1,4,1,3710,9,943
경기도,파주시,,운정3동제2투,5218,4263,1672,2572,0,2,10,1,4257,6,955
경기도,파주시,,운정3동제3투,2563,1756,848,896,1,0,1,3,1749,7,807
경기도,파주시,,운정3동제4투,3357,2580,1300,1268,0,2,5,1,2576,4,777
경기도,파주시,,운정3동제5투,4188,3090,1445,1637,0,0,2,1,3085,5,1098
경기도,파주시,,운정3동제6투,4423,2973,1289,1676,0,0,4,1,2970,3,1450
경기도,파주시,,운정3동제7투,3017,2262,1018,1231,0,2,3,0,2254,8,755
경기도,파주시,,운정3동제8투,4703,3528,1415,2104,0,0,3,2,3524,4,1175
경기도,파주시,금촌1동,소계,18407,12366,7241,5060,2,1,15,17,12336,30,6041
경기도,파주시,,금촌1동제1투,3769,2595,1467,1118,0,0,2,5,2592,3,1174
경기도,파주시,,금촌1동제2투,2619,1861,1110,740,1,0,2,3,1856,5,758
경기도,파주시,,금촌1동제3투,2681,1720,1126,582,1,0,4,2,1715,5,961
경기도,파주시,,금촌1동제4투,3418,2280,1390,878,0,0,1,5,2274,6,1138
경기도,파주시,,금촌1동제5투,2676,1579,853,720,0,0,1,1,1575,4,1097
경기도,파주시,,금촌1동제6투,3244,2331,1295,1022,0,1,5,1,2324,7,913
경기도,파주시,금촌2동,소계,25050,18654,8779,9780,5,8,36,17,18625,29,6396
경기도,파주시,,금촌2동제1투,5063,3595,1644,1930,1,1,11,5,3592,3,1468
경기도,파주시,,금촌2동제2투,4314,3126,1594,1511,2,3,8,3,3121,5,1188
경기도,파주시,,금촌2동제3투,5315,3843,1705,2123,2,0,7,1,3838,5,1472
경기도,파주시,,금촌2동제4투,2158,1577,879,687,0,2,1,3,1572,5,581
경기도,파주시,,금촌2동제5투,3570,2914,1325,1575,0,1,5,2,2908,6,656
경기도,파주시,,금촌2동제6투,4630,3599,1632,1954,0,1,4,3,3594,5,1031
경기도,파주시,금촌3동,소계,21043,15414,7860,7473,0,7,22,18,15380,34,5629
경기도,파주시,,금촌3동제1투,3234,2357,1208,1139,0,0,4,3,2354,3,877
경기도,파주시,,금촌3동제2투,3246,2294,1205,1071,0,1,3,6,2286,8,952
경기도,파주시,,금촌3동제3투,3707,2717,1436,1270,0,0,3,3,2712,5,990
경기도,파주시,,금촌3동제4투,4226,3186,1539,1630,0,1,6,1,3177,9,1040
경기도,파주시,,금촌3동제5투,3860,2888,1368,1506,0,4,5,1,2884,4,972
경기도,파주시,,금촌3동제6투,2770,1972,1104,857,0,1,1,4,1967,5,798
경기도,여주군,소계,,87815,62882,40504,21766,27,45,101,166,62609,273,24933
경기도,여주군,재외투표,,303,230,100,128,0,1,1,0,230,0,73
경기도,여주군,국내부재자투표,,2267,2087,1022,1015,3,6,1,3,2050,37,180
경기도,여주군,소계,,85245,60565,39382,20623,24,38,99,163,60329,236,24680
경기도,여주군,여주읍,소계,39979,28113,16959,10963,11,14,44,43,28034,79,11866
경기도,여주군,,여주읍제1투,2638,1558,1073,478,0,0,2,1,1554,4,1080
경기도,여주군,,여주읍제2투,2676,1955,1138,806,0,1,4,0,1949,6,721
경기도,여주군,,여주읍제3투,3396,2421,1482,928,1,1,2,3,2417,4,975
경기도,여주군,,여주읍제4투,1805,1312,804,496,0,1,2,5,1308,4,493
경기도,여주군,,여주읍제5투,4106,2762,1603,1142,0,3,3,3,2754,8,1344
경기도,여주군,,여주읍제6투,2193,1592,980,602,0,1,1,2,1586,6,601
경기도,여주군,,여주읍제7투,3006,2056,1342,701,2,1,4,4,2054,2,950
경기도,여주군,,여주읍제8투,3874,2814,1699,1089,1,1,6,7,2803,11,1060
경기도,여주군,,여주읍제9투,4458,3326,1789,1516,2,2,7,3,3319,7,1132
경기도,여주군,,여주읍제10투,3070,2221,1367,839,0,0,8,0,2214,7,849
경기도,여주군,,여주읍제11투,4591,3212,1892,1298,2,3,2,6,3203,9,1379
경기도,여주군,,여주읍제12투,4166,2884,1790,1068,3,0,3,9,2873,11,1282
경기도,여주군,점동면,소계,3986,2862,2016,795,2,2,6,13,2834,28,1124
경기도,여주군,,점동면제1투,2657,1868,1308,522,1,1,3,9,1844,24,789
경기도,여주군,,점동면제2투,768,583,422,152,1,0,2,3,580,3,185
경기도,여주군,,점동면제3투,561,411,286,121,0,1,1,1,410,1,150
경기도,여주군,가남면,소계,12668,8867,5577,3221,4,9,11,17,8839,28,3801
경기도,여주군,,가남면제1투,2595,1676,1131,532,1,2,0,4,1670,6,919
경기도,여주군,,가남면제2투,2032,1442,959,472,0,3,3,1,1438,4,590
경기도,여주군,,가남면제3투,1143,800,556,238,0,1,0,2,797,3,343
경기도,여주군,,가남면제4투,530,392,276,113,0,1,0,1,391,1,138
경기도,여주군,,가남면제5투,3497,2590,1367,1195,2,2,7,5,2578,12,907
경기도,여주군,,가남면제6투,2871,1967,1288,671,1,0,1,4,1965,2,904
경기도,여주군,능서면,소계,5532,3965,2756,1149,1,2,11,20,3939,26,1567
경기도,여주군,,능서면제1투,2379,1664,1126,511,0,0,4,12,1653,11,715
경기도,여주군,,능서면제2투,1975,1440,1012,401,1,1,6,7,1428,12,535
경기도,여주군,,능서면제3투,1178,861,618,237,0,1,1,1,858,3,317
경기도,여주군,흥천면,소계,4507,3269,2302,940,2,2,4,10,3260,9,1238
경기도,여주군,,흥천면제1투,2697,1943,1345,585,0,0,2,8,1940,3,754
경기도,여주군,,흥천면제2투,1810,1326,957,355,2,2,2,2,1320,6,484
경기도,여주군,금사면,소계,2633,1933,1488,425,1,2,2,4,1922,11,700
경기도,여주군,,금사면제1투,1718,1250,976,261,0,2,2,3,1244,6,468
경기도,여주군,,금사면제2투,915,683,512,164,1,0,0,1,678,5,232
경기도,여주군,산북면,소계,2119,1564,1078,468,0,2,3,9,1560,4,555
경기도,여주군,,산북면투표소,2119,1564,1078,468,0,2,3,9,1560,4,555
경기도,여주군,대신면,소계,6449,4612,3391,1171,1,3,8,15,4589,23,1837
경기도,여주군,,대신면제1투,2442,1703,1266,420,0,1,1,5,1693,10,739
경기도,여주군,,대신면제2투,1895,1374,1021,338,0,2,5,4,1370,4,521
경기도,여주군,,대신면제3투,1211,884,637,236,1,0,1,2,877,7,327
경기도,여주군,,대신면제4투,901,651,467,177,0,0,1,4,649,2,250
경기도,여주군,북내면,소계,4325,3096,2181,865,1,2,7,23,3079,17,1229
경기도,여주군,,북내면제1투,2550,1836,1304,508,0,1,2,13,1828,8,714
경기도,여주군,,북내면제2투,1145,820,594,209,0,1,4,6,814,6,325
경기도,여주군,,북내면제3투,630,440,283,148,1,0,1,4,437,3,190
경기도,여주군,강천면,소계,3047,2284,1634,626,1,0,3,9,2273,11,763
경기도,여주군,,강천면제1투,1061,778,553,214,1,0,3,3,774,4,283
경기도,여주군,,강천면제2투,671,504,381,116,0,0,0,4,501,3,167
경기도,여주군,,강천면제3투,581,416,286,128,0,0,0,1,415,1,165
경기도,여주군,,강천면제4투,734,586,414,168,0,0,0,1,583,3,148
경기도,이천시,소계,,157488,113269,66241,45996,55,63,190,171,112716,553,44219
경기도,이천시,재외투표,,659,442,152,285,0,0,0,1,438,4,217
경기도,이천시,국내부재자투표,,4008,3704,1846,1664,16,9,15,18,3568,136,304
경기도,이천시,소계,,152821,109123,64243,44047,39,54,175,152,108710,413,43698
경기도,이천시,장호원읍,소계,12311,8734,5803,2865,0,2,15,17,8702,32,3577
경기도,이천시,,장호원읍제1투,2577,1728,1162,558,0,2,2,0,1724,4,849
경기도,이천시,,장호원읍제2투,2140,1512,1053,443,0,0,5,4,1505,7,628
경기도,이천시,,장호원읍제3투,1089,729,509,215,0,0,1,2,727,2,360
경기도,이천시,,장호원읍제4투,1284,962,727,227,0,0,1,2,957,5,322
경기도,이천시,,장호원읍제5투,894,672,501,165,0,0,2,3,671,1,222
경기도,이천시,,장호원읍제6투,668,495,336,154,0,0,1,2,493,2,173
경기도,이천시,,장호원읍제7투,3659,2636,1515,1103,0,0,3,4,2625,11,1023
경기도,이천시,부발읍,소계,27422,19559,9621,9815,10,9,28,16,19499,60,7863
경기도,이천시,,부발읍제1투,4784,3074,1851,1207,2,0,5,0,3065,9,1710
경기도,이천시,,부발읍제2투,2402,1688,1194,484,1,2,1,2,1684,4,714
경기도,이천시,,부발읍제3투,632,447,325,114,1,0,2,1,443,4,185
경기도,이천시,,부발읍제4투,3733,2710,1309,1379,2,1,3,3,2697,13,1023
경기도,이천시,,부발읍제5투,3779,2665,1409,1237,0,0,5,4,2655,10,1114
경기도,이천시,,부발읍제6투,2889,2221,1004,1203,2,1,6,2,2218,3,668
경기도,이천시,,부발읍제7투,2532,1778,350,1423,0,1,1,0,1775,3,754
경기도,이천시,,부발읍제8투,3644,2398,1228,1155,1,2,2,3,2391,7,1246
경기도,이천시,,부발읍제9투,3027,2578,951,1613,1,2,3,1,2571,7,449
경기도,이천시,신둔면,소계,8701,6165,3912,2187,2,3,13,17,6134,31,2536
경기도,이천시,,신둔면제1투,3383,2325,1456,848,1,3,7,5,2320,5,1058
경기도,이천시,,신둔면제2투,3302,2400,1480,895,1,0,5,6,2387,13,902
경기도,이천시,,신둔면제3투,2016,1440,976,444,0,0,1,6,1427,13,576
경기도,이천시,백사면,소계,7839,5481,3547,1898,1,0,7,8,5461,20,2358
경기도,이천시,,백사면제1투,4276,2979,1986,971,0,0,4,6,2967,12,1297
경기도,이천시,,백사면제2투,3563,2502,1561,927,1,0,3,2,2494,8,1061
경기도,이천시,호법면,소계,4582,3315,2361,926,3,2,6,6,3304,11,1267
경기도,이천시,,호법면제1투,3335,2362,1655,686,3,2,6,2,2354,8,973
경기도,이천시,,호법면제2투,1247,953,706,240,0,0,0,4,950,3,294
경기도,이천시,마장면,소계,6951,4677,3230,1389,3,0,10,7,4639,38,2274
경기도,이천시,,마장면제1투,2514,1750,1240,497,2,0,1,2,1742,8,764
경기도,이천시,,마장면제2투,2341,1607,1108,489,0,0,3,1,1601,6,734
경기도,이천시,,마장면제3투,2096,1320,882,403,1,0,6,4,1296,24,776
경기도,이천시,대월면,소계,10221,7335,3870,3424,2,3,12,7,7318,17,2886
경기도,이천시,,대월면제1투,3046,2110,1332,761,2,0,5,2,2102,8,936
경기도,이천시,,대월면제2투,1326,940,668,264,0,1,3,3,939,1,386
경기도,이천시,,대월면제3투,2484,1642,1050,584,0,1,2,2,1639,3,842
경기도,이천시,,대월면제4투,3365,2643,820,1815,0,1,2,0,2638,5,722
경기도,이천시,모가면,소계,3982,2884,2109,740,3,1,6,11,2870,14,1098
경기도,이천시,,모가면제1투,2407,1748,1249,476,2,1,4,6,1738,10,659
경기도,이천시,,모가면제2투,1575,1136,860,264,1,0,2,5,1132,4,439
경기도,이천시,설성면,소계,4630,3352,2254,1002,5,8,8,20,3297,55,1278
경기도,이천시,,설성면제1투,1742,1186,798,374,1,2,2,6,1183,3,556
경기도,이천시,,설성면제2투,1241,913,578,270,4,6,2,7,867,46,328
경기도,이천시,,설성면제3투,1647,1253,878,358,0,0,4,7,1247,6,394
경기도,이천시,율면,소계,2549,1868,1243,602,1,0,5,5,1856,12,681
경기도,이천시,,율면투표소,2549,1868,1243,602,1,0,5,5,1856,12,681
경기도,이천시,창전동,소계,15240,10230,6560,3610,3,6,10,8,10197,33,5010
경기도,이천시,,창전동제1투,3811,2403,1535,856,0,1,2,4,2398,5,1408
경기도,이천시,,창전동제2투,3085,2006,1304,688,1,2,1,1,1997,9,1079
경기도,이천시,,창전동제3투,2865,1917,1267,638,1,0,4,2,1912,5,948
경기도,이천시,,창전동제4투,2907,2146,1342,791,0,2,3,0,2138,8,761
경기도,이천시,,창전동제5투,2572,1758,1112,637,1,1,0,1,1752,6,814
경기도,이천시,증포동,소계,28662,21648,11321,10222,2,12,29,14,21600,48,7014
경기도,이천시,,증포동제1투,3442,2549,1363,1165,1,3,2,4,2538,11,893
경기도,이천시,,증포동제2투,5067,3748,2134,1590,0,2,7,3,3736,12,1319
경기도,이천시,,증포동제3투,4608,3499,1801,1687,1,1,4,0,3494,5,1109
경기도,이천시,,증포동제4투,3000,2260,1080,1173,0,1,0,1,2255,5,740
경기도,이천시,,증포동제5투,2461,1792,1116,668,0,1,3,1,1789,3,669
경기도,이천시,,증포동제6투,3560,2866,1460,1393,0,1,4,2,2860,6,694
경기도,이천시,,증포동제7투,3025,2320,1085,1226,0,1,3,2,2317,3,705
경기도,이천시,,증포동제8투,3499,2614,1282,1320,0,2,6,1,2611,3,885
경기도,이천시,중리동,소계,11453,8069,4809,3200,3,4,11,9,8036,33,3384
경기도,이천시,,중리동제1투,2870,1845,1222,609,1,0,4,2,1838,7,1025
경기도,이천시,,중리동제2투,2848,1999,1316,671,0,1,3,3,1994,5,849
경기도,이천시,,중리동제3투,3155,2400,1077,1305,1,3,2,1,2389,11,755
경기도,이천시,,중리동제4투,2580,1825,1194,615,1,0,2,3,1815,10,755
경기도,이천시,관고동,소계,8278,5806,3603,2167,1,4,15,7,5797,9,2472
경기도,이천시,,관고동제1투,3184,2210,1326,872,0,1,6,3,2208,2,974
경기도,이천시,,관고동제2투,3160,2243,1428,802,1,2,6,1,2240,3,917
경기도,이천시,,관고동제3투,1934,1353,849,493,0,1,3,3,1349,4,581
경기도,용인시처인구,소계,,164566,118365,67598,49828,44,63,215,157,117905,460,46201
경기도,용인시처인구,재외투표,,695,490,171,313,0,0,1,1,486,4,205
경기도,용인시처인구,국내부재자투표,,3637,3394,1714,1594,3,4,7,12,3334,60,243
경기도,용인시처인구,소계,,160234,114481,65713,47921,41,59,207,144,114085,396,45753
경기도,용인시처인구,포곡읍,소계,23939,16902,9148,7652,2,7,29,15,16853,49,7037
경기도,용인시처인구,,포곡읍제1투,3771,2445,1323,1105,0,0,4,0,2432,13,1326
경기도,용인시처인구,,포곡읍제2투,1526,1195,606,583,0,1,2,1,1193,2,331
경기도,용인시처인구,,포곡읍제3투,2138,1548,924,612,0,1,4,0,1541,7,590
경기도,용인시처인구,,포곡읍제4투,3710,2531,1455,1063,0,1,2,3,2524,7,1179
경기도,용인시처인구,,포곡읍제5투,1157,848,624,221,0,0,0,2,847,1,309
경기도,용인시처인구,,포곡읍제6투,2833,1972,1052,910,2,0,3,2,1969,3,861
경기도,용인시처인구,,포곡읍제7투,4180,2906,1582,1302,0,2,7,3,2896,10,1274
경기도,용인시처인구,,포곡읍제8투,4624,3457,1582,1856,0,2,7,4,3451,6,1167
경기도,용인시처인구,모현면,소계,17998,12951,7287,5570,6,3,20,23,12909,42,5047
경기도,용인시처인구,,모현면제1투,5353,4088,2038,2020,3,0,7,5,4073,15,1265
경기도,용인시처인구,,모현면제2투,3075,2190,1362,812,0,1,5,3,2183,7,885
경기도,용인시처인구,,모현면제3투,4176,3065,1729,1314,0,1,4,7,3055,10,1111
경기도,용인시처인구,,모현면제4투,2717,1792,1127,650,2,0,2,6,1787,5,925
경기도,용인시처인구,,모현면제5투,2677,1816,1031,774,1,1,2,2,1811,5,861
경기도,용인시처인구,남사면,소계,6002,4390,2885,1457,2,5,9,6,4364,26,1612
경기도,용인시처인구,,남사면제1투,1617,1153,770,365,0,2,4,4,1145,8,464
경기도,용인시처인구,,남사면제2투,1106,814,532,274,1,2,2,0,811,3,292
경기도,용인시처인구,,남사면제3투,1406,1073,693,366,1,1,1,2,1064,9,333
경기도,용인시처인구,,남사면제4투,1873,1350,890,452,0,0,2,0,1344,6,523
경기도,용인시처인구,이동면,소계,15725,10885,6263,4491,9,7,28,25,10823,62,4840
경기도,용인시처인구,,이동면제1투,3786,2641,1507,1117,1,0,6,3,2634,7,1145
경기도,용인시처인구,,이동면제2투,886,664,482,171,0,0,2,2,657,7,222
경기도,용인시처인구,,이동면제3투,1566,1170,736,423,1,0,2,1,1163,7,396
경기도,용인시처인구,,이동면제4투,3920,2730,1610,1095,1,2,7,4,2719,11,1190
경기도,용인시처인구,,이동면제5투,5567,3680,1928,1685,6,5,11,15,3650,30,1887
경기도,용인시처인구,원삼면,소계,6394,4777,3262,1462,1,4,11,9,4749,28,1617
경기도,용인시처인구,,원삼면제1투,1750,1271,912,346,1,0,5,2,1266,5,479
경기도,용인시처인구,,원삼면제2투,1497,1163,804,343,0,1,2,3,1153,10,334
경기도,용인시처인구,,원삼면제3투,2083,1601,1037,547,0,2,3,3,1592,9,482
경기도,용인시처인구,,원삼면제4투,1064,742,509,226,0,1,1,1,738,4,322
경기도,용인시처인구,백암면,소계,7961,5527,3744,1698,6,5,10,17,5480,47,2434
경기도,용인시처인구,,백암면제1투,1881,1250,887,355,0,0,1,4,1247,3,631
경기도,용인시처인구,,백암면제2투,1016,760,524,233,0,0,1,1,759,1,256
경기도,용인시처인구,,백암면제3투,1634,1055,703,339,0,0,1,2,1045,10,579
경기도,용인시처인구,,백암면제4투,1695,1200,789,370,5,3,5,9,1181,19,495
경기도,용인시처인구,,백암면제5투,1735,1262,841,401,1,2,2,1,1248,14,473
경기도,용인시처인구,양지면,소계,12198,8544,5046,3451,2,3,9,9,8520,24,3654
경기도,용인시처인구,,양지면제1투,4538,3177,1839,1324,0,0,2,2,3167,10,1361
경기도,용인시처인구,,양지면제2투,2873,2089,1257,823,0,1,5,2,2088,1,784
경기도,용인시처인구,,양지면제3투,2027,1406,908,482,1,2,1,4,1398,8,621
경기도,용인시처인구,,양지면제4투,2760,1872,1042,822,1,0,1,1,1867,5,888
경기도,용인시처인구,중앙동,소계,18984,13611,8097,5436,5,3,23,11,13575,36,5373
경기도,용인시처인구,,중앙동제1투,2532,1619,972,637,1,1,2,2,1615,4,913
경기도,용인시처인구,,중앙동제2투,1788,1224,774,443,1,1,0,1,1220,4,564
경기도,용인시처인구,,중앙동제3투,1898,1340,793,541,1,0,1,0,1336,4,558
경기도,용인시처인구,,중앙동제4투,2302,1605,938,653,1,0,5,1,1598,7,697
경기도,용인시처인구,,중앙동제5투,2449,1819,1080,729,1,1,2,0,1813,6,630
경기도,용인시처인구,,중앙동제6투,4442,3188,1886,1279,0,0,11,5,3181,7,1254
경기도,용인시처인구,,중앙동제7투,3573,2816,1654,1154,0,0,2,2,2812,4,757
경기도,용인시처인구,역삼동,소계,17093,12634,6786,5783,3,6,25,6,12609,25,4459
경기도,용인시처인구,,역삼동제1투,3066,2050,1120,913,0,1,8,0,2042,8,1016
경기도,용인시처인구,,역삼동제2투,3228,2304,1335,961,0,2,2,3,2303,1,924
경기도,용인시처인구,,역삼동제3투,2469,1731,979,748,0,0,0,1,1728,3,738
경기도,용인시처인구,,역삼동제4투,2936,2268,1231,1025,0,1,5,2,2264,4,668
경기도,용인시처인구,,역삼동제5투,3565,2753,1320,1414,2,2,9,0,2747,6,812
경기도,용인시처인구,,역삼동제6투,1829,1528,801,722,1,0,1,0,1525,3,301
경기도,용인시처인구,유림동,소계,23090,16418,8594,7737,3,14,21,12,16381,37,6672
경기도,용인시처인구,,유림동제1투,3571,2272,1282,976,0,5,2,1,2266,6,1299
경기도,용인시처인구,,유림동제2투,3287,2535,1272,1250,1,0,6,2,2531,4,752
경기도,용인시처인구,,유림동제3투,2660,1894,1125,762,0,0,2,2,1891,3,766
경기도,용인시처인구,,유림동제4투,5107,3365,1820,1531,0,2,1,5,3359,6,1742
경기도,용인시처인구,,유림동제5투,4686,3503,1627,1858,1,3,2,0,3491,12,1183
경기도,용인시처인구,,유림동제6투,3779,2849,1468,1360,1,4,8,2,2843,6,930
경기도,용인시처인구,동부동,소계,10850,7842,4601,3184,2,2,22,11,7822,20,3008
경기도,용인시처인구,,동부동제1투,4313,3108,1753,1337,0,1,5,4,3100,8,1205
경기도,용인시처인구,,동부동제2투,4798,3407,1929,1446,2,1,14,5,3397,10,1391
경기도,용인시처인구,,동부동제3투,1739,1327,919,401,0,0,3,2,1325,2,412
경기도,용인시수지구,소계,,244771,195876,101487,93337,39,72,402,125,195462,414,48895
경기도,용인시수지구,재외투표,,2948,2082,877,1182,0,3,4,2,2068,14,866
경기도,용인시수지구,국내부재자투표,,5079,4714,2389,2239,6,7,6,11,4658,56,365
경기도,용인시수지구,소계,,236744,189080,98221,89916,33,62,392,112,188736,344,47664
경기도,용인시수지구,풍덕천1동,소계,26054,20126,9353,10677,3,7,40,9,20089,37,5928
경기도,용인시수지구,,풍덕천1동제1투,3727,2323,1058,1253,0,0,4,1,2316,7,1404
경기도,용인시수지구,,풍덕천1동제2투,3627,2692,1376,1303,0,1,2,2,2684,8,935
경기도,용인시수지구,,풍덕천1동제3투,3588,2831,1166,1652,1,1,5,1,2826,5,757
경기도,용인시수지구,,풍덕천1동제4투,4007,3227,1472,1741,0,2,3,1,3219,8,780
경기도,용인시수지구,,풍덕천1동제5투,4057,3307,1506,1786,1,2,9,1,3305,2,750
경기도,용인시수지구,,풍덕천1동제6투,3433,2788,1474,1294,1,1,11,1,2782,6,645
경기도,용인시수지구,,풍덕천1동제7투,3615,2958,1301,1648,0,0,6,2,2957,1,657
경기도,용인시수지구,풍덕천2동,소계,27599,22351,10504,11737,3,10,52,11,22317,34,5248
경기도,용인시수지구,,풍덕천2동제1투,3234,2787,1310,1464,0,2,6,2,2784,3,447
경기도,용인시수지구,,풍덕천2동제2투,2834,2009,951,1045,2,1,5,2,2006,3,825
경기도,용인시수지구,,풍덕천2동제3투,3693,3121,1506,1601,1,1,10,0,3119,2,572
경기도,용인시수지구,,풍덕천2동제4투,3200,2463,921,1527,0,3,4,2,2457,6,737
경기도,용인시수지구,,풍덕천2동제5투,4240,3465,1322,2126,0,3,5,2,3458,7,775
경기도,용인시수지구,,풍덕천2동제6투,3302,2723,1321,1384,0,0,11,2,2718,5,579
경기도,용인시수지구,,풍덕천2동제7투,2970,2444,1147,1288,0,0,4,0,2439,5,526
경기도,용인시수지구,,풍덕천2동제8투,4126,3339,2026,1302,0,0,7,1,3336,3,787
경기도,용인시수지구,신봉동,소계,22780,18407,10340,7993,1,6,38,11,18389,18,4373
경기도,용인시수지구,,신봉동제1투,2607,2129,913,1206,0,1,3,1,2124,5,478
경기도,용인시수지구,,신봉동제2투,2993,2504,1156,1338,0,1,5,2,2502,2,489
경기도,용인시수지구,,신봉동제3투,4701,3809,2182,1614,0,1,8,1,3806,3,892
경기도,용인시수지구,,신봉동제4투,3811,3081,1801,1265,1,0,9,2,3078,3,730
경기도,용인시수지구,,신봉동제5투,2803,2240,1565,665,0,1,6,3,2240,0,563
경기도,용인시수지구,,신봉동제6투,3896,3056,1817,1232,0,1,2,1,3053,3,840
경기도,용인시수지구,,신봉동제7투,1969,1588,906,673,0,1,5,1,1586,2,381
경기도,용인시수지구,죽전1동,소계,42758,34163,16512,17489,8,6,65,24,34104,59,8595
경기도,용인시수지구,,죽전1동제1투,4347,3320,1500,1799,2,2,8,3,3314,6,1027
경기도,용인시수지구,,죽전1동제2투,4695,3799,1757,2034,0,1,2,2,3796,3,896
경기도,용인시수지구,,죽전1동제3투,4514,3678,1761,1898,2,0,10,3,3674,4,836
경기도,용인시수지구,,죽전1동제4투,4807,3934,2011,1906,1,0,8,2,3928,6,873
경기도,용인시수지구,,죽전1동제5투,4483,3693,1667,2012,0,0,6,3,3688,5,790
경기도,용인시수지구,,죽전1동제6투,4096,3312,1889,1417,0,0,2,2,3310,2,784
경기도,용인시수지구,,죽전1동제7투,3592,2831,1533,1279,0,0,10,3,2825,6,761
경기도,용인시수지구,,죽전1동제8투,4156,3238,1514,1702,0,2,8,2,3228,10,918
경기도,용인시수지구,,죽전1동제9투,4438,3470,1555,1896,1,1,4,1,3458,12,968
경기도,용인시수지구,,죽전1동제10투,3630,2888,1325,1546,2,0,7,3,2883,5,742
경기도,용인시수지구,죽전2동,소계,15040,11934,5441,6412,4,4,28,12,11901,33,3106
경기도,용인시수지구,,죽전2동제1투,4140,3138,1340,1779,1,1,5,4,3130,8,1002
경기도,용인시수지구,,죽전2동제2투,3868,3086,1410,1658,0,0,7,5,3080,6,782
경기도,용인시수지구,,죽전2동제3투,3535,2875,1430,1426,2,1,8,0,2867,8,660
경기도,용인시수지구,,죽전2동제4투,3497,2835,1261,1549,1,2,8,3,2824,11,662
경기도,용인시수지구,동천동,소계,24140,19449,10103,9222,4,12,49,13,19403,46,4691
경기도,용인시수지구,,동천동제1투,3982,3190,1562,1598,1,1,11,4,3177,13,792
경기도,용인시수지구,,동천동제2투,2341,1803,952,827,1,5,7,1,1793,10,538
경기도,용인시수지구,,동천동제3투,3512,2940,1498,1430,1,0,5,2,2936,4,572
경기도,용인시수지구,,동천동제4투,4442,3593,1624,1953,1,1,8,3,3590,3,849
경기도,용인시수지구,,동천동제5투,1569,1185,703,468,0,1,8,0,1180,5,384
경기도,용인시수지구,,동천동제6투,3008,2416,1052,1351,0,2,5,1,2411,5,592
경기도,용인시수지구,,동천동제7투,2003,1630,972,654,0,0,2,1,1629,1,373
경기도,용인시수지구,,동천동제8투,3283,2692,1740,941,0,2,3,1,2687,5,591
경기도,용인시수지구,상현1동,소계,30627,24419,13113,11197,5,8,47,11,24381,38,6208
경기도,용인시수지구,,상현1동제1투,3563,2789,1597,1175,1,0,12,1,2786,3,774
경기도,용인시수지구,,상현1동제2투,4563,3619,2170,1432,0,2,3,4,3611,8,944
경기도,용인시수지구,,상현1동제3투,3788,3052,1561,1481,1,2,5,1,3051,1,736
경기도,용인시수지구,,상현1동제4투,3078,2477,1529,933,1,1,6,0,2470,7,601
경기도,용인시수지구,,상현1동제5투,3169,2474,1419,1046,0,0,3,0,2468,6,695
경기도,용인시수지구,,상현1동제6투,3522,2818,1448,1358,1,1,5,1,2814,4,704
경기도,용인시수지구,,상현1동제7투,3128,2545,1428,1099,1,1,8,2,2539,6,583
경기도,용인시수지구,,상현1동제8투,2357,1925,839,1081,0,0,2,2,1924,1,432
경기도,용인시수지구,,상현1동제9투,3459,2720,1122,1592,0,1,3,0,2718,2,739
경기도,용인시수지구,상현2동,소계,23095,18673,9948,8634,2,3,38,11,18636,37,4422
경기도,용인시수지구,,상현2동제1투,3603,2834,1586,1231,0,0,8,3,2828,6,769
경기도,용인시수지구,,상현2동제2투,3874,3066,1795,1261,0,0,4,0,3060,6,808
경기도,용인시수지구,,상현2동제3투,3412,2771,1529,1233,1,1,4,2,2770,1,641
경기도,용인시수지구,,상현2동제4투,3858,3154,1639,1502,0,1,7,1,3150,4,704
경기도,용인시수지구,,상현2동제5투,4187,3397,1717,1661,0,0,7,2,3387,10,790
경기도,용인시수지구,,상현2동제6투,4161,3451,1682,1746,1,1,8,3,3441,10,710
경기도,용인시수지구,성복동,소계,24651,19558,12907,6555,3,6,35,10,19516,42,5093
경기도,용인시수지구,,성복동제1투,3353,2725,1799,907,0,2,5,2,2715,10,628
경기도,용인시수지구,,성복동제2투,4141,3298,2375,908,0,1,8,2,3294,4,843
경기도,용인시수지구,,성복동제3투,3101,2446,1813,623,1,1,2,1,2441,5,655
경기도,용인시수지구,,성복동제4투,5300,4251,2588,1642,0,1,11,2,4244,7,1049
경기도,용인시수지구,,성복동제5투,4793,3811,2493,1308,1,0,5,1,3808,3,982
경기도,용인시수지구,,성복동제6투,3963,3027,1839,1167,1,1,4,2,3014,13,936
경기도,용인시기흥구,소계,,277326,217011,104957,110907,28,82,421,155,216550,461,60315
경기도,용인시기흥구,재외투표,,2361,1692,640,1035,0,1,4,2,1682,10,669
경기도,용인시기흥구,국내부재자투표,,5553,5171,2514,2551,4,4,12,13,5098,73,382
경기도,용인시기흥구,소계,,269412,210148,101803,107321,24,77,405,140,209770,378,59264
경기도,용인시기흥구,신갈동,소계,25080,18938,9130,9707,4,10,31,12,18894,44,6142
경기도,용인시기흥구,,신갈동제1투,3233,2147,1218,918,0,1,1,3,2141,6,1086
경기도,용인시기흥구,,신갈동제2투,3367,2538,1266,1258,1,0,3,3,2531,7,829
경기도,용인시기흥구,,신갈동제3투,2555,1587,842,729,1,1,5,1,1579,8,968
경기도,용인시기흥구,,신갈동제4투,1965,1443,669,767,0,2,2,0,1440,3,522
경기도,용인시기흥구,,신갈동제5투,3454,2782,1467,1300,0,2,4,3,2776,6,672
경기도,용인시기흥구,,신갈동제6투,2962,2400,976,1417,1,0,2,0,2396,4,562
경기도,용인시기흥구,,신갈동제7투,4699,3630,1599,2011,1,3,10,1,3625,5,1069
경기도,용인시기흥구,,신갈동제8투,2845,2411,1093,1307,0,1,4,1,2406,5,434
경기도,용인시기흥구,영덕동,소계,28265,22361,9888,12370,3,9,41,18,22329,32,5904
경기도,용인시기흥구,,영덕동제1투,2924,2242,1298,933,0,0,3,3,2237,5,682
경기도,용인시기흥구,,영덕동제2투,2161,1753,823,920,0,2,5,1,1751,2,408
경기도,용인시기흥구,,영덕동제3투,3018,2459,1000,1448,1,0,3,0,2452,7,559
경기도,용인시기흥구,,영덕동제4투,2453,1921,926,982,0,2,5,4,1919,2,532
경기도,용인시기흥구,,영덕동제5투,3891,3114,1564,1533,0,1,8,3,3109,5,777
경기도,용인시기흥구,,영덕동제6투,5222,4305,1758,2524,1,3,10,3,4299,6,917
경기도,용인시기흥구,,영덕동제7투,5115,3696,1605,2079,1,0,5,2,3692,4,1419
경기도,용인시기흥구,,영덕동제8투,3481,2871,914,1951,0,1,2,2,2870,1,610
경기도,용인시기흥구,구갈동,소계,20527,15485,7135,8267,3,6,29,13,15453,32,5042
경기도,용인시기흥구,,구갈동제1투,3175,2160,864,1288,0,1,3,2,2158,2,1015
경기도,용인시기흥구,,구갈동제2투,3142,2141,1011,1117,0,0,5,3,2136,5,1001
경기도,용인시기흥구,,구갈동제3투,2768,2012,1000,999,2,0,5,1,2007,5,756
경기도,용인시기흥구,,구갈동제4투,3090,2479,1152,1313,0,2,7,1,2475,4,611
경기도,용인시기흥구,,구갈동제5투,3977,3001,1378,1609,0,1,5,2,2995,6,976
경기도,용인시기흥구,,구갈동제6투,2019,1714,765,938,1,1,2,2,1709,5,305
경기도,용인시기흥구,,구갈동제7투,2356,1978,965,1003,0,1,2,2,1973,5,378
경기도,용인시기흥구,상갈동,소계,33323,25888,12292,13462,9,13,48,14,25838,50,7435
경기도,용인시기흥구,,상갈동제1투,3441,2592,1249,1331,0,2,4,3,2589,3,849
경기도,용인시기흥구,,상갈동제2투,4112,2887,1058,1816,1,3,2,2,2882,5,1225
경기도,용인시기흥구,,상갈동제3투,3361,2790,1309,1468,0,1,9,1,2788,2,571
경기도,용인시기흥구,,상갈동제4투,1651,1168,620,540,0,0,2,3,1165,3,483
경기도,용인시기흥구,,상갈동제5투,2275,1757,915,827,1,3,4,2,1752,5,518
경기도,용인시기흥구,,상갈동제6투,2736,2249,1078,1159,3,0,4,0,2244,5,487
경기도,용인시기흥구,,상갈동제7투,3905,3136,1818,1299,1,1,7,0,3126,10,769
경기도,용인시기흥구,,상갈동제8투,2683,2114,1081,1023,0,1,5,0,2110,4,569
경기도,용인시기흥구,,상갈동제9투,3465,2586,1208,1368,1,0,4,0,2581,5,879
경기도,용인시기흥구,,상갈동제10투,2543,2111,725,1376,0,0,5,1,2107,4,432
경기도,용인시기흥구,,상갈동제11투,3151,2498,1231,1255,2,2,2,2,2494,4,653
경기도,용인시기흥구,기흥동,소계,14430,10785,5376,5344,0,3,23,16,10762,23,3645
경기도,용인시기흥구,,기흥동제1투,2317,1633,765,857,0,0,8,2,1632,1,684
경기도,용인시기흥구,,기흥동제2투,3372,2551,1041,1492,0,1,4,5,2543,8,821
경기도,용인시기흥구,,기흥동제3투,1193,835,563,269,0,1,1,0,834,1,358
경기도,용인시기흥구,,기흥동제4투,4212,3159,1550,1589,0,0,6,6,3151,8,1053
경기도,용인시기흥구,,기흥동제5투,3336,2607,1457,1137,0,1,4,3,2602,5,729
경기도,용인시기흥구,서농동,소계,10504,8021,3232,4746,0,7,19,4,8008,13,2483
경기도,용인시기흥구,,서농동제1투,2428,1727,322,1397,0,1,2,0,1722,5,701
경기도,용인시기흥구,,서농동제2투,3213,2539,1237,1288,0,3,7,1,2536,3,674
경기도,용인시기흥구,,서농동제3투,1912,1562,773,781,0,0,5,1,1560,2,350
경기도,용인시기흥구,,서농동제4투,2951,2193,900,1280,0,3,5,2,2190,3,758
경기도,용인시기흥구,구성동,소계,28136,22219,11557,10572,1,8,27,7,22172,47,5917
경기도,용인시기흥구,,구성동제1투,3570,2778,1826,940,1,2,2,2,2773,5,792
경기도,용인시기흥구,,구성동제2투,3592,2865,1712,1145,0,0,2,0,2859,6,727
경기도,용인시기흥구,,구성동제3투,4233,3318,1612,1690,0,3,5,0,3310,8,915
경기도,용인시기흥구,,구성동제4투,3923,3290,1786,1490,0,1,7,2,3286,4,633
경기도,용인시기흥구,,구성동제5투,2067,1674,884,781,0,0,4,1,1670,4,393
경기도,용인시기흥구,,구성동제6투,3805,2977,1235,1732,0,0,2,2,2971,6,828
경기도,용인시기흥구,,구성동제7투,3535,2736,1332,1390,0,1,3,0,2726,10,799
경기도,용인시기흥구,,구성동제8투,3411,2581,1170,1404,0,1,2,0,2577,4,830
경기도,용인시기흥구,마북동,소계,23474,18567,10333,8159,0,5,32,8,18537,30,4907
경기도,용인시기흥구,,마북동제1투,3175,2395,1333,1054,0,1,3,1,2392,3,780
경기도,용인시기흥구,,마북동제2투,3893,3066,1849,1203,0,1,6,1,3060,6,827
경기도,용인시기흥구,,마북동제3투,3042,2372,1178,1177,0,1,8,1,2365,7,670
경기도,용인시기흥구,,마북동제4투,3261,2693,1758,926,0,0,3,3,2690,3,568
경기도,용인시기흥구,,마북동제5투,3777,3053,1499,1542,0,0,4,1,3046,7,724
경기도,용인시기흥구,,마북동제6투,2817,2211,1293,911,0,1,4,0,2209,2,606
경기도,용인시기흥구,,마북동제7투,3509,2777,1423,1346,0,1,4,1,2775,2,732
경기도,용인시기흥구,동백동,소계,43501,34651,15226,19260,3,10,74,24,34597,54,8850
경기도,용인시기흥구,,동백동제1투,4419,3516,1671,1823,1,2,10,3,3510,6,903
경기도,용인시기흥구,,동백동제2투,3929,3270,1258,2002,0,1,3,2,3266,4,659
경기도,용인시기흥구,,동백동제3투,3418,2661,1254,1388,0,0,8,3,2653,8,757
경기도,용인시기흥구,,동백동제4투,3777,2963,1097,1854,0,1,4,1,2957,6,814
경기도,용인시기흥구,,동백동제5투,3298,2544,1146,1388,0,0,3,2,2539,5,754
경기도,용인시기흥구,,동백동제6투,4080,3162,1194,1953,0,2,9,2,3160,2,918
경기도,용인시기흥구,,동백동제7투,3092,2527,1089,1432,1,0,3,0,2525,2,565
경기도,용인시기흥구,,동백동제8투,3850,3176,1471,1688,0,1,8,4,3172,4,674
경기도,용인시기흥구,,동백동제9투,4803,3784,2008,1754,1,2,9,3,3777,7,1019
경기도,용인시기흥구,,동백동제10투,2528,2102,795,1296,0,0,8,1,2100,2,426
경기도,용인시기흥구,,동백동제11투,2767,2197,880,1310,0,0,6,0,2196,1,570
경기도,용인시기흥구,,동백동제12투,3540,2749,1363,1372,0,1,3,3,2742,7,791
경기도,용인시기흥구,상하동,소계,17024,13180,6373,6742,0,1,26,10,13152,28,3844
경기도,용인시기흥구,,상하동제1투,3673,2811,1324,1470,0,0,8,2,2804,7,862
경기도,용인시기흥구,,상하동제2투,3584,2751,1351,1392,0,1,1,3,2748,3,833
경기도,용인시기흥구,,상하동제3투,3245,2575,1222,1341,0,0,7,2,2572,3,670
경기도,용인시기흥구,,상하동제4투,4114,3110,1522,1571,0,0,6,2,3101,9,1004
경기도,용인시기흥구,,상하동제5투,2408,1933,954,968,0,0,4,1,1927,6,475
경기도,용인시기흥구,보정동,소계,25148,20053,11261,8692,1,5,55,14,20028,25,5095
경기도,용인시기흥구,,보정동제1투,4521,3384,1780,1592,0,1,7,0,3380,4,1137
경기도,용인시기흥구,,보정동제2투,4242,3499,2397,1095,0,0,1,1,3494,5,743
경기도,용인시기흥구,,보정동제3투,5011,4027,2365,1629,0,1,21,6,4022,5,984
경기도,용인시기흥구,,보정동제4투,3107,2525,1309,1200,0,1,12,1,2523,2,582
경기도,용인시기흥구,,보정동제5투,3106,2438,1357,1070,0,1,5,2,2435,3,668
경기도,용인시기흥구,,보정동제6투,3780,3121,1401,1704,0,1,8,4,3118,3,659
경기도,용인시기흥구,,보정동제7투,1381,1059,652,402,1,0,1,0,1056,3,322
경기도,안성시,소계,,142260,102464,57656,43967,35,52,183,172,102065,399,39796
경기도,안성시,재외투표,,501,345,135,206,0,0,2,1,344,1,156
경기도,안성시,국내부재자투표,,3274,3013,1434,1484,3,6,6,6,2939,74,261
경기도,안성시,소계,,138485,99106,56087,42277,32,46,175,165,98782,324,39379
경기도,안성시,공도읍,소계,39362,28331,13671,14511,4,11,47,25,28269,62,11031
경기도,안성시,,공도읍제1투,2416,1707,1124,568,0,1,2,3,1698,9,709
경기도,안성시,,공도읍제2투,2566,1825,844,970,1,0,5,1,1821,4,741
경기도,안성시,,공도읍제3투,2707,1941,1022,912,1,0,0,2,1937,4,766
경기도,안성시,,공도읍제4투,4580,3007,1589,1406,0,0,3,3,3001,6,1573
경기도,안성시,,공도읍제5투,4015,3071,1521,1531,1,1,9,4,3067,4,944
경기도,안성시,,공도읍제6투,3481,2411,1064,1333,1,0,4,2,2404,7,1070
경기도,안성시,,공도읍제7투,4073,2777,1436,1324,0,2,6,4,2772,5,1296
경기도,안성시,,공도읍제8투,4272,2942,1318,1606,0,2,8,3,2937,5,1330
경기도,안성시,,공도읍제9투,2254,1663,728,926,0,2,3,0,1659,4,591
경기도,안성시,,공도읍제10투,4070,3084,1420,1653,0,0,3,2,3078,6,986
경기도,안성시,,공도읍제11투,4928,3903,1605,2282,0,3,4,1,3895,8,1025
경기도,안성시,보개면,소계,5279,3779,2389,1349,4,4,6,13,3765,14,1500
경기도,안성시,,보개면제1투,1733,1159,673,481,0,1,0,1,1156,3,574
경기도,안성시,,보개면제2투,937,694,467,220,1,0,0,4,692,2,243
경기도,안성시,,보개면제3투,1591,1154,697,441,2,1,3,3,1147,7,437
경기도,안성시,,보개면제4투,1018,772,552,207,1,2,3,5,770,2,246
경기도,안성시,금광면,소계,6609,4843,2717,2082,2,2,7,16,4826,17,1766
경기도,안성시,,금광면제1투,1527,1103,698,389,1,0,2,7,1097,6,424
경기도,안성시,,금광면제2투,780,571,397,171,0,0,0,2,570,1,209
경기도,안성시,,금광면제3투,754,542,319,214,0,0,2,3,538,4,212
경기도,안성시,,금광면제4투,666,499,337,155,1,0,1,3,497,2,167
경기도,안성시,,금광면제5투,2882,2128,966,1153,0,2,2,1,2124,4,754
경기도,안성시,서운면,소계,3421,2440,1637,783,1,1,1,7,2430,10,981
경기도,안성시,,서운면제1투,1886,1302,874,420,0,0,0,3,1297,5,584
경기도,안성시,,서운면제2투,699,521,375,139,1,1,0,2,518,3,178
경기도,안성시,,서운면제3투,836,617,388,224,0,0,1,2,615,2,219
경기도,안성시,미양면,소계,6097,4290,2481,1756,2,1,10,15,4265,25,1807
경기도,안성시,,미양면제1투,1946,1410,827,563,1,0,2,6,1399,11,536
경기도,안성시,,미양면제2투,2729,1820,969,838,1,1,2,3,1814,6,909
경기도,안성시,,미양면제3투,1422,1060,685,355,0,0,6,6,1052,8,362
경기도,안성시,대덕면,소계,9431,5565,3170,2353,3,4,9,8,5547,18,3866
경기도,안성시,,대덕면제1투,2288,1571,997,560,2,2,4,3,1568,3,717
경기도,안성시,,대덕면제2투,1881,1324,748,565,0,1,2,2,1318,6,557
경기도,안성시,,대덕면제3투,5262,2670,1425,1228,1,1,3,3,2661,9,2592
경기도,안성시,양성면,소계,4693,3428,2382,996,3,3,14,10,3408,20,1265
경기도,안성시,,양성면제1투,1923,1408,954,438,0,1,3,5,1401,7,515
경기도,안성시,,양성면제2투,1228,934,682,244,0,1,1,1,929,5,294
경기도,안성시,,양성면제3투,1542,1086,746,314,3,1,10,4,1078,8,456
경기도,안성시,원곡면,소계,4064,2982,1827,1128,0,2,5,6,2968,14,1082
경기도,안성시,,원곡면제1투,2211,1587,1035,532,0,1,3,4,1575,12,624
경기도,안성시,,원곡면제2투,1099,843,398,443,0,1,0,1,843,0,256
경기도,안성시,,원곡면제3투,754,552,394,153,0,0,2,1,550,2,202
경기도,안성시,일죽면,소계,7053,5053,3349,1662,1,1,8,14,5035,18,2000
경기도,안성시,,일죽면제1투,2303,1622,1038,580,0,0,1,1,1620,2,681
경기도,안성시,,일죽면제2투,1790,1300,876,411,0,0,1,3,1291,9,490
경기도,안성시,,일죽면제3투,1698,1272,850,405,1,1,2,6,1265,7,426
경기도,안성시,,일죽면제4투,1262,859,585,266,0,0,4,4,859,0,403
경기도,안성시,죽산면,소계,6060,4292,2860,1395,2,1,5,8,4271,21,1768
경기도,안성시,,죽산면제1투,3265,2330,1585,729,1,1,3,3,2322,8,935
경기도,안성시,,죽산면제2투,1876,1283,801,469,1,0,2,4,1277,6,593
경기도,안성시,,죽산면제3투,919,679,474,197,0,0,0,1,672,7,240
경기도,안성시,삼죽면,소계,3278,2219,1351,840,1,2,10,9,2213,6,1059
경기도,안성시,,삼죽면제1투,1894,1355,843,494,1,2,6,4,1350,5,539
경기도,안성시,,삼죽면제2투,1384,864,508,346,0,0,4,5,863,1,520
경기도,안성시,고삼면,소계,1812,1385,870,491,1,2,5,11,1380,5,427
경기도,안성시,,고삼면제1투,1183,900,572,314,1,1,4,4,896,4,283
경기도,안성시,,고삼면제2투,629,485,298,177,0,1,1,7,484,1,144
경기도,안성시,안성1동,소계,10444,7553,4654,2848,0,1,17,7,7527,26,2891
경기도,안성시,,안성1동제1투,2259,1558,983,569,0,0,2,0,1554,4,701
경기도,안성시,,안성1동제2투,2726,2056,1213,832,0,1,4,1,2051,5,670
경기도,안성시,,안성1동제3투,3270,2375,1431,918,0,0,8,4,2361,14,895
경기도,안성시,,안성1동제4투,2189,1564,1027,529,0,0,3,2,1561,3,625
경기도,안성시,안성2동,소계,14098,10295,5642,4589,5,6,18,10,10270,25,3803
경기도,안성시,,안성2동제1투,3747,2752,1598,1142,0,1,4,3,2748,4,995
경기도,안성시,,안성2동제2투,5194,3614,1973,1618,3,1,4,2,3601,13,1580
경기도,안성시,,안성2동제3투,4060,3122,1592,1510,1,3,6,5,3117,5,938
경기도,안성시,,안성2동제4투,1097,807,479,319,1,1,4,0,804,3,290
경기도,안성시,안성3동,소계,16784,12651,7087,5494,3,5,13,6,12608,43,4133
경기도,안성시,,안성3동제1투,2132,1558,854,698,0,0,1,0,1553,5,574
경기도,안성시,,안성3동제2투,2326,1906,1029,866,0,0,1,2,1898,8,420
경기도,안성시,,안성3동제3투,1971,1438,859,573,0,1,0,1,1434,4,533
경기도,안성시,,안성3동제4투,3129,2283,1353,917,1,1,2,0,2274,9,846
경기도,안성시,,안성3동제5투,3367,2512,1335,1156,0,3,7,2,2503,9,855
경기도,안성시,,안성3동제6투,1690,1213,717,487,1,0,1,1,1207,6,477
경기도,안성시,,안성3동제7투,2169,1741,940,797,1,0,1,0,1739,2,428
경기도,김포시,소계,,218508,164872,88962,74859,41,68,298,156,164384,488,53636
경기도,김포시,재외투표,,1187,833,355,471,1,0,5,1,833,0,354
경기도,김포시,국내부재자투표,,4856,4504,2231,2158,4,11,12,18,4434,70,352
경기도,김포시,소계,,212465,159535,86376,72230,36,57,281,137,159117,418,52930
경기도,김포시,통진읍,소계,21548,14920,9002,5799,7,9,23,26,14866,54,6628
경기도,김포시,,통진읍제1투,2662,2101,1199,886,2,2,5,3,2097,4,561
경기도,김포시,,통진읍제2투,2059,1373,874,488,0,1,0,1,1364,9,686
경기도,김포시,,통진읍제3투,3567,2435,1511,908,1,2,3,3,2428,7,1132
경기도,김포시,,통진읍제4투,1701,1296,870,411,0,0,2,6,1289,7,405
경기도,김포시,,통진읍제5투,2136,1525,960,543,4,0,5,5,1517,8,611
경기도,김포시,,통진읍제6투,3366,2299,1433,847,0,2,5,4,2291,8,1067
경기도,김포시,,통진읍제7투,2441,1608,963,633,0,1,2,2,1601,7,833
경기도,김포시,,통진읍제8투,3616,2283,1192,1083,0,1,1,2,2279,4,1333
경기도,김포시,고촌읍,소계,19056,15014,8319,6619,2,6,29,5,14980,34,4042
경기도,김포시,,고촌읍제1투,3303,2480,1426,1044,0,1,3,1,2475,5,823
경기도,김포시,,고촌읍제2투,2019,1540,1088,447,1,0,2,1,1539,1,479
경기도,김포시,,고촌읍제3투,4478,3534,1853,1663,0,3,6,0,3525,9,944
경기도,김포시,,고촌읍제4투,2917,2213,1274,931,0,0,3,0,2208,5,704
경기도,김포시,,고촌읍제5투,3076,2511,1225,1272,0,2,6,1,2506,5,565
경기도,김포시,,고촌읍제6투,3263,2736,1453,1262,1,0,9,2,2727,9,527
경기도,김포시,양촌읍,소계,19999,13970,8095,5791,4,7,11,18,13926,44,6029
경기도,김포시,,양촌읍제1투,4860,3103,1949,1132,0,6,4,2,3093,10,1757
경기도,김포시,,양촌읍제2투,2775,2011,1134,866,1,0,0,4,2005,6,764
경기도,김포시,,양촌읍제3투,1649,1111,724,382,0,0,0,2,1108,3,538
경기도,김포시,,양촌읍제4투,3275,2353,1260,1080,1,0,2,1,2344,9,922
경기도,김포시,,양촌읍제5투,579,414,284,126,0,0,2,1,413,1,165
경기도,김포시,,양촌읍제6투,392,299,212,84,1,0,0,0,297,2,93
경기도,김포시,,양촌읍제7투,904,646,479,163,0,0,0,3,645,1,258
경기도,김포시,,양촌읍제8투,3427,2500,1282,1206,1,0,1,2,2492,8,927
경기도,김포시,,양촌읍제9투,2138,1533,771,752,0,1,2,3,1529,4,605
경기도,김포시,대곶면,소계,8629,5909,3990,1856,3,5,15,15,5884,25,2720
경기도,김포시,,대곶면제1투,3041,1986,1311,643,1,5,4,7,1971,15,1055
경기도,김포시,,대곶면제2투,1864,1347,958,379,1,0,3,3,1344,3,517
경기도,김포시,,대곶면제3투,1386,931,605,318,1,0,5,0,929,2,455
경기도,김포시,,대곶면제4투,1071,757,506,246,0,0,1,2,755,2,314
경기도,김포시,,대곶면제5투,1267,888,610,270,0,0,2,3,885,3,379
경기도,김포시,월곶면,소계,4981,3492,2347,1112,2,1,10,4,3476,16,1489
경기도,김포시,,월곶면제1투,1374,961,643,311,0,0,3,0,957,4,413
경기도,김포시,,월곶면제2투,636,462,313,142,0,0,0,1,456,6,174
경기도,김포시,,월곶면제3투,640,460,334,122,0,0,3,0,459,1,180
경기도,김포시,,월곶면제4투,2331,1609,1057,537,2,1,4,3,1604,5,722
경기도,김포시,하성면,소계,7562,5352,3696,1623,1,3,10,7,5340,12,2210
경기도,김포시,,하성면제1투,2890,1943,1272,662,0,0,3,1,1938,5,947
경기도,김포시,,하성면제2투,1263,940,659,274,0,2,2,2,939,1,323
경기도,김포시,,하성면제3투,1208,847,583,256,0,1,3,1,844,3,361
경기도,김포시,,하성면제4투,1477,1107,808,297,1,0,0,0,1106,1,370
경기도,김포시,,하성면제5투,724,515,374,134,0,0,2,3,513,2,209
경기도,김포시,김포1동,소계,37550,29151,15526,13473,7,8,56,19,29089,62,8399
경기도,김포시,,김포1동제1투,3275,2366,1239,1119,0,0,3,0,2361,5,909
경기도,김포시,,김포1동제2투,2258,1585,898,677,1,0,2,2,1580,5,673
경기도,김포시,,김포1동제3투,1403,994,615,376,0,0,2,1,994,0,409
경기도,김포시,,김포1동제4투,2515,1802,1024,773,0,1,0,1,1799,3,713
경기도,김포시,,김포1동제5투,3556,2869,1604,1250,0,0,9,3,2866,3,687
경기도,김포시,,김포1동제6투,3216,2512,1371,1126,3,0,5,3,2508,4,704
경기도,김포시,,김포1동제7투,2635,2070,1168,882,0,1,4,5,2060,10,565
경기도,김포시,,김포1동제8투,1639,1270,636,629,0,1,2,0,1268,2,369
경기도,김포시,,김포1동제9투,5067,3978,1912,2040,0,1,11,1,3965,13,1089
경기도,김포시,,김포1동제10투,4302,3499,1727,1762,1,0,5,1,3496,3,803
경기도,김포시,,김포1동제11투,3834,3145,1599,1532,0,3,3,1,3138,7,689
경기도,김포시,,김포1동제12투,3850,3061,1733,1307,2,1,10,1,3054,7,789
경기도,김포시,김포2동,소계,28291,21978,10443,11432,1,5,36,11,21928,50,6313
경기도,김포시,,김포2동제1투,2220,1585,918,654,0,0,2,4,1578,7,635
경기도,김포시,,김포2동제2투,4941,3859,2282,1558,1,0,7,2,3850,9,1082
경기도,김포시,,김포2동제3투,3910,3139,1587,1536,0,1,5,0,3129,10,771
경기도,김포시,,김포2동제4투,4834,3810,1443,2355,0,0,5,1,3804,6,1024
경기도,김포시,,김포2동제5투,2714,2172,871,1294,0,1,4,0,2170,2,542
경기도,김포시,,김포2동제6투,4789,3823,1563,2244,0,1,7,2,3817,6,966
경기도,김포시,,김포2동제7투,1268,964,499,456,0,1,4,2,962,2,304
경기도,김포시,,김포2동제8투,3615,2626,1280,1335,0,1,2,0,2618,8,989
경기도,김포시,사우동,소계,16512,12217,6408,5752,4,3,15,8,12190,27,4295
경기도,김포시,,사우동제1투,3297,2118,1226,886,0,1,2,1,2116,2,1179
경기도,김포시,,사우동제2투,3358,2398,1267,1123,0,0,4,0,2394,4,960
경기도,김포시,,사우동제3투,3799,3104,1534,1553,1,0,6,3,3097,7,695
경기도,김포시,,사우동제4투,2170,1593,826,756,0,0,0,2,1584,9,577
경기도,김포시,,사우동제5투,3888,3004,1555,1434,3,2,3,2,2999,5,884
경기도,김포시,풍무동,소계,27696,21676,11037,10522,2,3,44,12,21620,56,6020
경기도,김포시,,풍무동제1투,4235,3226,1562,1646,0,1,7,1,3217,9,1009
경기도,김포시,,풍무동제2투,1892,1434,827,595,1,1,7,1,1432,2,458
경기도,김포시,,풍무동제3투,3891,3016,1614,1384,1,0,5,2,3006,10,875
경기도,김포시,,풍무동제4투,3558,2717,1364,1337,0,0,7,0,2708,9,841
경기도,김포시,,풍무동제5투,3227,2637,1316,1312,0,0,2,2,2632,5,590
경기도,김포시,,풍무동제6투,3241,2533,1280,1241,0,0,6,1,2528,5,708
경기도,김포시,,풍무동제7투,4292,3429,1604,1805,0,1,6,4,3420,9,863
경기도,김포시,,풍무동제8투,3360,2684,1470,1202,0,0,4,1,2677,7,676
경기도,김포시,장기동,소계,20641,15856,7513,8251,3,7,32,12,15818,38,4785
경기도,김포시,,장기동제1투,3963,3096,1357,1722,0,1,9,2,3091,5,867
경기도,김포시,,장기동제2투,3758,3115,1574,1519,0,3,6,1,3103,12,643
경기도,김포시,,장기동제3투,3232,2256,1117,1127,1,2,3,2,2252,4,976
경기도,김포시,,장기동제4투,4627,3487,1504,1964,1,1,7,2,3479,8,1140
경기도,김포시,,장기동제5투,2591,2014,982,1020,1,0,2,3,2008,6,577
경기도,김포시,,장기동제6투,2470,1888,979,899,0,0,5,2,1885,3,582
경기도,광주시,소계,,214855,157795,84388,72299,45,67,214,163,157176,619,57060
경기도,광주시,재외투표,,1071,742,309,423,0,1,4,1,738,4,329
경기도,광주시,국내부재자투표,,4432,4151,2042,1959,11,8,6,24,4050,101,281
경기도,광주시,소계,,209352,152884,82030,69906,34,58,204,138,152370,514,56468
경기도,광주시,오포읍,소계,51219,37800,19437,18171,3,19,42,26,37698,102,13419
경기도,광주시,,오포읍제1투,2085,1363,762,587,0,0,3,0,1352,11,722
경기도,광주시,,오포읍제2투,4154,3056,1632,1405,0,2,3,3,3045,11,1098
경기도,광주시,,오포읍제3투,3014,2195,1042,1141,0,0,2,1,2186,9,819
경기도,광주시,,오포읍제4투,1900,1396,741,644,0,1,2,4,1392,4,504
경기도,광주시,,오포읍제5투,2854,1999,1115,872,0,1,1,2,1991,8,855
경기도,광주시,,오포읍제6투,3652,2753,1428,1310,0,3,5,4,2750,3,899
경기도,광주시,,오포읍제7투,4195,3074,1546,1519,0,3,1,1,3070,4,1121
경기도,광주시,,오포읍제8투,3073,2312,1155,1144,1,1,4,1,2306,6,761
경기도,광주시,,오포읍제9투,4828,3639,1939,1690,0,2,4,1,3636,3,1189
경기도,광주시,,오포읍제10투,4626,3253,1781,1451,0,0,4,3,3239,14,1373
경기도,광주시,,오포읍제11투,4336,3250,1587,1647,1,1,3,2,3241,9,1086
경기도,광주시,,오포읍제12투,3122,2471,1220,1237,0,1,3,1,2462,9,651
경기도,광주시,,오포읍제13투,2944,2330,1039,1282,1,1,3,0,2326,4,614
경기도,광주시,,오포읍제14투,3209,2351,1267,1077,0,2,2,1,2349,2,858
경기도,광주시,,오포읍제15투,3227,2358,1183,1165,0,1,2,2,2353,5,869
경기도,광주시,초월읍,소계,27743,20215,10868,9221,3,8,34,11,20145,70,7528
경기도,광주시,,초월읍제1투,4140,2982,1715,1258,0,0,2,0,2975,7,1158
경기도,광주시,,초월읍제2투,2839,2161,1049,1101,0,0,4,2,2156,5,678
경기도,광주시,,초월읍제3투,2781,2127,1050,1067,0,0,3,1,2121,6,654
경기도,광주시,,초월읍제4투,4498,3388,1821,1554,1,1,3,1,3381,7,1110
경기도,광주시,,초월읍제5투,3063,2134,1327,786,0,1,7,4,2125,9,929
경기도,광주시,,초월읍제6투,3714,2584,1385,1179,0,4,2,2,2572,12,1130
경기도,광주시,,초월읍제7투,2492,1604,995,587,1,1,5,1,1590,14,888
경기도,광주시,,초월읍제8투,4216,3235,1526,1689,1,1,8,0,3225,10,981
경기도,광주시,곤지암읍,소계,18104,12676,7423,5140,6,9,15,15,12608,68,5428
경기도,광주시,,곤지암읍제1투,4433,3112,1645,1450,0,1,4,1,3101,11,1321
경기도,광주시,,곤지암읍제2투,3595,2483,1537,928,1,1,2,2,2471,12,1112
경기도,광주시,,곤지암읍제3투,2696,1913,1246,636,1,3,5,3,1894,19,783
경기도,광주시,,곤지암읍제4투,2791,1889,1283,577,3,0,3,6,1872,17,902
경기도,광주시,,곤지암읍제5투,4589,3279,1712,1549,1,4,1,3,3270,9,1310
경기도,광주시,도척면,소계,7353,5304,3275,1986,0,3,5,6,5275,29,2049
경기도,광주시,,도척면제1투,3397,2421,1467,935,0,0,1,3,2406,15,976
경기도,광주시,,도척면제2투,2391,1757,1073,667,0,2,4,1,1747,10,634
경기도,광주시,,도척면제3투,1565,1126,735,384,0,1,0,2,1122,4,439
경기도,광주시,퇴촌면,소계,9532,6846,4265,2530,1,0,12,8,6816,30,2686
경기도,광주시,,퇴촌면제1투,3316,2389,1513,855,0,0,5,6,2379,10,927
경기도,광주시,,퇴촌면제2투,3080,2224,1370,840,0,0,1,2,2213,11,856
경기도,광주시,,퇴촌면제3투,3136,2233,1382,835,1,0,6,0,2224,9,903
경기도,광주시,남종면,소계,1463,1104,817,281,0,1,2,2,1103,1,359
경기도,광주시,,남종면제1투,775,591,430,158,0,1,1,0,590,1,184
경기도,광주시,,남종면제2투,420,317,245,70,0,0,0,2,317,0,103
경기도,광주시,,남종면제3투,268,196,142,53,0,0,1,0,196,0,72
경기도,광주시,중부면,소계,2352,1813,1124,659,1,0,7,7,1798,15,539
경기도,광주시,,중부면제1투,847,598,391,200,0,0,3,1,595,3,249
경기도,광주시,,중부면제2투,759,617,335,274,0,0,2,3,614,3,142
경기도,광주시,,중부면제3투,746,598,398,185,1,0,2,3,589,9,148
경기도,광주시,경안동,소계,26834,18987,10126,8730,11,8,21,20,18916,71,7847
경기도,광주시,,경안동제1투,2229,1538,892,637,0,0,1,2,1532,6,691
경기도,광주시,,경안동제2투,3200,2180,1246,914,4,3,1,2,2170,10,1020
경기도,광주시,,경안동제3투,2102,1266,740,517,0,1,2,3,1263,3,836
경기도,광주시,,경안동제4투,4601,3258,1702,1534,3,0,5,3,3247,11,1343
경기도,광주시,,경안동제5투,2972,2050,1140,896,2,1,0,0,2039,11,922
경기도,광주시,,경안동제6투,4199,2941,1527,1392,0,1,4,4,2928,13,1258
경기도,광주시,,경안동제7투,4574,3635,1798,1819,1,2,2,1,3623,12,939
경기도,광주시,,경안동제8투,2957,2119,1081,1021,1,0,6,5,2114,5,838
경기도,광주시,송정동,소계,35753,26661,14058,12447,4,8,35,29,26581,80,9092
경기도,광주시,,송정동제1투,2339,1607,747,852,0,1,2,0,1602,5,732
경기도,광주시,,송정동제2투,3960,3165,1718,1427,0,4,3,3,3155,10,795
경기도,광주시,,송정동제3투,4182,3196,1796,1380,1,0,3,8,3188,8,986
경기도,광주시,,송정동제4투,3962,2924,1716,1182,0,1,4,1,2904,20,1038
경기도,광주시,,송정동제5투,3164,2272,1229,1029,1,1,4,4,2268,4,892
경기도,광주시,,송정동제6투,4140,2919,1589,1314,0,0,4,1,2908,11,1221
경기도,광주시,,송정동제7투,4307,3233,1575,1639,0,1,4,5,3224,9,1074
경기도,광주시,,송정동제8투,5075,3520,1845,1660,2,0,6,3,3516,4,1555
경기도,광주시,,송정동제9투,2615,2116,1024,1084,0,0,2,0,2110,6,499
경기도,광주시,,송정동제10투,2009,1709,819,880,0,0,3,4,1706,3,300
경기도,광주시,광남동,소계,28999,21478,10637,10741,5,2,31,14,21430,48,7521
경기도,광주시,,광남동제1투,4205,2991,1504,1475,0,0,4,1,2984,7,1214
경기도,광주시,,광남동제2투,4981,4034,1976,2046,2,0,5,1,4030,4,947
경기도,광주시,,광남동제3투,3862,2746,1448,1286,0,0,3,1,2738,8,1116
경기도,광주시,,광남동제4투,6086,4141,2043,2079,1,1,2,5,4131,10,1945
경기도,광주시,,광남동제5투,5302,3800,1953,1825,1,0,7,4,3790,10,1502
경기도,광주시,,광남동제6투,3227,2638,1161,1459,1,1,9,2,2633,5,589
경기도,광주시,,광남동제7투,1336,1128,552,571,0,0,1,0,1124,4,208
경기도,광주시,잘못 투입·구분된 투표지,,0,18,7,11,0,0,0,0,18,0,-18
경기도,포천시,소계,,126354,89172,56633,31751,40,40,141,181,88786,386,37182
경기도,포천시,재외투표,,357,264,136,125,1,0,1,0,263,1,93
경기도,포천시,국내부재자투표,,3393,3164,1605,1459,5,8,13,19,3109,55,229
경기도,포천시,소계,,122604,85744,54892,30167,34,32,127,162,85414,330,36860
경기도,포천시,소흘읍,소계,35428,24787,14276,10392,6,6,31,19,24730,57,10641
경기도,포천시,,소흘읍제1투,4834,3027,1789,1218,0,1,4,5,3017,10,1807
경기도,포천시,,소흘읍제2투,2151,1508,982,518,0,1,4,1,1506,2,643
경기도,포천시,,소흘읍제3투,2210,1706,1109,585,0,1,3,3,1701,5,504
경기도,포천시,,소흘읍제4투,2478,1656,1066,584,0,0,1,3,1654,2,822
경기도,포천시,,소흘읍제5투,4511,3447,1870,1565,2,0,3,0,3440,7,1064
경기도,포천시,,소흘읍제6투,4097,2739,1554,1175,1,1,2,2,2735,4,1358
경기도,포천시,,소흘읍제7투,3312,2208,1183,1011,1,0,4,0,2199,9,1104
경기도,포천시,,소흘읍제8투,3085,2208,1373,828,1,1,1,1,2205,3,877
경기도,포천시,,소흘읍제9투,4101,2958,1489,1456,0,0,6,0,2951,7,1143
경기도,포천시,,소흘읍제10투,3204,2335,1282,1043,0,1,2,4,2332,3,869
경기도,포천시,,소흘읍제11투,1445,995,579,409,1,0,1,0,990,5,450
경기도,포천시,군내면,소계,5655,3954,2734,1171,2,2,7,11,3927,27,1701
경기도,포천시,,군내면제1투,2318,1554,1107,431,0,1,4,3,1546,8,764
경기도,포천시,,군내면제2투,1203,867,560,299,0,0,1,3,863,4,336
경기도,포천시,,군내면제3투,2134,1533,1067,441,2,1,2,5,1518,15,601
경기도,포천시,내촌면,소계,4453,3151,2204,919,1,0,4,4,3132,19,1302
경기도,포천시,,내촌면제1투,2460,1729,1169,551,0,0,3,1,1724,5,731
경기도,포천시,,내촌면제2투,825,603,444,153,0,0,1,0,598,5,222
경기도,포천시,,내촌면제3투,1168,819,591,215,1,0,0,3,810,9,349
경기도,포천시,가산면,소계,7281,4947,3314,1582,0,5,6,14,4921,26,2334
경기도,포천시,,가산면제1투,3062,2064,1389,660,0,2,2,2,2055,9,998
경기도,포천시,,가산면제2투,2285,1552,1032,498,0,2,3,6,1541,11,733
경기도,포천시,,가산면제3투,1934,1331,893,424,0,1,1,6,1325,6,603
경기도,포천시,신북면,소계,10748,7317,4917,2333,5,3,12,21,7291,26,3431
경기도,포천시,,신북면제1투,1806,1287,876,404,0,0,2,2,1284,3,519
경기도,포천시,,신북면제2투,3997,2555,1666,870,1,1,3,5,2546,9,1442
경기도,포천시,,신북면제3투,1684,1228,878,337,0,0,2,5,1222,6,456
경기도,포천시,,신북면제4투,954,680,483,188,2,0,1,4,678,2,274
경기도,포천시,,신북면제5투,2307,1567,1014,534,2,2,4,5,1561,6,740
경기도,포천시,창수면,소계,2189,1615,1138,465,0,1,2,1,1607,8,574
경기도,포천시,,창수면제1투,1207,911,672,230,0,1,0,1,904,7,296
경기도,포천시,,창수면제2투,982,704,466,235,0,0,2,0,703,1,278
경기도,포천시,영중면,소계,4802,3372,2312,1024,2,1,6,8,3353,19,1430
경기도,포천시,,영중면제1투,1028,749,540,200,1,1,0,2,744,5,279
경기도,포천시,,영중면제2투,1942,1299,883,403,0,0,3,3,1292,7,643
경기도,포천시,,영중면제3투,726,553,357,192,0,0,1,2,552,1,173
경기도,포천시,,영중면제4투,1106,771,532,229,1,0,2,1,765,6,335
경기도,포천시,일동면,소계,8636,6090,4179,1854,3,2,11,15,6064,26,2546
경기도,포천시,,일동면제1투,2514,1683,1112,558,0,0,6,2,1678,5,831
경기도,포천시,,일동면제2투,446,343,272,68,0,0,1,1,342,1,103
경기도,포천시,,일동면제3투,1312,959,679,265,0,0,1,5,950,9,353
경기도,포천시,,일동면제4투,2764,1947,1308,626,2,1,1,4,1942,5,817
경기도,포천시,,일동면제5투,693,524,344,176,1,0,0,1,522,2,169
경기도,포천시,,일동면제6투,907,634,464,161,0,1,2,2,630,4,273
경기도,포천시,이동면,소계,5066,3690,2546,1106,1,1,5,11,3670,20,1376
경기도,포천시,,이동면제1투,1572,1122,812,300,0,0,2,1,1115,7,450
경기도,포천시,,이동면제2투,842,598,403,186,0,1,2,3,595,3,244
경기도,포천시,,이동면제3투,963,704,468,226,1,0,1,3,699,5,259
경기도,포천시,,이동면제4투,1689,1266,863,394,0,0,0,4,1261,5,423
경기도,포천시,영북면,소계,7520,5264,3673,1540,3,2,7,21,5246,18,2256
경기도,포천시,,영북면제1투,2407,1553,1081,460,2,1,1,4,1549,4,854
경기도,포천시,,영북면제2투,827,615,444,162,0,0,1,6,613,2,212
경기도,포천시,,영북면제3투,1415,1050,736,309,0,0,1,2,1048,2,365
경기도,포천시,,영북면제4투,294,217,156,58,0,0,0,1,215,2,77
경기도,포천시,,영북면제5투,1387,953,657,283,0,1,4,4,949,4,434
경기도,포천시,,영북면제6투,633,470,319,148,1,0,0,0,468,2,163
경기도,포천시,,영북면제7투,557,406,280,120,0,0,0,4,404,2,151
경기도,포천시,관인면,소계,2878,2094,1426,650,1,0,3,6,2086,8,784
경기도,포천시,,관인면제1투,1704,1243,838,398,0,0,1,2,1239,4,461
경기도,포천시,,관인면제2투,632,450,306,138,0,0,2,1,447,3,182
경기도,포천시,,관인면제3투,542,401,282,114,1,0,0,3,400,1,141
경기도,포천시,화현면,소계,2418,1810,1241,547,2,2,3,6,1801,9,608
경기도,포천시,,화현면제1투,1783,1328,909,403,1,2,2,3,1320,8,455
경기도,포천시,,화현면제2투,635,482,332,144,1,0,1,3,481,1,153
경기도,포천시,포천동,소계,14672,10488,6573,3843,4,4,13,15,10452,36,4184
경기도,포천시,,포천동제1투,3534,2573,1584,971,1,2,1,5,2564,9,961
경기도,포천시,,포천동제2투,2071,1304,885,415,0,0,0,1,1301,3,767
경기도,포천시,,포천동제3투,2959,2117,1341,759,1,0,2,4,2107,10,842
경기도,포천시,,포천동제4투,4807,3600,2187,1388,2,2,8,4,3591,9,1207
경기도,포천시,,포천동제5투,1301,894,576,310,0,0,2,1,889,5,407
경기도,포천시,선단동,소계,10858,7165,4359,2741,4,3,17,10,7134,31,3693
경기도,포천시,,선단동제1투,3461,2307,1307,982,2,1,7,2,2301,6,1154
경기도,포천시,,선단동제2투,1528,1034,691,332,0,1,2,2,1028,6,494
경기도,포천시,,선단동제3투,1556,1035,645,377,1,1,2,2,1028,7,521
경기도,포천시,,선단동제4투,4313,2789,1716,1050,1,0,6,4,2777,12,1524
경기도,연천군,소계,,37796,27716,17989,9359,23,20,73,73,27537,179,10080
경기도,연천군,재외투표,,109,67,30,36,1,0,0,0,67,0,42
경기도,연천군,국내부재자투표,,1485,1369,772,549,2,3,6,6,1338,31,116
경기도,연천군,소계,,36202,26280,17187,8774,20,17,67,67,26132,148,9922
경기도,연천군,연천읍,소계,5410,4038,2516,1467,3,3,10,13,4012,26,1372
경기도,연천군,,연천읍제1투,1711,1237,723,497,1,1,1,4,1227,10,474
경기도,연천군,,연천읍제2투,1364,1027,662,346,0,2,4,6,1020,7,337
경기도,연천군,,연천읍제3투,743,534,340,186,1,0,2,2,531,3,209
경기도,연천군,,연천읍제4투,220,172,92,79,0,0,1,0,172,0,48
경기도,연천군,,연천읍제5투,1372,1068,699,359,1,0,2,1,1062,6,304
경기도,연천군,전곡읍,소계,15449,10916,6918,3901,5,9,24,15,10872,44,4533
경기도,연천군,,전곡읍제1투,2669,1739,1174,546,1,1,4,3,1729,10,930
경기도,연천군,,전곡읍제2투,1191,829,538,285,1,0,0,1,825,4,362
경기도,연천군,,전곡읍제3투,3922,2813,1698,1100,0,5,3,2,2808,5,1109
경기도,연천군,,전곡읍제4투,1587,1163,821,334,1,1,0,2,1159,4,424
경기도,연천군,,전곡읍제5투,2607,1906,1200,685,0,2,6,2,1895,11,701
경기도,연천군,,전곡읍제6투,362,259,173,83,0,0,1,1,258,1,103
경기도,연천군,,전곡읍제7투,244,172,113,56,0,0,1,1,171,1,72
경기도,연천군,,전곡읍제8투,480,342,185,156,0,0,0,0,341,1,138
경기도,연천군,,전곡읍제9투,2387,1693,1016,656,2,0,9,3,1686,7,694
경기도,연천군,군남면,소계,3011,2238,1526,682,2,0,6,7,2223,15,773
경기도,연천군,,군남면제1투,832,620,455,158,0,0,1,2,616,4,212
경기도,연천군,,군남면제2투,531,409,261,143,0,0,0,2,406,3,122
경기도,연천군,,군남면제3투,487,353,249,98,1,0,0,1,349,4,134
경기도,연천군,,군남면제4투,950,698,454,235,1,0,3,1,694,4,252
경기도,연천군,,군남면제5투,211,158,107,48,0,0,2,1,158,0,53
경기도,연천군,청산면,소계,3831,2721,1925,752,4,4,7,7,2699,22,1110
경기도,연천군,,청산면제1투,2092,1444,1015,400,4,2,4,3,1428,16,648
경기도,연천군,,청산면제2투,1044,762,539,212,0,2,2,3,758,4,282
경기도,연천군,,청산면제3투,695,515,371,140,0,0,1,1,513,2,180
경기도,연천군,백학면,소계,2414,1746,1198,515,3,1,5,7,1729,17,668
경기도,연천군,,백학면제1투,1509,1095,752,326,0,1,4,4,1087,8,414
경기도,연천군,,백학면제2투,905,651,446,189,3,0,1,3,642,9,254
경기도,연천군,미산면,소계,1511,1117,769,336,0,0,4,3,1112,5,394
경기도,연천군,,미산면제1투,805,608,428,173,0,0,3,3,607,1,197
경기도,연천군,,미산면제2투,706,509,341,163,0,0,1,0,505,4,197
경기도,연천군,왕징면,소계,1012,795,506,277,1,0,1,5,790,5,217
경기도,연천군,,왕징면제1투,476,377,237,134,0,0,1,3,375,2,99
경기도,연천군,,왕징면제2투,206,163,98,63,0,0,0,1,162,1,43
경기도,연천군,,왕징면제3투,330,255,171,80,1,0,0,1,253,2,75
경기도,연천군,신서면,소계,2768,2065,1379,655,2,0,10,6,2052,13,703
경기도,연천군,,신서면제1투,1787,1317,874,419,2,0,7,5,1307,10,470
경기도,연천군,,신서면제2투,163,117,79,35,0,0,3,0,117,0,46
경기도,연천군,,신서면제3투,285,224,145,78,0,0,0,0,223,1,61
경기도,연천군,,신서면제4투,533,407,281,123,0,0,0,1,405,2,126
경기도,연천군,중면,소계,217,171,105,64,0,0,0,2,171,0,46
경기도,연천군,,중면투표소,217,171,105,64,0,0,0,2,171,0,46
경기도,연천군,장남면,소계,579,473,345,125,0,0,0,2,472,1,106
경기도,연천군,,장남면투표소,579,473,345,125,0,0,0,2,472,1,106
경기도,양평군,소계,,84769,62448,40862,20857,39,51,125,190,62124,324,22321
경기도,양평군,재외투표,,466,338,115,220,0,2,0,0,337,1,128
경기도,양평군,국내부재자투표,,2641,2462,1284,1051,15,13,8,13,2384,78,179
경기도,양평군,소계,,81662,59648,39463,19586,24,36,117,177,59403,245,22014
경기도,양평군,양평읍,소계,21560,15743,10009,5614,6,9,29,22,15689,54,5817
경기도,양평군,,양평읍제1투,3262,2278,1549,719,0,0,3,1,2272,6,984
경기도,양평군,,양평읍제2투,3155,2300,1448,835,0,0,11,2,2296,4,855
경기도,양평군,,양평읍제3투,1425,1025,741,277,1,0,1,2,1022,3,400
경기도,양평군,,양평읍제4투,1256,905,626,262,1,0,1,6,896,9,351
경기도,양평군,,양평읍제5투,3353,2387,1504,861,1,2,4,3,2375,12,966
경기도,양평군,,양평읍제6투,2055,1547,1074,465,0,1,1,2,1543,4,508
경기도,양평군,,양평읍제7투,4231,3244,1871,1351,3,2,4,3,3234,10,987
경기도,양평군,,양평읍제8투,2823,2057,1196,844,0,4,4,3,2051,6,766
경기도,양평군,강상면,소계,5755,4235,2745,1454,2,1,6,15,4223,12,1520
경기도,양평군,,강상면제1투,2777,2075,1325,737,1,1,1,5,2070,5,702
경기도,양평군,,강상면제2투,1830,1298,840,443,0,0,4,5,1292,6,532
경기도,양평군,,강상면제3투,1148,862,580,274,1,0,1,5,861,1,286
경기도,양평군,강하면,소계,3649,2685,1874,789,2,2,2,8,2677,8,964
경기도,양평군,,강하면제1투,2033,1461,1006,446,1,1,0,2,1456,5,572
경기도,양평군,,강하면제2투,1616,1224,868,343,1,1,2,6,1221,3,392
경기도,양평군,양서면,소계,8756,6367,4029,2288,2,9,10,9,6347,20,2389
경기도,양평군,,양서면제1투,2493,1838,1138,687,1,2,3,2,1833,5,655
경기도,양평군,,양서면제2투,1234,949,610,328,1,3,2,3,947,2,285
경기도,양평군,,양서면제3투,3898,2758,1726,1014,0,4,2,4,2750,8,1140
경기도,양평군,,양서면제4투,1131,822,555,259,0,0,3,0,817,5,309
경기도,양평군,옥천면,소계,5570,4086,2680,1364,1,3,13,14,4075,11,1484
경기도,양평군,,옥천면제1투,2010,1490,907,566,0,1,4,9,1487,3,520
경기도,양평군,,옥천면제2투,1403,1027,715,306,0,1,1,0,1023,4,376
경기도,양평군,,옥천면제3투,1202,882,599,275,1,1,4,0,880,2,320
경기도,양평군,,옥천면제4투,955,687,459,217,0,0,4,5,685,2,268
경기도,양평군,서종면,소계,6367,4533,2955,1543,2,1,14,6,4521,12,1834
경기도,양평군,,서종면제1투,2806,1981,1227,743,0,0,6,1,1977,4,825
경기도,양평군,,서종면제2투,728,549,351,195,0,0,2,0,548,1,179
경기도,양평군,,서종면제3투,1048,759,516,235,0,0,4,2,757,2,289
경기도,양평군,,서종면제4투,529,353,248,102,0,0,0,1,351,2,176
경기도,양평군,,서종면제5투,1256,891,613,268,2,1,2,2,888,3,365
경기도,양평군,단월면,소계,2896,2141,1526,580,1,2,6,11,2126,15,755
경기도,양평군,,단월면제1투,1144,866,623,233,0,0,4,2,862,4,278
경기도,양평군,,단월면제2투,1034,755,547,194,0,0,1,9,751,4,279
경기도,양평군,,단월면제3투,448,328,245,81,0,0,0,0,326,2,120
경기도,양평군,,단월면제4투,270,192,111,72,1,2,1,0,187,5,78
경기도,양평군,청운면,소계,3213,2370,1663,671,0,2,3,14,2353,17,843
경기도,양평군,,청운면제1투,1347,989,701,274,0,2,1,7,985,4,358
경기도,양평군,,청운면제2투,574,424,293,122,0,0,1,4,420,4,150
경기도,양평군,,청운면제3투,594,441,307,124,0,0,1,3,435,6,153
경기도,양평군,,청운면제4투,698,516,362,151,0,0,0,0,513,3,182
경기도,양평군,양동면,소계,3941,2881,2047,778,3,1,6,18,2853,28,1060
경기도,양평군,,양동면제1투,1845,1392,957,405,2,1,2,10,1377,15,453
경기도,양평군,,양동면제2투,784,551,396,144,1,0,2,2,545,6,233
경기도,양평군,,양동면제3투,780,576,436,133,0,0,1,3,573,3,204
경기도,양평군,,양동면제4투,532,362,258,96,0,0,1,3,358,4,170
경기도,양평군,지평면,소계,5413,3911,2743,1111,2,1,8,23,3888,23,1502
경기도,양평군,,지평면제1투,1145,836,600,224,0,0,0,5,829,7,309
경기도,양평군,,지평면제2투,915,654,447,199,0,0,1,3,650,4,261
경기도,양평군,,지평면제3투,721,546,398,142,1,0,0,5,546,0,175
경기도,양평군,,지평면제4투,994,701,487,203,0,1,4,3,698,3,293
경기도,양평군,,지평면제5투,822,591,406,175,0,0,2,3,586,5,231
경기도,양평군,,지평면제6투,816,583,405,168,1,0,1,4,579,4,233
경기도,양평군,용문면,소계,10775,7888,5193,2608,2,5,17,29,7854,34,2887
경기도,양평군,,용문면제1투,2964,2136,1375,744,1,0,3,6,2129,7,828
경기도,양평군,,용문면제2투,1978,1437,998,420,1,1,3,6,1429,8,541
경기도,양평군,,용문면제3투,1566,1076,685,380,0,1,3,2,1071,5,490
경기도,양평군,,용문면제4투,1290,958,622,326,0,0,2,3,953,5,332
경기도,양평군,,용문면제5투,1591,1227,776,431,0,2,4,7,1220,7,364
경기도,양평군,,용문면제6투,724,550,394,151,0,1,1,2,549,1,174
경기도,양평군,,용문면제7투,662,504,343,156,0,0,1,3,503,1,158
경기도,양평군,개군면,소계,3767,2808,1999,786,1,0,3,8,2797,11,959
경기도,양평군,,개군면제1투,1599,1193,864,323,0,0,1,2,1190,3,406
경기도,양평군,,개군면제2투,1223,902,613,277,1,0,2,4,897,5,321
경기도,양평군,,개군면제3투,945,713,522,186,0,0,0,2,710,3,232
경기도,가평군,소계,,50634,37316,24987,11696,56,38,98,143,37018,298,13318
경기도,가평군,재외투표,,188,135,60,73,0,0,0,1,134,1,53
경기도,가평군,국내부재자투표,,2709,2523,1438,819,45,16,35,30,2383,140,186
경기도,가평군,소계,,47737,34658,23489,10804,11,22,63,112,34501,157,13079
경기도,가평군,가평읍,소계,15319,11287,7450,3744,2,7,16,24,11243,44,4032
경기도,가평군,,가평읍제1투,3417,2461,1517,928,1,1,5,1,2453,8,956
경기도,가평군,,가평읍제2투,2679,1984,1309,664,0,1,3,0,1977,7,695
경기도,가평군,,가평읍제3투,3443,2600,1677,905,1,1,2,7,2593,7,843
경기도,가평군,,가평읍제4투,1836,1344,882,450,0,3,2,3,1340,4,492
경기도,가평군,,가평읍제5투,1111,787,548,234,0,0,2,1,785,2,324
경기도,가평군,,가평읍제6투,1107,843,603,224,0,0,2,6,835,8,264
경기도,가평군,,가평읍제7투,971,724,534,182,0,1,0,3,720,4,247
경기도,가평군,,가평읍제8투,755,544,380,157,0,0,0,3,540,4,211
경기도,가평군,설악면,소계,6332,4624,3240,1316,3,5,9,22,4595,29,1708
경기도,가평군,,설악면제1투,2374,1690,1167,500,1,2,0,9,1679,11,684
경기도,가평군,,설악면제2투,950,706,509,185,0,1,1,4,700,6,244
경기도,가평군,,설악면제3투,1165,849,603,235,0,1,3,1,843,6,316
경기도,가평군,,설악면제4투,507,387,269,111,0,1,2,4,387,0,120
경기도,가평군,,설악면제5투,1336,992,692,285,2,0,3,4,986,6,344
경기도,가평군,청평면,소계,11478,8257,5486,2708,2,2,18,18,8234,23,3221
경기도,가평군,,청평면제1투,4074,2912,1887,1003,1,1,4,6,2902,10,1162
경기도,가평군,,청평면제2투,1700,1236,943,284,1,0,2,4,1234,2,464
경기도,가평군,,청평면제3투,381,265,187,76,0,0,0,1,264,1,116
경기도,가평군,,청평면제4투,3546,2553,1550,982,0,1,10,4,2547,6,993
경기도,가평군,,청평면제5투,581,435,297,134,0,0,1,1,433,2,146
경기도,가평군,,청평면제6투,644,464,323,136,0,0,1,2,462,2,180
경기도,가평군,,청평면제7투,552,392,299,93,0,0,0,0,392,0,160
경기도,가평군,상면,소계,4546,3277,2333,899,0,4,6,17,3259,18,1269
경기도,가평군,,상면제1투,1181,888,632,244,0,1,2,3,882,6,293
경기도,가평군,,상면제2투,1137,836,611,214,0,1,1,7,834,2,301
경기도,가평군,,상면제3투,546,410,289,113,0,1,0,3,406,4,136
경기도,가평군,,상면제4투,1026,756,546,199,0,1,3,3,752,4,270
경기도,가평군,,상면제5투,656,387,255,129,0,0,0,1,385,2,269
경기도,가평군,하면,소계,6756,4799,3296,1442,4,3,8,12,4765,34,1957
경기도,가평군,,하면제1투,2032,1521,1005,502,2,1,3,2,1515,6,511
경기도,가평군,,하면제2투,1177,886,619,256,0,1,3,1,880,6,291
경기도,가평군,,하면제3투,1236,852,583,262,0,0,2,1,848,4,384
경기도,가평군,,하면제4투,1120,629,459,157,0,1,0,2,619,10,491
경기도,가평군,,하면제5투,588,440,305,122,1,0,0,5,433,7,148
경기도,가평군,,하면제6투,603,471,325,143,1,0,0,1,470,1,132
경기도,가평군,북면,소계,3306,2414,1684,695,0,1,6,19,2405,9,892
경기도,가평군,,북면제1투,1449,1086,769,300,0,1,2,9,1081,5,363
경기도,가평군,,북면제2투,665,462,339,115,0,0,1,5,460,2,203
경기도,가평군,,북면제3투,746,539,351,183,0,0,2,2,538,1,207
경기도,가평군,,북면제4투,446,327,225,97,0,0,1,3,326,1,119
강원도,합계,,,1235647,911988,562876,340870,356,524,1514,2114,908254,3734,323659
강원도,춘천시,소계,,215931,163981,93414,69365,60,104,276,245,163464,517,51950
강원도,춘천시,재외투표,,815,574,224,341,0,4,0,0,569,5,241
강원도,춘천시,국내부재자투표,,6673,6178,3039,2969,10,12,14,35,6079,99,495
강원도,춘천시,소계,,208443,157229,90151,66055,50,88,262,210,156816,413,51214
강원도,춘천시,신북읍,소계,6010,4519,2937,1516,4,1,7,17,4482,37,1491
강원도,춘천시,,신북읍제1투,1712,1279,842,428,1,1,0,2,1274,5,433
강원도,춘천시,,신북읍제2투,2062,1532,971,546,1,0,2,4,1524,8,530
강원도,춘천시,,신북읍제3투,1362,1066,701,336,2,0,2,5,1046,20,296
강원도,춘천시,,신북읍제4투,874,642,423,206,0,0,3,6,638,4,232
강원도,춘천시,동면,소계,8666,6788,3760,2996,0,2,9,7,6774,14,1878
강원도,춘천시,,동면제1투,2737,2257,1150,1103,0,0,1,1,2255,2,480
강원도,춘천시,,동면제2투,2019,1473,977,483,0,1,4,1,1466,7,546
강원도,춘천시,,동면제3투,275,195,137,55,0,0,0,1,193,2,80
강원도,춘천시,,동면제4투,3635,2863,1496,1355,0,1,4,4,2860,3,772
강원도,춘천시,동산면,소계,1365,1032,687,329,2,0,3,5,1026,6,333
강원도,춘천시,,동산면제1투,772,581,397,178,1,0,1,2,579,2,191
강원도,춘천시,,동산면제2투,593,451,290,151,1,0,2,3,447,4,142
강원도,춘천시,신동면,소계,2052,1593,1088,484,1,0,2,6,1581,12,459
강원도,춘천시,,신동면투표소,2052,1593,1088,484,1,0,2,6,1581,12,459
강원도,춘천시,동내면,소계,11065,8386,4643,3683,2,4,14,13,8359,27,2679
강원도,춘천시,,동내면제1투,4069,2924,1704,1199,1,1,5,3,2913,11,1145
강원도,춘천시,,동내면제2투,2192,1677,1074,577,0,2,4,10,1667,10,515
강원도,춘천시,,동내면제3투,4804,3785,1865,1907,1,1,5,0,3779,6,1019
강원도,춘천시,남면,소계,976,733,534,189,0,1,3,1,728,5,243
강원도,춘천시,,남면투표소,976,733,534,189,0,1,3,1,728,5,243
강원도,춘천시,남산면,소계,3357,2390,1631,732,2,1,3,11,2380,10,967
강원도,춘천시,,남산면제1투,1872,1321,881,425,1,0,1,6,1314,7,551
강원도,춘천시,,남산면제2투,738,537,369,162,1,1,2,1,536,1,201
강원도,춘천시,,남산면제3투,747,532,381,145,0,0,0,4,530,2,215
강원도,춘천시,서면,소계,3469,2530,1713,792,2,3,2,6,2518,12,939
강원도,춘천시,,서면제1투,2716,2022,1331,672,2,3,2,4,2014,8,694
강원도,춘천시,,서면제2투,753,508,382,120,0,0,0,2,504,4,245
강원도,춘천시,사북면,소계,2208,1635,1135,483,0,0,5,9,1632,3,573
강원도,춘천시,,사북면제1투,688,529,352,172,0,0,2,3,529,0,159
강원도,춘천시,,사북면제2투,357,256,172,80,0,0,2,1,255,1,101
강원도,춘천시,,사북면제3투,1163,850,611,231,0,0,1,5,848,2,313
강원도,춘천시,북산면,소계,805,593,446,139,0,0,0,4,589,4,212
강원도,춘천시,,북산면제1투,629,468,337,124,0,0,0,4,465,3,161
강원도,춘천시,,북산면제2투,176,125,109,15,0,0,0,0,124,1,51
강원도,춘천시,소양동,소계,6521,4719,2858,1835,2,1,4,7,4707,12,1802
강원도,춘천시,,소양동제1투,2408,1835,1085,739,1,0,1,3,1829,6,573
강원도,춘천시,,소양동제2투,2482,1860,1104,747,0,0,3,2,1856,4,622
강원도,춘천시,,소양동제3투,1631,1024,669,349,1,1,0,2,1022,2,607
강원도,춘천시,교동,소계,3474,2444,1428,1001,1,1,7,2,2440,4,1030
강원도,춘천시,,교동투표소,3474,2444,1428,1001,1,1,7,2,2440,4,1030
강원도,춘천시,조운동,소계,3066,2151,1350,784,2,2,2,4,2144,7,915
강원도,춘천시,,조운동투표소,3066,2151,1350,784,2,2,2,4,2144,7,915
강원도,춘천시,약사명동,소계,3882,2857,1801,1036,2,1,3,7,2850,7,1025
강원도,춘천시,,약사명동투표소,3882,2857,1801,1036,2,1,3,7,2850,7,1025
강원도,춘천시,근화동,소계,6499,4674,2853,1795,1,2,6,7,4664,10,1825
강원도,춘천시,,근화동제1투,3405,2567,1492,1066,0,0,2,1,2561,6,838
강원도,춘천시,,근화동제2투,3094,2107,1361,729,1,2,4,6,2103,4,987
강원도,춘천시,후평1동,소계,10573,7682,4688,2947,3,4,12,10,7664,18,2891
강원도,춘천시,,후평1동제1투,3594,2616,1523,1076,0,3,3,3,2608,8,978
강원도,춘천시,,후평1동제2투,3439,2390,1494,887,1,0,2,2,2386,4,1049
강원도,춘천시,,후평1동제3투,3540,2676,1671,984,2,1,7,5,2670,6,864
강원도,춘천시,후평2동,소계,11480,8679,4859,3769,3,8,16,7,8662,17,2801
강원도,춘천시,,후평2동제1투,3556,2643,1539,1095,0,2,0,2,2638,5,913
강원도,춘천시,,후평2동제2투,3704,2661,1466,1173,2,3,6,5,2655,6,1043
강원도,춘천시,,후평2동제3투,4220,3375,1854,1501,1,3,10,0,3369,6,845
강원도,춘천시,후평3동,소계,16501,12302,6939,5290,1,14,24,14,12282,20,4199
강원도,춘천시,,후평3동제1투,4539,3572,2090,1464,0,5,7,2,3568,4,967
강원도,춘천시,,후평3동제2투,2124,1426,757,661,0,2,1,4,1425,1,698
강원도,춘천시,,후평3동제3투,4108,2946,1546,1381,1,2,8,2,2940,6,1162
강원도,춘천시,,후평3동제4투,2169,1664,983,676,0,2,1,2,1664,0,505
강원도,춘천시,,후평3동제5투,3561,2694,1563,1108,0,3,7,4,2685,9,867
강원도,춘천시,효자1동,소계,3066,2154,1350,795,0,0,5,1,2151,3,912
강원도,춘천시,,효자1동투표소,3066,2154,1350,795,0,0,5,1,2151,3,912
강원도,춘천시,효자2동,소계,10529,7530,4511,2968,1,3,14,7,7504,26,2999
강원도,춘천시,,효자2동제1투,2727,1887,1116,755,0,0,4,1,1876,11,840
강원도,춘천시,,효자2동제2투,2383,1830,1102,717,1,0,3,0,1823,7,553
강원도,춘천시,,효자2동제3투,2775,1988,1200,776,0,2,3,4,1985,3,787
강원도,춘천시,,효자2동제4투,2644,1825,1093,720,0,1,4,2,1820,5,819
강원도,춘천시,효자3동,소계,4180,2957,1713,1227,0,3,3,4,2950,7,1223
강원도,춘천시,,효자3동투표소,4180,2957,1713,1227,0,3,3,4,2950,7,1223
강원도,춘천시,석사동,소계,29494,22670,11681,10877,6,9,37,14,22624,46,6824
강원도,춘천시,,석사동제1투,3513,2740,1538,1185,1,0,4,3,2731,9,773
강원도,춘천시,,석사동제2투,2684,1755,1019,727,1,2,3,0,1752,3,929
강원도,춘천시,,석사동제3투,2395,1680,860,811,0,0,2,2,1675,5,715
강원도,춘천시,,석사동제4투,3803,3168,1630,1528,0,0,5,2,3165,3,635
강원도,춘천시,,석사동제5투,3002,2397,1161,1231,0,1,3,0,2396,1,605
강원도,춘천시,,석사동제6투,4708,3762,1871,1873,0,0,9,3,3756,6,946
강원도,춘천시,,석사동제7투,2699,1901,1037,852,1,3,2,2,1897,4,798
강원도,춘천시,,석사동제8투,2412,2009,945,1055,0,1,5,0,2006,3,403
강원도,춘천시,,석사동제9투,4278,3258,1620,1615,3,2,4,2,3246,12,1020
강원도,춘천시,퇴계동,소계,33065,26036,13753,12142,11,15,42,16,25979,57,7029
강원도,춘천시,,퇴계동제1투,4548,3491,1891,1579,3,0,8,1,3482,9,1057
강원도,춘천시,,퇴계동제2투,2417,1860,1063,786,2,1,4,1,1857,3,557
강원도,춘천시,,퇴계동제3투,2390,1889,994,889,0,0,1,0,1884,5,501
강원도,춘천시,,퇴계동제4투,2907,2424,1361,1053,1,2,2,1,2420,4,483
강원도,춘천시,,퇴계동제5투,1703,1350,726,612,1,1,4,1,1345,5,353
강원도,춘천시,,퇴계동제6투,2808,2260,1222,1025,1,0,4,0,2252,8,548
강원도,춘천시,,퇴계동제7투,4593,3549,1967,1558,3,3,8,5,3544,5,1044
강원도,춘천시,,퇴계동제8투,3550,2664,1242,1407,0,2,8,1,2660,4,886
강원도,춘천시,,퇴계동제9투,2225,1818,873,936,0,4,0,3,1816,2,407
강원도,춘천시,,퇴계동제10투,3599,2766,1443,1310,0,2,2,2,2759,7,833
강원도,춘천시,,퇴계동제11투,2325,1965,971,987,0,0,1,1,1960,5,360
강원도,춘천시,강남동,소계,11183,8588,4946,3593,1,5,16,11,8572,16,2595
강원도,춘천시,,강남동제1투,2175,1530,874,649,0,2,0,0,1525,5,645
강원도,춘천시,,강남동제2투,2163,1697,1031,654,0,0,4,4,1693,4,466
강원도,춘천시,,강남동제3투,3333,2617,1570,1034,0,1,5,4,2614,3,716
강원도,춘천시,,강남동제4투,3512,2744,1471,1256,1,2,7,3,2740,4,768
강원도,춘천시,신사우동,소계,14957,11587,6847,4653,3,8,23,20,11554,33,3370
강원도,춘천시,,신사우동제1투,3660,2767,1519,1228,2,3,5,1,2758,9,893
강원도,춘천시,,신사우동제2투,3141,2504,1487,1003,0,2,6,3,2501,3,637
강원도,춘천시,,신사우동제3투,3464,2654,1591,1049,0,0,3,6,2649,5,810
강원도,춘천시,,신사우동제4투,1712,1298,897,390,0,2,2,3,1294,4,414
강원도,춘천시,,신사우동제5투,2980,2364,1353,983,1,1,7,7,2352,12,616
강원도,원주시,소계,,251375,182937,105702,75943,55,110,280,282,182372,565,68438
강원도,원주시,재외투표,,723,502,199,299,0,1,2,0,501,1,221
강원도,원주시,국내부재자투표,,7847,6983,3270,3535,8,10,19,25,6867,116,864
강원도,원주시,소계,,242805,175452,102233,72109,47,99,259,257,175004,448,67353
강원도,원주시,문막읍,소계,14627,10051,5682,4298,4,2,8,26,10020,31,4576
강원도,원주시,,문막읍제1투,4731,3091,1766,1313,0,1,2,3,3085,6,1640
강원도,원주시,,문막읍제2투,2512,1827,1239,566,3,0,3,8,1819,8,685
강원도,원주시,,문막읍제3투,1330,967,671,285,0,0,0,3,959,8,363
강원도,원주시,,문막읍제4투,2963,2063,1009,1042,1,0,1,5,2058,5,900
강원도,원주시,,문막읍제5투,3091,2103,997,1092,0,1,2,7,2099,4,988
강원도,원주시,소초면,소계,7674,5518,3623,1845,0,2,5,18,5493,25,2156
강원도,원주시,,소초면제1투,2342,1672,1072,574,0,0,5,10,1661,11,670
강원도,원주시,,소초면제2투,1603,1246,834,406,0,1,0,2,1243,3,357
강원도,원주시,,소초면제3투,2833,1944,1282,652,0,1,0,3,1938,6,889
강원도,원주시,,소초면제4투,896,656,435,213,0,0,0,3,651,5,240
강원도,원주시,호저면,소계,3709,2756,1842,875,3,4,2,9,2735,21,953
강원도,원주시,,호저면제1투,2468,1841,1229,583,2,3,2,8,1827,14,627
강원도,원주시,,호저면제2투,1241,915,613,292,1,1,0,1,908,7,326
강원도,원주시,지정면,소계,2612,1988,1344,593,2,8,6,15,1968,20,624
강원도,원주시,,지정면제1투,1545,1173,793,344,2,8,3,11,1161,12,372
강원도,원주시,,지정면제2투,1067,815,551,249,0,0,3,4,807,8,252
강원도,원주시,부론면,소계,2219,1658,1178,467,1,0,3,5,1654,4,561
강원도,원주시,,부론면투표소,2219,1658,1178,467,1,0,3,5,1654,4,561
강원도,원주시,귀래면,소계,1814,1372,946,408,2,0,3,6,1365,7,442
강원도,원주시,,귀래면투표소,1814,1372,946,408,2,0,3,6,1365,7,442
강원도,원주시,흥업면,소계,6791,4628,2578,2011,4,1,4,12,4610,18,2163
강원도,원주시,,흥업면제1투,3493,2328,1315,998,1,0,1,6,2321,7,1165
강원도,원주시,,흥업면제2투,1062,776,515,253,1,0,0,3,772,4,286
강원도,원주시,,흥업면제3투,2236,1524,748,760,2,1,3,3,1517,7,712
강원도,원주시,판부면,소계,5371,3739,2156,1549,2,3,9,12,3731,8,1632
강원도,원주시,,판부면제1투,1014,756,492,259,0,0,1,2,754,2,258
강원도,원주시,,판부면제2투,776,569,357,201,1,1,1,5,566,3,207
강원도,원주시,,판부면제3투,3581,2414,1307,1089,1,2,7,5,2411,3,1167
강원도,원주시,신림면,소계,3388,2506,1645,836,0,2,6,2,2491,15,882
강원도,원주시,,신림면제1투,2511,1856,1229,606,0,2,4,2,1843,13,655
강원도,원주시,,신림면제2투,877,650,416,230,0,0,2,0,648,2,227
강원도,원주시,중앙동,소계,2921,1944,1381,546,0,1,7,4,1939,5,977
강원도,원주시,,중앙동투표소,2921,1944,1381,546,0,1,7,4,1939,5,977
강원도,원주시,원인동,소계,5472,3806,2334,1451,1,1,6,3,3796,10,1666
강원도,원주시,,원인동제1투,3634,2499,1509,976,1,1,5,1,2493,6,1135
강원도,원주시,,원인동제2투,1838,1307,825,475,0,0,1,2,1303,4,531
강원도,원주시,개운동,소계,11096,8397,5168,3189,2,6,10,5,8380,17,2699
강원도,원주시,,개운동제1투,3325,2484,1625,847,0,2,3,2,2479,5,841
강원도,원주시,,개운동제2투,4622,3441,2130,1292,0,2,6,3,3433,8,1181
강원도,원주시,,개운동제3투,3149,2472,1413,1050,2,2,1,0,2468,4,677
강원도,원주시,명륜1동,소계,8559,6360,3844,2476,2,6,15,8,6351,9,2199
강원도,원주시,,명륜1동제1투,2959,2041,1325,703,0,2,5,4,2039,2,918
강원도,원주시,,명륜1동제2투,2472,1829,1089,726,2,1,3,4,1825,4,643
강원도,원주시,,명륜1동제3투,3128,2490,1430,1047,0,3,7,0,2487,3,638
강원도,원주시,명륜2동,소계,14304,10330,5851,4415,3,6,17,14,10306,24,3974
강원도,원주시,,명륜2동제1투,4648,3093,1966,1100,2,2,4,11,3085,8,1555
강원도,원주시,,명륜2동제2투,5186,3894,2004,1870,0,3,8,1,3886,8,1292
강원도,원주시,,명륜2동제3투,4470,3343,1881,1445,1,1,5,2,3335,8,1127
강원도,원주시,단구동,소계,33891,24785,13561,11111,2,14,33,25,24746,39,9106
강원도,원주시,,단구동제1투,3908,2772,1698,1062,0,3,4,1,2768,4,1136
강원도,원주시,,단구동제2투,3621,2734,1638,1077,0,1,6,3,2725,9,887
강원도,원주시,,단구동제3투,5616,3999,1944,2033,1,3,6,6,3993,6,1617
강원도,원주시,,단구동제4투,2933,2173,1476,686,0,0,3,4,2169,4,760
강원도,원주시,,단구동제5투,2873,2155,1296,856,0,0,0,1,2153,2,718
강원도,원주시,,단구동제6투,3248,2502,1297,1196,0,2,1,3,2499,3,746
강원도,원주시,,단구동제7투,4919,3404,1751,1638,1,3,4,2,3399,5,1515
강원도,원주시,,단구동제8투,4971,3644,1787,1837,0,1,9,5,3639,5,1327
강원도,원주시,,단구동제9투,1802,1402,674,726,0,1,0,0,1401,1,400
강원도,원주시,일산동,소계,7079,5023,3137,1853,0,3,7,7,5007,16,2056
강원도,원주시,,일산동제1투,3776,2647,1657,972,0,2,4,2,2637,10,1129
강원도,원주시,,일산동제2투,3303,2376,1480,881,0,1,3,5,2370,6,927
강원도,원주시,학성동,소계,4939,3502,2296,1188,1,0,7,4,3496,6,1437
강원도,원주시,,학성동제1투,3175,2312,1446,858,0,0,3,0,2307,5,863
강원도,원주시,,학성동제2투,1764,1190,850,330,1,0,4,4,1189,1,574
강원도,원주시,단계동,소계,18467,13477,7741,5651,3,15,23,16,13449,28,4990
강원도,원주시,,단계동제1투,3711,2589,1502,1068,1,2,4,3,2580,9,1122
강원도,원주시,,단계동제2투,4418,3339,1916,1403,1,3,6,5,3334,5,1079
강원도,원주시,,단계동제3투,4023,2916,1677,1223,0,2,2,5,2909,7,1107
강원도,원주시,,단계동제4투,2366,1620,931,674,0,3,8,2,1618,2,746
강원도,원주시,,단계동제5투,3949,3013,1715,1283,1,5,3,1,3008,5,936
강원도,원주시,우산동,소계,10383,7215,4362,2823,2,3,9,5,7204,11,3168
강원도,원주시,,우산동제1투,2842,1878,1223,647,2,0,2,2,1876,2,964
강원도,원주시,,우산동제2투,3742,2664,1603,1049,0,3,1,2,2658,6,1078
강원도,원주시,,우산동제3투,3799,2673,1536,1127,0,0,6,1,2670,3,1126
강원도,원주시,태장1동,소계,7897,5707,3334,2337,2,4,7,5,5689,18,2190
강원도,원주시,,태장1동제1투,3449,2552,1542,993,0,1,2,3,2541,11,897
강원도,원주시,,태장1동제2투,4448,3155,1792,1344,2,3,5,2,3148,7,1293
강원도,원주시,태장2동,소계,19383,13791,8274,5438,5,5,15,20,13757,34,5592
강원도,원주시,,태장2동제1투,3308,2127,1299,814,0,1,4,1,2119,8,1181
강원도,원주시,,태장2동제2투,3949,2936,1727,1189,1,1,5,5,2928,8,1013
강원도,원주시,,태장2동제3투,3626,2694,1510,1170,1,2,2,5,2690,4,932
강원도,원주시,,태장2동제4투,2086,1387,910,472,2,1,0,2,1387,0,699
강원도,원주시,,태장2동제5투,2542,1757,1153,595,0,0,2,5,1755,2,785
강원도,원주시,,태장2동제6투,3872,2890,1675,1198,1,0,2,2,2878,12,982
강원도,원주시,봉산동,소계,8467,6235,3902,2291,1,3,12,6,6215,20,2232
강원도,원주시,,봉산동제1투,2785,2006,1302,691,1,1,4,0,1999,7,779
강원도,원주시,,봉산동제2투,2482,1758,1163,574,0,1,6,4,1748,10,724
강원도,원주시,,봉산동제3투,3200,2471,1437,1026,0,1,2,2,2468,3,729
강원도,원주시,행구동,소계,6106,4640,2594,2022,0,1,4,5,4626,14,1466
강원도,원주시,,행구동제1투,2629,1857,1130,712,0,0,2,2,1846,11,772
강원도,원주시,,행구동제2투,3477,2783,1464,1310,0,1,2,3,2780,3,694
강원도,원주시,무실동,소계,21382,15551,8174,7308,2,6,21,10,15521,30,5831
강원도,원주시,,무실동제1투,4391,3154,1725,1417,1,1,1,2,3147,7,1237
강원도,원주시,,무실동제2투,5746,4167,2186,1963,0,3,2,4,4158,9,1579
강원도,원주시,,무실동제3투,3431,2844,1380,1452,0,1,7,0,2840,4,587
강원도,원주시,,무실동제4투,3107,1888,1165,712,0,1,2,3,1883,5,1219
강원도,원주시,,무실동제5투,4707,3498,1718,1764,1,0,9,1,3493,5,1209
강원도,원주시,반곡관설동,소계,14254,10473,5286,5128,3,3,20,15,10455,18,3781
강원도,원주시,,반곡관설동제1투,1187,895,615,272,0,0,1,3,891,4,292
강원도,원주시,,반곡관설동제2투,2459,1812,949,848,0,0,5,5,1807,5,647
강원도,원주시,,반곡관설동제3투,4998,3364,1721,1627,0,2,4,6,3360,4,1634
강원도,원주시,,반곡관설동제4투,2859,2143,979,1157,1,1,3,1,2142,1,716
강원도,원주시,,반곡관설동제5투,2751,2259,1022,1224,2,0,7,0,2255,4,492
강원도,강릉시,소계,,175077,129776,85045,43750,41,50,200,233,129319,457,45301
강원도,강릉시,재외투표,,475,330,101,220,0,0,4,0,325,5,145
강원도,강릉시,국내부재자투표,,5653,5070,2461,2457,6,14,8,20,4966,104,583
강원도,강릉시,소계,,168949,124376,82483,41073,35,36,188,213,124028,348,44573
강원도,강릉시,주문진읍,소계,15878,10780,7783,2897,8,3,14,35,10740,40,5098
강원도,강릉시,,주문진읍제1투,3491,2307,1799,480,2,0,3,14,2298,9,1184
강원도,강릉시,,주문진읍제2투,3384,2137,1583,529,3,1,2,10,2128,9,1247
강원도,강릉시,,주문진읍제3투,3242,2317,1683,621,0,2,5,1,2312,5,925
강원도,강릉시,,주문진읍제4투,1016,759,568,182,0,0,1,4,755,4,257
강원도,강릉시,,주문진읍제5투,2276,1571,1097,460,1,0,2,3,1563,8,705
강원도,강릉시,,주문진읍제6투,2469,1689,1053,625,2,0,1,3,1684,5,780
강원도,강릉시,성산면,소계,2768,2076,1503,556,1,0,5,4,2069,7,692
강원도,강릉시,,성산면제1투,2203,1634,1194,428,1,0,3,2,1628,6,569
강원도,강릉시,,성산면제2투,565,442,309,128,0,0,2,2,441,1,123
강원도,강릉시,왕산면,소계,1553,1163,866,286,0,0,2,4,1158,5,390
강원도,강릉시,,왕산면제1투,797,616,459,151,0,0,2,2,614,2,181
강원도,강릉시,,왕산면제2투,373,283,217,65,0,0,0,0,282,1,90
강원도,강릉시,,왕산면제3투,383,264,190,70,0,0,0,2,262,2,119
강원도,강릉시,구정면,소계,3366,2509,1783,705,1,0,2,12,2503,6,857
강원도,강릉시,,구정면제1투,2216,1675,1164,498,0,0,2,7,1671,4,541
강원도,강릉시,,구정면제2투,1150,834,619,207,1,0,0,5,832,2,316
강원도,강릉시,강동면,소계,4356,3169,2411,727,2,3,5,9,3157,12,1187
강원도,강릉시,,강동면제1투,3071,2258,1723,513,2,1,4,7,2250,8,813
강원도,강릉시,,강동면제2투,1285,911,688,214,0,2,1,2,907,4,374
강원도,강릉시,옥계면,소계,3753,2758,2040,679,3,0,6,17,2745,13,995
강원도,강릉시,,옥계면제1투,2289,1668,1246,401,3,0,4,9,1663,5,621
강원도,강릉시,,옥계면제2투,1464,1090,794,278,0,0,2,8,1082,8,374
강원도,강릉시,사천면,소계,3640,2680,1900,749,1,0,3,8,2661,19,960
강원도,강릉시,,사천면제1투,2285,1639,1187,434,0,0,1,6,1628,11,646
강원도,강릉시,,사천면제2투,1355,1041,713,315,1,0,2,2,1033,8,314
강원도,강릉시,연곡면,소계,5644,4160,2751,1374,0,1,6,17,4149,11,1484
강원도,강릉시,,연곡면제1투,3850,2801,1718,1060,0,0,5,11,2794,7,1049
강원도,강릉시,,연곡면제2투,1794,1359,1033,314,0,1,1,6,1355,4,435
강원도,강릉시,홍제동,소계,6535,4831,3203,1594,0,3,5,7,4812,19,1704
강원도,강릉시,,홍제동제1투,3314,2427,1577,836,0,0,2,3,2418,9,887
강원도,강릉시,,홍제동제2투,3221,2404,1626,758,0,3,3,4,2394,10,817
강원도,강릉시,중앙동,소계,5350,3752,2741,977,2,2,8,5,3735,17,1598
강원도,강릉시,,중앙동제1투,2103,1526,1074,438,1,0,7,1,1521,5,577
강원도,강릉시,,중앙동제2투,3247,2226,1667,539,1,2,1,4,2214,12,1021
강원도,강릉시,옥천동,소계,3495,2506,1888,606,1,0,5,3,2503,3,989
강원도,강릉시,,옥천동투표소,3495,2506,1888,606,1,0,5,3,2503,3,989
강원도,강릉시,교1동,소계,21585,16470,9809,6578,5,2,34,8,16436,34,5115
강원도,강릉시,,교1동제1투,3364,2560,1634,912,2,0,5,1,2554,6,804
강원도,강릉시,,교1동제2투,3411,2510,1801,700,0,0,3,1,2505,5,901
강원도,강릉시,,교1동제3투,3316,2701,1494,1193,0,1,8,1,2697,4,615
강원도,강릉시,,교1동제4투,4125,3025,1635,1375,0,0,8,3,3021,4,1100
강원도,강릉시,,교1동제5투,3767,2811,1614,1176,3,1,7,0,2801,10,956
강원도,강릉시,,교1동제6투,3602,2863,1631,1222,0,0,3,2,2858,5,739
강원도,강릉시,교2동,소계,7611,5618,3806,1789,1,1,9,6,5612,6,1993
강원도,강릉시,,교2동제1투,2539,1744,1273,464,0,0,3,4,1744,0,795
강원도,강릉시,,교2동제2투,2175,1627,1143,477,0,0,2,2,1624,3,548
강원도,강릉시,,교2동제3투,2897,2247,1390,848,1,1,4,0,2244,3,650
강원도,강릉시,포남1동,소계,10086,7506,5221,2249,1,3,12,6,7492,14,2580
강원도,강릉시,,포남1동제1투,3354,2472,1720,739,0,1,4,4,2468,4,882
강원도,강릉시,,포남1동제2투,3263,2453,1757,686,1,0,3,1,2448,5,810
강원도,강릉시,,포남1동제3투,3469,2581,1744,824,0,2,5,1,2576,5,888
강원도,강릉시,포남2동,소계,12592,9119,5867,3191,0,3,12,16,9089,30,3473
강원도,강릉시,,포남2동제1투,3630,2503,1706,780,0,1,3,3,2493,10,1127
강원도,강릉시,,포남2동제2투,3220,2332,1491,831,0,1,3,2,2328,4,888
강원도,강릉시,,포남2동제3투,2921,2099,1298,787,0,0,2,5,2092,7,822
강원도,강릉시,,포남2동제4투,2821,2185,1372,793,0,1,4,6,2176,9,636
강원도,강릉시,초당동,소계,4374,3300,2000,1286,3,2,6,1,3298,2,1074
강원도,강릉시,,초당동제1투,1763,1307,896,408,0,0,2,0,1306,1,456
강원도,강릉시,,초당동제2투,2611,1993,1104,878,3,2,4,1,1992,1,618
강원도,강릉시,송정동,소계,5603,4276,2687,1565,1,2,4,2,4261,15,1327
강원도,강릉시,,송정동제1투,2290,1758,1215,533,0,1,1,0,1750,8,532
강원도,강릉시,,송정동제2투,3313,2518,1472,1032,1,1,3,2,2511,7,795
강원도,강릉시,내곡동,소계,9070,6542,4151,2358,0,1,12,9,6531,11,2528
강원도,강릉시,,내곡동제1투,4177,3212,2065,1130,0,0,7,6,3208,4,965
강원도,강릉시,,내곡동제2투,4893,3330,2086,1228,0,1,5,3,3323,7,1563
강원도,강릉시,강남동,소계,16647,12364,8462,3825,2,3,17,17,12326,38,4283
강원도,강릉시,,강남동제1투,3655,2675,1832,829,0,0,2,2,2665,10,980
강원도,강릉시,,강남동제2투,3463,2638,1869,755,0,2,5,4,2635,3,825
강원도,강릉시,,강남동제3투,3809,2730,1895,821,0,0,5,2,2723,7,1079
강원도,강릉시,,강남동제4투,3578,2703,1673,1012,0,1,4,5,2695,8,875
강원도,강릉시,,강남동제5투,1183,894,674,210,1,0,1,3,889,5,289
강원도,강릉시,,강남동제6투,959,724,519,198,1,0,0,1,719,5,235
강원도,강릉시,성덕동,소계,20999,15762,9574,6109,3,6,16,19,15727,35,5237
강원도,강릉시,,성덕동제1투,2312,1659,1144,503,0,1,0,3,1651,8,653
강원도,강릉시,,성덕동제2투,4432,3347,2004,1329,1,0,5,4,3343,4,1085
강원도,강릉시,,성덕동제3투,4948,3576,2391,1162,1,2,3,6,3565,11,1372
강원도,강릉시,,성덕동제4투,3734,2817,1682,1121,1,0,3,3,2810,7,917
강원도,강릉시,,성덕동제5투,3976,3194,1564,1622,0,2,4,1,3193,1,782
강원도,강릉시,,성덕동제6투,1597,1169,789,372,0,1,1,2,1165,4,428
강원도,강릉시,경포동,소계,4044,3035,2037,973,0,1,5,8,3024,11,1009
강원도,강릉시,,경포동제1투,2364,1713,1116,583,0,1,2,4,1706,7,651
강원도,강릉시,,경포동제2투,1680,1322,921,390,0,0,3,4,1318,4,358
강원도,동해시,소계,,74573,55083,36139,18511,18,23,68,99,54858,225,19490
강원도,동해시,재외투표,,170,114,60,52,1,0,0,0,113,1,56
강원도,동해시,국내부재자투표,,3816,3545,1903,1531,2,11,17,19,3483,62,271
강원도,동해시,소계,,70587,51424,34176,16928,15,12,51,80,51262,162,19163
강원도,동해시,천곡동,소계,20513,15250,9729,5452,4,2,18,9,15214,36,5263
강원도,동해시,,천곡동제1투,2701,2038,1313,721,0,1,0,1,2036,2,663
강원도,동해시,,천곡동제2투,2526,1850,1232,611,1,0,1,1,1846,4,676
강원도,동해시,,천곡동제3투,2282,1658,1062,589,1,0,3,2,1657,1,624
강원도,동해시,,천곡동제4투,3010,2209,1398,802,0,1,3,0,2204,5,801
강원도,동해시,,천곡동제5투,1927,1405,985,411,1,0,1,2,1400,5,522
강원도,동해시,,천곡동제6투,2165,1729,1142,580,0,0,3,0,1725,4,436
강원도,동해시,,천곡동제7투,2600,1810,1192,604,0,0,4,2,1802,8,790
강원도,동해시,,천곡동제8투,3302,2551,1405,1134,1,0,3,1,2544,7,751
강원도,동해시,송정동,소계,4070,2949,2102,824,0,0,5,6,2937,12,1121
강원도,동해시,,송정동제1투,2703,1902,1366,518,0,0,4,6,1894,8,801
강원도,동해시,,송정동제2투,1367,1047,736,306,0,0,1,0,1043,4,320
강원도,동해시,북삼동,소계,14180,10623,6264,4292,5,5,12,19,10597,26,3557
강원도,동해시,,북삼동제1투,1550,1120,813,297,2,2,1,1,1116,4,430
강원도,동해시,,북삼동제2투,1353,983,682,289,0,1,2,4,978,5,370
강원도,동해시,,북삼동제3투,1914,1207,791,410,1,0,2,2,1206,1,707
강원도,동해시,,북삼동제4투,2447,1898,1128,760,0,0,0,3,1891,7,549
강원도,동해시,,북삼동제5투,3205,2549,1415,1125,0,0,0,3,2543,6,656
강원도,동해시,,북삼동제6투,3711,2866,1435,1411,2,2,7,6,2863,3,845
강원도,동해시,부곡동,소계,5482,3834,2657,1154,2,1,1,7,3822,12,1648
강원도,동해시,,부곡동제1투,2187,1539,1037,492,0,1,0,3,1533,6,648
강원도,동해시,,부곡동제2투,1633,1128,779,342,0,0,1,2,1124,4,505
강원도,동해시,,부곡동제3투,1662,1167,841,320,2,0,0,2,1165,2,495
강원도,동해시,동호동,소계,4187,2877,2114,744,2,0,2,4,2866,11,1310
강원도,동해시,,동호동제1투,1851,1275,966,303,0,0,1,1,1271,4,576
강원도,동해시,,동호동제2투,2336,1602,1148,441,2,0,1,3,1595,7,734
강원도,동해시,발한동,소계,4113,2842,2161,666,0,1,3,2,2833,9,1271
강원도,동해시,,발한동제1투,1933,1309,983,321,0,1,0,1,1306,3,624
강원도,동해시,,발한동제2투,2180,1533,1178,345,0,0,3,1,1527,6,647
강원도,동해시,묵호동,소계,3783,2561,1910,632,0,0,1,4,2547,14,1222
강원도,동해시,,묵호동제1투,2867,1916,1406,497,0,0,1,2,1906,10,951
강원도,동해시,,묵호동제2투,916,645,504,135,0,0,0,2,641,4,271
강원도,동해시,북평동,소계,7865,5869,3868,1958,2,2,4,11,5845,24,1996
강원도,동해시,,북평동제1투,2350,1710,1190,505,1,1,1,2,1700,10,640
강원도,동해시,,북평동제2투,2374,1736,1182,538,0,1,1,4,1726,10,638
강원도,동해시,,북평동제3투,3141,2423,1496,915,1,0,2,5,2419,4,718
강원도,동해시,망상동,소계,3238,2290,1681,585,0,0,3,11,2280,10,948
강원도,동해시,,망상동제1투,1283,943,688,240,0,0,1,9,938,5,340
강원도,동해시,,망상동제2투,1955,1347,993,345,0,0,2,2,1342,5,608
강원도,동해시,삼화동,소계,3156,2329,1690,621,0,1,2,7,2321,8,827
강원도,동해시,,삼화동제1투,1897,1395,1046,340,0,1,2,3,1392,3,502
강원도,동해시,,삼화동제2투,1259,934,644,281,0,0,0,4,929,5,325
강원도,삼척시,소계,,60724,44452,28849,14874,32,72,80,216,44123,329,16272
강원도,삼척시,재외투표,,128,95,31,64,0,0,0,0,95,0,33
강원도,삼척시,국내부재자투표,,3396,2799,1250,1462,1,9,6,12,2740,59,597
강원도,삼척시,소계,,57200,41558,27568,13348,31,63,74,204,41288,270,15642
강원도,삼척시,도계읍,소계,10444,6768,5025,1680,3,2,6,29,6745,23,3676
강원도,삼척시,,도계읍제1투,593,393,287,100,0,0,1,1,389,4,200
강원도,삼척시,,도계읍제2투,1180,702,518,184,0,0,0,0,702,0,478
강원도,삼척시,,도계읍제3투,1423,1081,848,221,0,0,0,11,1080,1,342
강원도,삼척시,,도계읍제4투,2308,1658,1234,412,0,0,0,9,1655,3,650
강원도,삼척시,,도계읍제5투,724,538,401,122,1,0,2,7,533,5,186
강원도,삼척시,,도계읍제6투,2595,1397,1012,380,0,1,0,1,1394,3,1198
강원도,삼척시,,도계읍제7투,153,112,86,23,1,0,0,0,110,2,41
강원도,삼척시,,도계읍제8투,1468,887,639,238,1,1,3,0,882,5,581
강원도,삼척시,원덕읍,소계,4890,3628,2676,845,12,17,5,25,3580,48,1262
강원도,삼척시,,원덕읍제1투,1702,1277,994,250,3,10,1,5,1263,14,425
강원도,삼척시,,원덕읍제2투,690,511,353,139,1,1,2,8,504,7,179
강원도,삼척시,,원덕읍제3투,1704,1234,893,313,2,4,2,5,1219,15,470
강원도,삼척시,,원덕읍제4투,528,405,275,107,6,1,0,5,394,11,123
강원도,삼척시,,원덕읍제5투,266,201,161,36,0,1,0,2,200,1,65
강원도,삼척시,근덕면,소계,5074,3747,2574,1057,3,16,10,36,3696,51,1327
강원도,삼척시,,근덕면제1투,669,518,333,168,0,3,3,5,512,6,151
강원도,삼척시,,근덕면제2투,2036,1468,1055,377,1,3,1,15,1452,16,568
강원도,삼척시,,근덕면제3투,891,675,460,193,0,4,3,7,667,8,216
강원도,삼척시,,근덕면제4투,880,651,434,188,2,5,2,7,638,13,229
강원도,삼척시,,근덕면제5투,598,435,292,131,0,1,1,2,427,8,163
강원도,삼척시,하장면,소계,1321,967,654,296,0,1,4,7,962,5,354
강원도,삼척시,,하장면제1투,599,433,294,134,0,0,2,3,433,0,166
강원도,삼척시,,하장면제2투,314,240,171,66,0,0,1,0,238,2,74
강원도,삼척시,,하장면제3투,408,294,189,96,0,1,1,4,291,3,114
강원도,삼척시,노곡면,소계,720,559,357,167,1,6,5,13,549,10,161
강원도,삼척시,,노곡면제1투,447,351,212,117,1,4,5,8,347,4,96
강원도,삼척시,,노곡면제2투,273,208,145,50,0,2,0,5,202,6,65
강원도,삼척시,미로면,소계,1794,1406,988,377,0,0,3,22,1390,16,388
강원도,삼척시,,미로면제1투,1019,798,560,216,0,0,3,14,793,5,221
강원도,삼척시,,미로면제2투,452,354,249,95,0,0,0,5,349,5,98
강원도,삼척시,,미로면제3투,323,254,179,66,0,0,0,3,248,6,69
강원도,삼척시,가곡면,소계,657,496,359,121,2,1,1,7,491,5,161
강원도,삼척시,,가곡면제1투,356,263,196,56,2,1,0,5,260,3,93
강원도,삼척시,,가곡면제2투,301,233,163,65,0,0,1,2,231,2,68
강원도,삼척시,신기면,소계,701,523,376,136,0,0,1,8,521,2,178
강원도,삼척시,,신기면투표소,701,523,376,136,0,0,1,8,521,2,178
강원도,삼척시,남양동,소계,7903,5946,4086,1804,3,0,5,18,5916,30,1957
강원도,삼척시,,남양동제1투,1405,1033,676,347,0,0,2,0,1025,8,372
강원도,삼척시,,남양동제2투,1515,1114,766,340,0,0,1,3,1110,4,401
강원도,삼척시,,남양동제3투,2058,1594,1072,510,0,0,0,2,1584,10,464
강원도,삼척시,,남양동제4투,2028,1530,1037,480,0,0,2,4,1523,7,498
강원도,삼척시,,남양동제5투,897,675,535,127,3,0,0,9,674,1,222
강원도,삼척시,성내동,소계,6982,5244,3340,1840,2,5,14,17,5218,26,1738
강원도,삼척시,,성내동제1투,2053,1469,963,494,1,2,2,1,1463,6,584
강원도,삼척시,,성내동제2투,912,735,520,208,0,0,1,2,731,4,177
강원도,삼척시,,성내동제3투,2455,1870,1162,679,0,3,9,8,1861,9,585
강원도,삼척시,,성내동제4투,1562,1170,695,459,1,0,2,6,1163,7,392
강원도,삼척시,교동,소계,7929,5734,3213,2466,2,7,11,12,5711,23,2195
강원도,삼척시,,교동제1투,2778,1787,1018,752,1,0,4,5,1780,7,991
강원도,삼척시,,교동제2투,1221,872,552,300,1,2,2,4,861,11,349
강원도,삼척시,,교동제3투,3930,3075,1643,1414,0,5,5,3,3070,5,855
강원도,삼척시,정라동,소계,8785,6540,3920,2559,3,8,9,10,6509,31,2245
강원도,삼척시,,정라동제1투,1958,1373,1032,321,1,2,2,6,1364,9,585
강원도,삼척시,,정라동제2투,2912,2080,1290,776,0,3,3,2,2074,6,832
강원도,삼척시,,정라동제3투,2683,2129,1014,1101,0,2,2,1,2120,9,554
강원도,삼척시,,정라동제4투,1232,958,584,361,2,1,2,1,951,7,274
강원도,삼척시,잘못 투입·구분된 투표지,,0,0,0,0,0,0,0,0,0,0,0
강원도,태백시,소계,,40408,28993,18850,9935,10,11,34,51,28891,102,11415
강원도,태백시,재외투표,,74,53,23,30,0,0,0,0,53,0,21
강원도,태백시,국내부재자투표,,1456,1235,563,642,1,1,1,2,1210,25,221
강원도,태백시,소계,,38878,27705,18264,9263,9,10,33,49,27628,77,11173
강원도,태백시,황지동,소계,5328,3788,2580,1194,1,1,3,2,3781,7,1540
강원도,태백시,,황지동제1투,2529,1773,1234,531,0,0,1,2,1768,5,756
강원도,태백시,,황지동제2투,1776,1265,842,419,1,0,2,0,1264,1,511
강원도,태백시,,황지동제3투,1023,750,504,244,0,1,0,0,749,1,273
강원도,태백시,황연동,소계,4576,3146,2245,881,1,0,6,4,3137,9,1430
강원도,태백시,,황연동제1투,1868,1265,873,387,0,0,4,1,1265,0,603
강원도,태백시,,황연동제2투,1083,776,555,213,0,0,0,2,770,6,307
강원도,태백시,,황연동제3투,1625,1105,817,281,1,0,2,1,1102,3,520
강원도,태백시,삼수동,소계,5665,3861,2493,1337,0,2,8,9,3849,12,1804
강원도,태백시,,삼수동제1투,2905,1852,1167,676,0,2,2,3,1850,2,1053
강원도,태백시,,삼수동제2투,2247,1637,1096,531,0,0,3,2,1632,5,610
강원도,태백시,,삼수동제3투,513,372,230,130,0,0,3,4,367,5,141
강원도,태백시,상장동,소계,11246,8076,4745,3296,1,2,7,8,8059,17,3170
강원도,태백시,,상장동제1투,1732,1178,840,330,0,0,2,1,1173,5,554
강원도,태백시,,상장동제2투,3378,2606,1435,1165,0,0,0,2,2602,4,772
강원도,태백시,,상장동제3투,1662,1235,707,520,0,1,2,2,1232,3,427
강원도,태백시,,상장동제4투,1372,980,643,336,0,0,0,1,980,0,392
강원도,태백시,,상장동제5투,3102,2077,1120,945,1,1,3,2,2072,5,1025
강원도,태백시,문곡소도동,소계,3202,2331,1581,734,1,0,3,6,2325,6,871
강원도,태백시,,문곡소도동제1투,856,543,389,148,1,0,1,2,541,2,313
강원도,태백시,,문곡소도동제2투,819,638,447,186,0,0,1,2,636,2,181
강원도,태백시,,문곡소도동제3투,1527,1150,745,400,0,0,1,2,1148,2,377
강원도,태백시,장성동,소계,3267,2400,1649,732,3,2,1,7,2394,6,867
강원도,태백시,,장성동제1투,1200,841,620,212,0,1,0,5,838,3,359
강원도,태백시,,장성동제2투,909,677,435,237,0,0,1,1,674,3,232
강원도,태백시,,장성동제3투,1158,882,594,283,3,1,0,1,882,0,276
강원도,태백시,구문소동,소계,2931,2174,1590,566,0,1,2,4,2163,11,757
강원도,태백시,,구문소동제1투,1908,1412,988,415,0,1,1,1,1406,6,496
강원도,태백시,,구문소동제2투,1023,762,602,151,0,0,1,3,757,5,261
강원도,태백시,철암동,소계,2663,1929,1381,523,2,2,3,9,1920,9,734
강원도,태백시,,철암동제1투,1453,1026,728,285,1,1,2,5,1022,4,427
강원도,태백시,,철암동제2투,1210,903,653,238,1,1,1,4,898,5,307
강원도,정선군,소계,,33781,24116,15188,8610,11,6,45,126,23986,130,9665
강원도,정선군,재외투표,,64,50,20,29,1,0,0,0,50,0,14
강원도,정선군,국내부재자투표,,1190,1018,425,584,1,1,0,2,1013,5,172
강원도,정선군,소계,,32527,23048,14743,7997,9,5,45,124,22923,125,9479
강원도,정선군,정선읍,소계,8661,6302,3758,2463,1,3,15,28,6268,34,2359
강원도,정선군,,정선읍제1투,2350,1694,1038,642,0,0,4,4,1688,6,656
강원도,정선군,,정선읍제2투,1857,1325,829,480,1,1,1,4,1316,9,532
강원도,정선군,,정선읍제3투,1912,1451,747,692,0,1,4,5,1449,2,461
강원도,정선군,,정선읍제4투,1193,877,527,328,0,1,6,3,865,12,316
강원도,정선군,,정선읍제5투,741,524,354,163,0,0,0,5,522,2,217
강원도,정선군,,정선읍제6투,285,211,143,64,0,0,0,4,211,0,74
강원도,정선군,,정선읍제7투,323,220,120,94,0,0,0,3,217,3,103
강원도,정선군,고한읍,소계,4558,2790,1679,1091,3,0,4,5,2782,8,1768
강원도,정선군,,고한읍제1투,1861,976,530,437,0,0,2,5,974,2,885
강원도,정선군,,고한읍제2투,1849,1222,745,468,2,0,2,0,1217,5,627
강원도,정선군,,고한읍제3투,848,592,404,186,1,0,0,0,591,1,256
강원도,정선군,사북읍,소계,4315,2995,2059,919,0,1,3,8,2990,5,1320
강원도,정선군,,사북읍제1투,2744,1889,1248,628,0,1,1,7,1885,4,855
강원도,정선군,,사북읍제2투,1571,1106,811,291,0,0,2,1,1105,1,465
강원도,정선군,신동읍,소계,3345,2431,1662,734,1,0,7,18,2422,9,914
강원도,정선군,,신동읍제1투,1169,871,593,264,1,0,4,5,867,4,298
강원도,정선군,,신동읍제2투,1273,881,596,276,0,0,3,5,880,1,392
강원도,정선군,,신동읍제3투,457,359,275,76,0,0,0,6,357,2,98
강원도,정선군,,신동읍제4투,446,320,198,118,0,0,0,2,318,2,126
강원도,정선군,화암면,소계,1467,1027,664,347,0,0,2,7,1020,7,440
강원도,정선군,,화암면제1투,1199,852,540,301,0,0,2,6,849,3,347
강원도,정선군,,화암면제2투,268,175,124,46,0,0,0,1,171,4,93
강원도,정선군,남면,소계,2878,2057,1326,699,0,0,4,13,2042,15,821
강원도,정선군,,남면제1투,713,509,291,209,0,0,3,1,504,5,204
강원도,정선군,,남면제2투,1759,1249,843,390,0,0,0,8,1241,8,510
강원도,정선군,,남면제3투,406,299,192,100,0,0,1,4,297,2,107
강원도,정선군,여량면,소계,1886,1413,967,419,2,0,0,14,1402,11,473
강원도,정선군,,여량면제1투,1615,1219,827,367,2,0,0,13,1209,10,396
강원도,정선군,,여량면제2투,271,194,140,52,0,0,0,1,193,1,77
강원도,정선군,북평면,소계,2261,1642,1065,550,0,0,5,12,1632,10,619
강원도,정선군,,북평면제1투,1637,1193,780,392,0,0,4,9,1185,8,444
강원도,정선군,,북평면제2투,624,449,285,158,0,0,1,3,447,2,175
강원도,정선군,임계면,소계,3156,2391,1563,775,2,1,5,19,2365,26,765
강원도,정선군,,임계면제1투,1253,949,603,325,1,1,1,8,939,10,304
강원도,정선군,,임계면제2투,362,281,179,94,1,0,1,2,277,4,81
강원도,정선군,,임계면제3투,819,605,384,207,0,0,2,3,596,9,214
강원도,정선군,,임계면제4투,374,295,219,70,0,0,1,3,293,2,79
강원도,정선군,,임계면제5투,348,261,178,79,0,0,0,3,260,1,87
강원도,속초시,소계,,66297,47634,29651,17671,16,19,66,61,47484,150,18663
강원도,속초시,재외투표,,169,118,39,76,0,1,0,0,116,2,51
강원도,속초시,국내부재자투표,,2340,2077,1055,968,5,1,3,8,2040,37,263
강원도,속초시,소계,,63788,45439,28557,16627,11,17,63,53,45328,111,18349
강원도,속초시,영랑동,소계,4524,3157,2179,966,0,0,3,2,3150,7,1367
강원도,속초시,,영랑동제1투,1475,1026,704,316,0,0,2,1,1023,3,449
강원도,속초시,,영랑동제2투,3049,2131,1475,650,0,0,1,1,2127,4,918
강원도,속초시,동명동,소계,3327,2358,1636,711,0,1,2,3,2353,5,969
강원도,속초시,,동명동제1투,1995,1427,959,462,0,0,1,1,1423,4,568
강원도,속초시,,동명동제2투,1332,931,677,249,0,1,1,2,930,1,401
강원도,속초시,금호동,소계,6084,4285,2841,1426,1,2,4,5,4279,6,1799
강원도,속초시,,금호동제1투,1683,1103,824,274,0,0,0,2,1100,3,580
강원도,속초시,,금호동제2투,1188,813,564,247,0,0,0,1,812,1,375
강원도,속초시,,금호동제3투,1511,1074,704,363,1,0,3,1,1072,2,437
강원도,속초시,,금호동제4투,1702,1295,749,542,0,2,1,1,1295,0,407
강원도,속초시,교동,소계,9019,6382,4018,2315,4,4,10,13,6364,18,2637
강원도,속초시,,교동제1투,1718,1111,796,305,0,0,0,4,1105,6,607
강원도,속초시,,교동제2투,3087,2284,1251,1019,1,1,4,4,2280,4,803
강원도,속초시,,교동제3투,2182,1566,973,580,1,2,4,2,1562,4,616
강원도,속초시,,교동제4투,2032,1421,998,411,2,1,2,3,1417,4,611
강원도,속초시,노학동,소계,16973,12108,7273,4759,2,3,25,9,12071,37,4865
강원도,속초시,,노학동제1투,2646,1855,1118,726,0,0,6,1,1851,4,791
강원도,속초시,,노학동제2투,3092,2237,1404,817,0,1,4,3,2229,8,855
강원도,속초시,,노학동제3투,3774,2597,1477,1111,1,1,1,1,2592,5,1177
강원도,속초시,,노학동제4투,2027,1439,886,539,0,0,4,0,1429,10,588
강원도,속초시,,노학동제5투,2130,1423,948,466,1,0,3,2,1420,3,707
강원도,속초시,,노학동제6투,3304,2557,1440,1100,0,1,7,2,2550,7,747
강원도,속초시,조양동,소계,17217,12448,7226,5163,1,4,14,16,12424,24,4769
강원도,속초시,,조양동제1투,1321,920,613,304,0,0,0,1,918,2,401
강원도,속초시,,조양동제2투,2695,1902,1120,774,0,0,1,5,1900,2,793
강원도,속초시,,조양동제3투,4337,3022,1713,1296,1,1,2,4,3017,5,1315
강원도,속초시,,조양동제4투,2632,1941,1077,853,0,0,3,2,1935,6,691
강원도,속초시,,조양동제5투,3145,2379,1376,991,0,3,5,0,2375,4,766
강원도,속초시,,조양동제6투,3087,2284,1327,945,0,0,3,4,2279,5,803
강원도,속초시,청호동,소계,3607,2449,1781,650,3,2,2,4,2442,7,1158
강원도,속초시,,청호동제1투,2447,1667,1245,409,3,1,0,4,1662,5,780
강원도,속초시,,청호동제2투,1160,782,536,241,0,1,2,0,780,2,378
강원도,속초시,대포동,소계,3037,2252,1603,637,0,1,3,1,2245,7,785
강원도,속초시,,대포동제1투,1320,988,697,287,0,0,1,1,986,2,332
강원도,속초시,,대포동제2투,1717,1264,906,350,0,1,2,0,1259,5,453
강원도,고성군,소계,,25669,19177,12689,6285,11,9,44,49,19087,90,6492
강원도,고성군,재외투표,,55,43,17,25,0,0,0,0,42,1,12
강원도,고성군,국내부재자투표,,1507,1403,771,598,4,2,5,2,1382,21,104
강원도,고성군,소계,,24107,17731,11901,5662,7,7,39,47,17663,68,6376
강원도,고성군,간성읍,소계,5439,4126,2624,1456,1,4,15,7,4107,19,1313
강원도,고성군,,간성읍제1투,1307,963,607,347,0,2,3,1,960,3,344
강원도,고성군,,간성읍제2투,2571,1992,1210,759,1,2,9,1,1982,10,579
강원도,고성군,,간성읍제3투,1056,793,543,236,0,0,3,5,787,6,263
강원도,고성군,,간성읍제4투,269,214,149,65,0,0,0,0,214,0,55
강원도,고성군,,간성읍제5투,236,164,115,49,0,0,0,0,164,0,72
강원도,고성군,거진읍,소계,6203,4520,3033,1446,1,0,9,13,4502,18,1683
강원도,고성군,,거진읍제1투,1526,1143,783,345,0,0,4,4,1136,7,383
강원도,고성군,,거진읍제2투,1323,965,711,247,0,0,2,2,962,3,358
강원도,고성군,,거진읍제3투,917,605,394,210,0,0,0,0,604,1,312
강원도,고성군,,거진읍제4투,345,272,172,96,0,0,3,1,272,0,73
강원도,고성군,,거진읍제5투,642,461,295,160,1,0,0,3,459,2,181
강원도,고성군,,거진읍제6투,1450,1074,678,388,0,0,0,3,1069,5,376
강원도,고성군,현내면,소계,2428,1880,1302,550,1,0,6,12,1871,9,548
강원도,고성군,,현내면제1투,814,615,403,199,0,0,3,5,610,5,199
강원도,고성군,,현내면제2투,856,657,471,178,1,0,2,3,655,2,199
강원도,고성군,,현내면제3투,406,329,215,110,0,0,0,3,328,1,77
강원도,고성군,,현내면제4투,352,279,213,63,0,0,1,1,278,1,73
강원도,고성군,죽왕면,소계,3397,2598,1817,754,2,2,4,8,2587,11,799
강원도,고성군,,죽왕면제1투,1055,806,564,233,0,2,1,3,803,3,249
강원도,고성군,,죽왕면제2투,633,478,348,125,0,0,1,4,478,0,155
강원도,고성군,,죽왕면제3투,1212,950,658,283,2,0,2,0,945,5,262
강원도,고성군,,죽왕면제4투,497,364,247,113,0,0,0,1,361,3,133
강원도,고성군,토성면,소계,6640,4607,3125,1456,2,1,5,7,4596,11,2033
강원도,고성군,,토성면제1투,2719,1701,1144,549,0,0,1,2,1696,5,1018
강원도,고성군,,토성면제2투,1296,965,712,248,1,0,0,2,963,2,331
강원도,고성군,,토성면제3투,1239,952,633,312,0,1,2,2,950,2,287
강원도,고성군,,토성면제4투,1386,989,636,347,1,0,2,1,987,2,397
강원도,양양군,소계,,23584,18055,12007,5869,9,7,19,45,17956,99,5529
강원도,양양군,재외투표,,83,60,29,31,0,0,0,0,60,0,23
강원도,양양군,국내부재자투표,,941,857,442,391,0,2,1,1,837,20,84
강원도,양양군,소계,,22560,17138,11536,5447,9,5,18,44,17059,79,5422
강원도,양양군,양양읍,소계,8951,6808,4505,2279,3,0,5,4,6796,12,2143
강원도,양양군,,양양읍제1투,3405,2562,1622,929,2,0,2,2,2557,5,843
강원도,양양군,,양양읍제2투,2471,1862,1227,628,0,0,3,1,1859,3,609
강원도,양양군,,양양읍제3투,1486,1151,838,309,1,0,0,1,1149,2,335
강원도,양양군,,양양읍제4투,835,651,431,219,0,0,0,0,650,1,184
강원도,양양군,,양양읍제5투,754,582,387,194,0,0,0,0,581,1,172
강원도,양양군,서면,소계,2715,2085,1454,598,4,3,1,7,2067,18,630
강원도,양양군,,서면제1투,1238,939,676,240,2,1,1,6,926,13,299
강원도,양양군,,서면제2투,613,478,322,150,1,1,0,0,474,4,135
강원도,양양군,,서면제3투,468,353,234,115,1,1,0,1,352,1,115
강원도,양양군,,서면제4투,396,315,222,93,0,0,0,0,315,0,81
강원도,양양군,손양면,소계,2067,1608,1038,556,0,1,1,4,1600,8,459
강원도,양양군,,손양면제1투,1216,949,597,343,0,0,1,3,944,5,267
강원도,양양군,,손양면제2투,851,659,441,213,0,1,0,1,656,3,192
강원도,양양군,현북면,소계,2445,1822,1225,571,1,0,3,8,1808,14,623
강원도,양양군,,현북면제1투,1216,881,617,256,0,0,3,2,878,3,335
강원도,양양군,,현북면제2투,448,359,230,118,1,0,0,3,352,7,89
강원도,양양군,,현북면제3투,447,329,211,113,0,0,0,2,326,3,118
강원도,양양군,,현북면제4투,334,253,167,84,0,0,0,1,252,1,81
강원도,양양군,현남면,소계,2811,2130,1511,580,0,0,5,18,2114,16,681
강원도,양양군,,현남면제1투,1093,823,596,214,0,0,1,5,816,7,270
강원도,양양군,,현남면제2투,1083,825,577,230,0,0,2,9,818,7,258
강원도,양양군,,현남면제3투,635,482,338,136,0,0,2,4,480,2,153
강원도,양양군,강현면,소계,3571,2685,1803,863,1,1,3,3,2674,11,886
강원도,양양군,,강현면제1투,1488,1117,786,323,1,0,2,2,1114,3,371
강원도,양양군,,강현면제2투,781,609,384,222,0,1,1,0,608,1,172
강원도,양양군,,강현면제3투,379,252,156,92,0,0,0,0,248,4,127
강원도,양양군,,강현면제4투,923,707,477,226,0,0,0,1,704,3,216
강원도,인제군,소계,,26234,19762,12156,7320,11,11,38,93,19629,133,6472
강원도,인제군,재외투표,,49,31,7,24,0,0,0,0,31,0,18
강원도,인제군,국내부재자투표,,1342,1222,666,519,0,5,3,9,1202,20,120
강원도,인제군,소계,,24843,18509,11483,6777,11,6,35,84,18396,113,6334
강원도,인제군,인제읍,소계,7280,5462,3293,2118,2,1,9,24,5447,15,1818
강원도,인제군,,인제읍제1투,1456,1073,610,456,0,1,3,1,1071,2,383
강원도,인제군,,인제읍제2투,2335,1798,1017,766,0,0,5,5,1793,5,537
강원도,인제군,,인제읍제3투,2360,1794,1125,648,2,0,1,13,1789,5,566
강원도,인제군,,인제읍제4투,640,443,321,118,0,0,0,2,441,2,197
강원도,인제군,,인제읍제5투,489,354,220,130,0,0,0,3,353,1,135
강원도,인제군,남면,소계,3056,2246,1398,809,1,0,10,14,2232,14,810
강원도,인제군,,남면제1투,2191,1590,990,575,0,0,7,9,1581,9,601
강원도,인제군,,남면제2투,865,656,408,234,1,0,3,5,651,5,209
강원도,인제군,북면,소계,6672,4880,2959,1869,5,2,7,15,4857,23,1792
강원도,인제군,,북면제1투,1834,1310,786,510,1,1,2,7,1307,3,524
강원도,인제군,,북면제2투,2414,1751,1057,675,0,0,2,4,1738,13,663
강원도,인제군,,북면제3투,799,614,374,232,3,1,2,1,613,1,185
강원도,인제군,,북면제4투,529,394,273,116,0,0,1,1,391,3,135
강원도,인제군,,북면제5투,1096,811,469,336,1,0,0,2,808,3,285
강원도,인제군,기린면,소계,4044,3057,2023,952,2,2,6,20,3005,52,987
강원도,인제군,,기린면제1투,1163,862,577,279,0,0,1,3,860,2,301
강원도,인제군,,기린면제2투,421,310,216,88,0,1,0,4,309,1,111
강원도,인제군,,기린면제3투,358,256,179,74,0,0,0,1,254,2,102
강원도,인제군,,기린면제4투,280,212,139,71,0,0,1,0,211,1,68
강원도,인제군,,기린면제5투,488,370,215,96,2,1,4,7,325,45,118
강원도,인제군,,기린면제6투,1334,1047,697,344,0,0,0,5,1046,1,287
강원도,인제군,서화면,소계,2421,1826,1146,666,1,0,2,6,1821,5,595
강원도,인제군,,서화면제1투,1545,1156,759,389,0,0,0,4,1152,4,389
강원도,인제군,,서화면제2투,573,440,247,190,0,0,1,1,439,1,133
강원도,인제군,,서화면제3투,303,230,140,87,1,0,1,1,230,0,73
강원도,인제군,상남면,소계,1370,1038,664,363,0,1,1,5,1034,4,332
강원도,인제군,,상남면제1투,853,648,405,236,0,0,0,3,644,4,205
강원도,인제군,,상남면제2투,517,390,259,127,0,1,1,2,390,0,127
강원도,홍천군,소계,,57463,42406,26715,15201,18,20,75,141,42170,236,15057
강원도,홍천군,재외투표,,171,125,51,73,0,0,1,0,125,0,46
강원도,홍천군,국내부재자투표,,2272,2084,1080,946,2,3,2,5,2038,46,188
강원도,홍천군,소계,,55020,40197,25584,14182,16,17,72,136,40007,190,14823
강원도,홍천군,홍천읍,소계,26171,19161,11681,7342,7,4,25,41,19100,61,7010
강원도,홍천군,,홍천읍제1투,1427,1041,648,383,0,0,2,5,1038,3,386
강원도,홍천군,,홍천읍제2투,1178,884,628,249,1,0,1,3,882,2,294
강원도,홍천군,,홍천읍제3투,2281,1532,959,565,1,0,2,1,1528,4,749
강원도,홍천군,,홍천읍제4투,2301,1667,1038,617,0,0,3,4,1662,5,634
강원도,홍천군,,홍천읍제5투,1951,1348,907,427,2,1,2,6,1345,3,603
강원도,홍천군,,홍천읍제6투,655,471,324,140,1,0,0,4,469,2,184
강원도,홍천군,,홍천읍제7투,3985,2956,1632,1310,0,0,1,6,2949,7,1029
강원도,홍천군,,홍천읍제8투,3062,2170,1354,805,0,0,3,2,2164,6,892
강원도,홍천군,,홍천읍제9투,3746,2787,1547,1224,0,2,3,2,2778,9,959
강원도,홍천군,,홍천읍제10투,1996,1471,907,551,0,1,2,3,1464,7,525
강원도,홍천군,,홍천읍제11투,1343,1021,658,354,1,0,1,2,1016,5,322
강원도,홍천군,,홍천읍제12투,2246,1813,1079,717,1,0,5,3,1805,8,433
강원도,홍천군,화촌면,소계,4024,2888,1870,972,0,1,9,17,2869,19,1136
강원도,홍천군,,화촌면제1투,1158,827,526,284,0,0,2,8,820,7,331
강원도,홍천군,,화촌면제2투,923,656,408,237,0,0,1,5,651,5,267
강원도,홍천군,,화촌면제3투,649,476,313,158,0,1,0,1,473,3,173
강원도,홍천군,,화촌면제4투,556,405,290,109,0,0,1,1,401,4,151
강원도,홍천군,,화촌면제5투,738,524,333,184,0,0,5,2,524,0,214
강원도,홍천군,두촌면,소계,2127,1597,1117,455,0,0,2,13,1587,10,530
강원도,홍천군,,두촌면제1투,1546,1162,818,324,0,0,1,11,1154,8,384
강원도,홍천군,,두촌면제2투,581,435,299,131,0,0,1,2,433,2,146
강원도,홍천군,내촌면,소계,2119,1566,1036,493,4,4,4,6,1547,19,553
강원도,홍천군,,내촌면제1투,984,723,501,211,2,0,0,4,718,5,261
강원도,홍천군,,내촌면제2투,612,462,294,160,1,2,2,1,460,2,150
강원도,홍천군,,내촌면제3투,523,381,241,122,1,2,2,1,369,12,142
강원도,홍천군,서석면,소계,3323,2462,1599,823,1,2,5,10,2440,22,861
강원도,홍천군,,서석면제1투,1442,1110,751,345,1,1,0,4,1102,8,332
강원도,홍천군,,서석면제2투,926,670,396,264,0,0,3,3,666,4,256
강원도,홍천군,,서석면제3투,467,338,201,129,0,0,1,2,333,5,129
강원도,홍천군,,서석면제4투,488,344,251,85,0,1,1,1,339,5,144
강원도,홍천군,동면,소계,3230,2514,1525,949,0,2,10,11,2497,17,716
강원도,홍천군,,동면제1투,1661,1301,826,457,0,1,7,3,1294,7,360
강원도,홍천군,,동면제2투,543,417,251,153,0,1,2,4,411,6,126
강원도,홍천군,,동면제3투,658,503,267,234,0,0,0,1,502,1,155
강원도,홍천군,,동면제4투,368,293,181,105,0,0,1,3,290,3,75
강원도,홍천군,남면,소계,4571,3268,2161,1073,1,0,5,15,3255,13,1303
강원도,홍천군,,남면제1투,1515,1049,722,318,1,0,0,6,1047,2,466
강원도,홍천군,,남면제2투,1175,844,560,275,0,0,2,2,839,5,331
강원도,홍천군,,남면제3투,830,587,359,220,0,0,2,4,585,2,243
강원도,홍천군,,남면제4투,1051,788,520,260,0,0,1,3,784,4,263
강원도,홍천군,서면,소계,3238,2243,1602,616,1,0,6,7,2232,11,995
강원도,홍천군,,서면제1투,1145,799,578,211,0,0,3,1,793,6,346
강원도,홍천군,,서면제2투,541,344,231,108,0,0,1,3,343,1,197
강원도,홍천군,,서면제3투,748,521,379,137,0,0,2,2,520,1,227
강원도,홍천군,,서면제4투,804,579,414,160,1,0,0,1,576,3,225
강원도,홍천군,북방면,소계,3337,2460,1660,771,2,3,3,8,2447,13,877
강원도,홍천군,,북방면제1투,1959,1435,999,424,1,1,3,2,1430,5,524
강원도,홍천군,,북방면제2투,822,607,383,213,1,1,0,4,602,5,215
강원도,홍천군,,북방면제3투,556,418,278,134,0,1,0,2,415,3,138
강원도,홍천군,내면,소계,2880,2038,1333,688,0,1,3,8,2033,5,842
강원도,홍천군,,내면제1투,1574,1117,702,406,0,1,2,3,1114,3,457
강원도,홍천군,,내면제2투,724,493,336,154,0,0,0,1,491,2,231
강원도,홍천군,,내면제3투,582,428,295,128,0,0,1,4,428,0,154
강원도,횡성군,소계,,37340,27723,17876,9502,13,19,50,116,27576,147,9617
강원도,횡성군,재외투표,,96,70,27,42,0,0,0,1,70,0,26
강원도,횡성군,국내부재자투표,,1122,1029,495,496,1,2,3,5,1002,27,93
강원도,횡성군,소계,,36122,26624,17354,8964,12,17,47,110,26504,120,9498
강원도,횡성군,횡성읍,소계,15107,11259,7229,3936,3,5,14,34,11221,38,3848
강원도,횡성군,,횡성읍제1투,3720,2686,1787,876,0,0,3,11,2677,9,1034
강원도,횡성군,,횡성읍제2투,702,542,355,176,1,0,1,5,538,4,160
강원도,횡성군,,횡성읍제3투,585,418,300,114,0,0,1,2,417,1,167
강원도,횡성군,,횡성읍제4투,1142,869,609,254,0,0,2,2,867,2,273
강원도,횡성군,,횡성읍제5투,3807,2777,1770,987,1,2,3,4,2767,10,1030
강원도,횡성군,,횡성읍제6투,2420,1855,1110,731,1,2,2,4,1850,5,565
강원도,횡성군,,횡성읍제7투,2731,2112,1298,798,0,1,2,6,2105,7,619
강원도,횡성군,우천면,소계,3703,2735,1760,937,2,2,3,11,2715,20,968
강원도,횡성군,,우천면제1투,1432,1074,673,386,1,1,2,3,1066,8,358
강원도,횡성군,,우천면제2투,1249,917,639,262,0,0,1,6,908,9,332
강원도,횡성군,,우천면제3투,1022,744,448,289,1,1,0,2,741,3,278
강원도,횡성군,안흥면,소계,2197,1634,1109,513,0,1,2,7,1632,2,563
강원도,횡성군,,안흥면제1투,1809,1334,905,420,0,1,1,6,1333,1,475
강원도,횡성군,,안흥면제2투,388,300,204,93,0,0,1,1,299,1,88
강원도,횡성군,둔내면,소계,4606,3305,2147,1111,2,0,5,22,3287,18,1301
강원도,횡성군,,둔내면제1투,1740,1257,830,410,0,0,2,8,1250,7,483
강원도,횡성군,,둔내면제2투,484,342,228,109,0,0,0,3,340,2,142
강원도,횡성군,,둔내면제3투,1927,1355,848,490,1,0,2,8,1349,6,572
강원도,횡성군,,둔내면제4투,455,351,241,102,1,0,1,3,348,3,104
강원도,횡성군,갑천면,소계,1969,1424,1037,366,3,0,3,6,1415,9,545
강원도,횡성군,,갑천면제1투,1264,910,678,216,3,0,3,5,905,5,354
강원도,횡성군,,갑천면제2투,705,514,359,150,0,0,0,1,510,4,191
강원도,횡성군,청일면,소계,2073,1472,1010,442,1,1,5,5,1464,8,601
강원도,횡성군,,청일면제1투,610,455,307,143,0,0,2,1,453,2,155
강원도,횡성군,,청일면제2투,643,435,292,138,0,0,1,2,433,2,208
강원도,횡성군,,청일면제3투,820,582,411,161,1,1,2,2,578,4,238
강원도,횡성군,공근면,소계,3189,2353,1524,799,0,5,5,9,2342,11,836
강원도,횡성군,,공근면제1투,2139,1556,1015,525,0,3,1,4,1548,8,583
강원도,횡성군,,공근면제2투,1050,797,509,274,0,2,4,5,794,3,253
강원도,횡성군,서원면,소계,1926,1438,870,539,1,2,7,9,1428,10,488
강원도,횡성군,,서원면제1투,1217,900,564,317,0,1,3,7,892,8,317
강원도,횡성군,,서원면제2투,709,538,306,222,1,1,4,2,536,2,171
강원도,횡성군,강림면,소계,1352,1004,668,321,0,1,3,7,1000,4,348
강원도,횡성군,,강림면투표소,1352,1004,668,321,0,1,3,7,1000,4,348
강원도,영월군,소계,,33827,24853,15515,9021,12,16,55,110,24729,124,8974
강원도,영월군,재외투표,,75,53,20,32,0,0,1,0,53,0,22
강원도,영월군,국내부재자투표,,1382,1252,543,669,2,5,3,7,1229,23,130
강원도,영월군,소계,,32370,23548,14952,8320,10,11,51,103,23447,101,8822
강원도,영월군,영월읍,소계,16697,12052,7173,4787,6,3,15,30,12014,38,4645
강원도,영월군,,영월읍제1투,2277,1583,1014,561,1,0,0,3,1579,4,694
강원도,영월군,,영월읍제2투,2117,1520,918,590,1,1,4,2,1516,4,597
강원도,영월군,,영월읍제3투,3853,2765,1455,1291,2,2,3,9,2762,3,1088
강원도,영월군,,영월읍제4투,1949,1423,838,577,0,0,1,1,1417,6,526
강원도,영월군,,영월읍제5투,1666,1213,712,486,1,0,1,4,1204,9,453
강원도,영월군,,영월읍제6투,416,278,196,75,0,0,1,3,275,3,138
강원도,영월군,,영월읍제7투,379,262,169,88,0,0,2,2,261,1,117
강원도,영월군,,영월읍제8투,2318,1709,1036,663,1,0,1,2,1703,6,609
강원도,영월군,,영월읍제9투,1722,1299,835,456,0,0,2,4,1297,2,423
강원도,영월군,상동읍,소계,1136,845,612,223,1,1,2,4,843,2,291
강원도,영월군,,상동읍제1투,361,247,180,65,0,0,1,1,247,0,114
강원도,영월군,,상동읍제2투,381,306,233,67,1,1,0,2,304,2,75
강원도,영월군,,상동읍제3투,394,292,199,91,0,0,1,1,292,0,102
강원도,영월군,중동면,소계,1382,977,693,266,1,0,2,9,971,6,405
강원도,영월군,,중동면제1투,807,562,393,160,1,0,0,6,560,2,245
강원도,영월군,,중동면제2투,575,415,300,106,0,0,2,3,411,4,160
강원도,영월군,김삿갓면,소계,1504,1111,708,374,0,0,2,15,1099,12,393
강원도,영월군,,김삿갓면제1투,858,620,379,227,0,0,1,6,613,7,238
강원도,영월군,,김삿갓면제2투,646,491,329,147,0,0,1,9,486,5,155
강원도,영월군,북면,소계,1999,1443,989,433,0,1,0,13,1436,7,556
강원도,영월군,,북면제1투,841,598,423,168,0,0,0,5,596,2,243
강원도,영월군,,북면제2투,699,510,347,153,0,1,0,6,507,3,189
강원도,영월군,,북면제3투,459,335,219,112,0,0,0,2,333,2,124
강원도,영월군,남면,소계,1998,1474,922,523,0,2,11,8,1466,8,524
강원도,영월군,,남면제1투,1278,931,594,319,0,1,7,4,925,6,347
강원도,영월군,,남면제2투,480,362,221,134,0,0,3,3,361,1,118
강원도,영월군,,남면제3투,240,181,107,70,0,1,1,1,180,1,59
강원도,영월군,한반도면,소계,2760,2090,1450,615,1,0,8,5,2079,11,670
강원도,영월군,,한반도면제1투,936,706,463,235,0,0,2,2,702,4,230
강원도,영월군,,한반도면제2투,1824,1384,987,380,1,0,6,3,1377,7,440
강원도,영월군,주천면,소계,3348,2438,1640,760,1,4,7,13,2425,13,910
강원도,영월군,,주천면제1투,2166,1561,1069,470,0,3,3,7,1552,9,605
강원도,영월군,,주천면제2투,346,250,183,64,0,1,1,0,249,1,96
강원도,영월군,,주천면제3투,836,627,388,226,1,0,3,6,624,3,209
강원도,영월군,수주면,소계,1546,1118,765,339,0,0,4,6,1114,4,428
강원도,영월군,,수주면제1투,920,669,441,219,0,0,2,4,666,3,251
강원도,영월군,,수주면제2투,626,449,324,120,0,0,2,2,448,1,177
강원도,평창군,소계,,36478,26084,16406,9381,6,8,53,100,25954,130,10394
강원도,평창군,재외투표,,103,69,32,36,0,0,0,0,68,1,34
강원도,평창군,국내부재자투표,,1279,1168,528,611,2,1,3,3,1148,20,111
강원도,평창군,소계,,35096,24847,15846,8734,4,7,50,97,24738,109,10249
강원도,평창군,평창읍,소계,7000,5134,3084,1990,1,2,14,20,5111,23,1866
강원도,평창군,,평창읍제1투,1871,1373,831,530,0,2,0,4,1367,6,498
강원도,평창군,,평창읍제2투,2680,1993,1117,858,1,0,5,4,1985,8,687
강원도,평창군,,평창읍제3투,319,230,162,63,0,0,2,2,229,1,89
강원도,평창군,,평창읍제4투,522,406,247,152,0,0,2,3,404,2,116
강원도,평창군,,평창읍제5투,557,378,262,113,0,0,0,0,375,3,179
강원도,평창군,,평창읍제6투,580,415,269,140,0,0,2,3,414,1,165
강원도,평창군,,평창읍제7투,471,339,196,134,0,0,3,4,337,2,132
강원도,평창군,미탄면,소계,1537,1093,692,384,0,0,1,8,1085,8,444
강원도,평창군,,미탄면제1투,1347,970,616,339,0,0,1,7,963,7,377
강원도,평창군,,미탄면제2투,190,123,76,45,0,0,0,1,122,1,67
강원도,평창군,방림면,소계,2126,1538,998,525,0,2,4,8,1537,1,588
강원도,평창군,,방림면제1투,782,576,376,196,0,0,0,3,575,1,206
강원도,평창군,,방림면제2투,440,326,210,112,0,0,1,3,326,0,114
강원도,평창군,,방림면제3투,904,636,412,217,0,2,3,2,636,0,268
강원도,평창군,대화면,소계,4653,3310,2054,1203,0,0,8,25,3290,20,1343
강원도,평창군,,대화면제1투,2306,1667,1004,642,0,0,2,10,1658,9,639
강원도,평창군,,대화면제2투,822,543,339,197,0,0,0,5,541,2,279
강원도,평창군,,대화면제3투,1197,863,531,314,0,0,5,5,855,8,334
강원도,평창군,,대화면제4투,328,237,180,50,0,0,1,5,236,1,91
강원도,평창군,봉평면,소계,4497,3121,2003,1093,1,1,4,8,3110,11,1376
강원도,평창군,,봉평면제1투,2086,1561,1033,512,1,1,4,3,1554,7,525
강원도,평창군,,봉평면제2투,916,605,375,224,0,0,0,2,601,4,311
강원도,평창군,,봉평면제3투,1495,955,595,357,0,0,0,3,955,0,540
강원도,평창군,용평면,소계,2524,1804,1204,574,0,0,4,6,1788,16,720
강원도,평창군,,용평면제1투,579,408,257,145,0,0,2,1,405,3,171
강원도,평창군,,용평면제2투,654,470,315,146,0,0,0,2,463,7,184
강원도,평창군,,용평면제3투,1291,926,632,283,0,0,2,3,920,6,365
강원도,평창군,진부면,소계,7707,5464,3528,1895,1,2,8,13,5447,17,2243
강원도,평창군,,진부면제1투,1505,1068,686,378,0,0,1,2,1067,1,437
강원도,평창군,,진부면제2투,1942,1404,869,526,0,1,1,3,1400,4,538
강원도,평창군,,진부면제3투,2365,1663,1079,572,0,1,4,3,1659,4,702
강원도,평창군,,진부면제4투,488,343,244,95,0,0,1,2,342,1,145
강원도,평창군,,진부면제5투,574,399,276,118,1,0,0,1,396,3,175
강원도,평창군,,진부면제6투,474,341,208,129,0,0,1,1,339,2,133
강원도,평창군,,진부면제7투,359,246,166,77,0,0,0,1,244,2,113
강원도,평창군,대관령면,소계,5052,3383,2283,1070,1,0,7,9,3370,13,1669
강원도,평창군,,대관령면제1투,2196,1456,1028,417,1,0,3,4,1453,3,740
강원도,평창군,,대관령면제2투,2395,1602,1045,546,0,0,3,0,1594,8,793
강원도,평창군,,대관령면제3투,461,325,210,107,0,0,1,5,323,2,136
강원도,화천군,소계,,20345,15228,9838,5139,20,11,45,49,15102,126,5117
강원도,화천군,재외투표,,44,26,14,12,0,0,0,0,26,0,18
강원도,화천군,국내부재자투표,,1471,1357,740,555,6,4,8,7,1320,37,114
강원도,화천군,소계,,18830,13845,9084,4572,14,7,37,42,13756,89,4985
강원도,화천군,화천읍,소계,6333,4645,3073,1524,3,3,11,11,4625,20,1688
강원도,화천군,,화천읍제1투,2208,1636,1094,522,0,0,4,5,1625,11,572
강원도,화천군,,화천읍제2투,2551,1872,1202,650,1,3,7,3,1866,6,679
강원도,화천군,,화천읍제3투,680,498,372,119,1,0,0,3,495,3,182
강원도,화천군,,화천읍제4투,894,639,405,233,1,0,0,0,639,0,255
강원도,화천군,간동면,소계,2215,1668,1084,559,1,0,7,7,1658,10,547
강원도,화천군,,간동면제1투,814,604,392,200,0,0,5,4,601,3,210
강원도,화천군,,간동면제2투,658,495,328,163,0,0,0,1,492,3,163
강원도,화천군,,간동면제3투,556,427,261,159,1,0,2,1,424,3,129
강원도,화천군,,간동면제4투,187,142,103,37,0,0,0,1,141,1,45
강원도,화천군,하남면,소계,1945,1457,943,494,1,0,4,6,1448,9,488
강원도,화천군,,하남면제1투,935,696,448,238,0,0,2,5,693,3,239
강원도,화천군,,하남면제2투,704,524,308,207,1,0,1,1,518,6,180
강원도,화천군,,하남면제3투,306,237,187,49,0,0,1,0,237,0,69
강원도,화천군,상서면,소계,3340,2418,1594,795,2,0,4,10,2405,13,922
강원도,화천군,,상서면제1투,579,426,287,136,0,0,0,2,425,1,153
강원도,화천군,,상서면제2투,399,293,185,102,0,0,0,3,290,3,106
강원도,화천군,,상서면제3투,427,319,220,99,0,0,0,0,319,0,108
강원도,화천군,,상서면제4투,927,649,432,207,1,0,2,3,645,4,278
강원도,화천군,,상서면제5투,472,344,204,135,1,0,1,1,342,2,128
강원도,화천군,,상서면제6투,536,387,266,116,0,0,1,1,384,3,149
강원도,화천군,사내면,소계,4997,3657,2390,1200,7,4,11,8,3620,37,1340
강원도,화천군,,사내면제1투,2989,2176,1394,740,4,3,7,4,2152,24,813
강원도,화천군,,사내면제2투,707,521,329,187,1,0,2,0,519,2,186
강원도,화천군,,사내면제3투,575,446,325,113,1,0,1,2,442,4,129
강원도,화천군,,사내면제4투,726,514,342,160,1,1,1,2,507,7,212
강원도,양구군,소계,,18033,13665,8547,4957,3,13,33,41,13594,71,4368
강원도,양구군,재외투표,,36,23,9,14,0,0,0,0,23,0,13
강원도,양구군,국내부재자투표,,980,894,494,372,0,4,3,5,878,16,86
강원도,양구군,소계,,17017,12748,8044,4571,3,9,30,36,12693,55,4269
강원도,양구군,양구읍,소계,9483,6989,4412,2515,1,3,17,16,6964,25,2494
강원도,양구군,,양구읍제1투,580,425,289,133,0,0,0,1,423,2,155
강원도,양구군,,양구읍제2투,770,586,339,236,0,2,1,2,580,6,184
강원도,양구군,,양구읍제3투,1624,1244,788,450,1,0,2,1,1242,2,380
강원도,양구군,,양구읍제4투,1465,1077,671,399,0,0,4,2,1076,1,388
강원도,양구군,,양구읍제5투,1851,1310,846,449,0,1,4,4,1304,6,541
강원도,양구군,,양구읍제6투,2817,2051,1266,769,0,0,6,4,2045,6,766
강원도,양구군,,양구읍제7투,144,123,83,39,0,0,0,1,123,0,21
강원도,양구군,,양구읍제8투,232,173,130,40,0,0,0,1,171,2,59
강원도,양구군,남면,소계,3164,2414,1569,818,1,3,8,4,2403,11,750
강원도,양구군,,남면제1투,463,362,236,123,0,0,0,0,359,3,101
강원도,양구군,,남면제2투,1508,1120,719,390,0,2,5,2,1118,2,388
강원도,양구군,,남면제3투,794,617,412,195,1,1,1,2,612,5,177
강원도,양구군,,남면제4투,399,315,202,110,0,0,2,0,314,1,84
강원도,양구군,동면,소계,1902,1471,941,510,0,1,3,6,1461,10,431
강원도,양구군,,동면제1투,569,435,298,133,0,0,1,2,434,1,134
강원도,양구군,,동면제2투,942,727,464,249,0,1,2,4,720,7,215
강원도,양구군,,동면제3투,391,309,179,128,0,0,0,0,307,2,82
강원도,양구군,방산면,소계,1298,1014,672,331,0,1,0,6,1010,4,284
강원도,양구군,,방산면제1투,407,313,218,92,0,1,0,2,313,0,94
강원도,양구군,,방산면제2투,419,343,206,132,0,0,0,3,341,2,76
강원도,양구군,,방산면제3투,472,358,248,107,0,0,0,1,356,2,114
강원도,양구군,해안면,소계,1170,860,450,397,1,1,2,4,855,5,310
강원도,양구군,,해안면투표소,1170,860,450,397,1,1,2,4,855,5,310
강원도,철원군,소계,,38508,28063,18289,9536,10,15,53,57,27960,103,10445
강원도,철원군,재외투표,,102,67,33,34,0,0,0,0,67,0,35
강원도,철원군,국내부재자투표,,1765,1604,844,726,1,5,5,3,1584,20,161
강원도,철원군,소계,,36641,26392,17412,8776,9,10,48,54,26309,83,10249
강원도,철원군,철원읍,소계,4207,3073,1972,1083,1,2,1,3,3062,11,1134
강원도,철원군,,철원읍제1투,1034,738,482,253,0,0,1,1,737,1,296
강원도,철원군,,철원읍제2투,1269,953,603,341,1,1,0,1,947,6,316
강원도,철원군,,철원읍제3투,240,177,115,61,0,0,0,0,176,1,63
강원도,철원군,,철원읍제4투,508,368,201,165,0,0,0,1,367,1,140
강원도,철원군,,철원읍제5투,1156,837,571,263,0,1,0,0,835,2,319
강원도,철원군,김화읍,소계,2784,2145,1488,639,0,2,6,5,2140,5,639
강원도,철원군,,김화읍제1투,709,523,364,153,0,1,2,1,521,2,186
강원도,철원군,,김화읍제2투,223,182,117,64,0,0,0,0,181,1,41
강원도,철원군,,김화읍제3투,1489,1160,828,323,0,0,4,4,1159,1,329
강원도,철원군,,김화읍제4투,363,280,179,99,0,1,0,0,279,1,83
강원도,철원군,갈말읍,소계,10043,7158,4729,2366,2,2,13,21,7133,25,2885
강원도,철원군,,갈말읍제1투,1289,843,542,295,0,0,2,3,842,1,446
강원도,철원군,,갈말읍제2투,1209,915,578,328,0,2,2,1,911,4,294
강원도,철원군,,갈말읍제3투,1327,737,500,218,1,0,1,5,725,12,590
강원도,철원군,,갈말읍제4투,964,705,479,223,0,0,1,2,705,0,259
강원도,철원군,,갈말읍제5투,898,682,481,195,0,0,1,2,679,3,216
강원도,철원군,,갈말읍제6투,715,513,408,104,0,0,0,1,513,0,202
강원도,철원군,,갈말읍제7투,2196,1711,1036,668,0,0,3,2,1709,2,485
강원도,철원군,,갈말읍제8투,1266,906,580,317,1,0,1,4,903,3,360
강원도,철원군,,갈말읍제9투,179,146,125,18,0,0,2,1,146,0,33
강원도,철원군,동송읍,소계,12886,9056,5855,3132,5,3,18,15,9028,28,3830
강원도,철원군,,동송읍제1투,3230,2289,1452,817,2,0,3,6,2280,9,941
강원도,철원군,,동송읍제2투,1452,1030,676,347,1,0,3,0,1027,3,422
강원도,철원군,,동송읍제3투,1893,1339,820,506,2,1,3,2,1334,5,554
강원도,철원군,,동송읍제4투,1502,1065,689,374,0,1,1,0,1065,0,437
강원도,철원군,,동송읍제5투,496,350,222,127,0,0,0,0,349,1,146
강원도,철원군,,동송읍제6투,1042,771,509,257,0,0,1,2,769,2,271
강원도,철원군,,동송읍제7투,645,448,330,112,0,0,1,1,444,4,197
강원도,철원군,,동송읍제8투,1592,1016,661,351,0,1,2,0,1015,1,576
강원도,철원군,,동송읍제9투,692,485,319,158,0,0,3,3,483,2,207
강원도,철원군,,동송읍제10투,342,263,177,83,0,0,1,1,262,1,79
강원도,철원군,서면,소계,4848,3569,2439,1105,1,1,5,8,3559,10,1279
강원도,철원군,,서면제1투,1651,1267,876,381,0,0,1,5,1263,4,384
강원도,철원군,,서면제2투,1501,1081,710,361,0,1,3,3,1078,3,420
강원도,철원군,,서면제3투,1696,1221,853,363,1,0,1,0,1218,3,475
강원도,철원군,근남면,소계,1761,1303,870,422,0,0,5,2,1299,4,458
강원도,철원군,,근남면제1투,327,233,163,69,0,0,1,0,233,0,94
강원도,철원군,,근남면제2투,962,709,453,248,0,0,3,2,706,3,253
강원도,철원군,,근남면제3투,472,361,254,105,0,0,1,0,360,1,111
강원도,철원군,근북면,소계,112,88,59,29,0,0,0,0,88,0,24
강원도,철원군,,근북면투표소,112,88,59,29,0,0,0,0,88,0,24
충청북도,합계,,,1234832,925778,518442,398907,410,542,1511,2241,922053,3725,309054
충청북도,청주시상당구,소계,,185497,141798,76695,64194,49,71,173,168,141350,448,43699
충청북도,청주시상당구,재외투표,,581,406,165,238,0,0,1,1,405,1,175
충청북도,청주시상당구,국내부재자투표,,5361,4978,2338,2520,7,7,6,24,4902,76,383
충청북도,청주시상당구,소계,,179555,136414,74192,61436,42,64,166,143,136043,371,43141
충청북도,청주시상당구,중앙동,소계,5308,3876,2406,1454,0,2,4,3,3869,7,1432
충청북도,청주시상당구,,중앙동제1투,2261,1644,1006,634,0,0,1,1,1642,2,617
충청북도,청주시상당구,,중앙동제2투,3047,2232,1400,820,0,2,3,2,2227,5,815
충청북도,청주시상당구,성안동,소계,6306,4474,2921,1523,1,2,9,7,4463,11,1832
충청북도,청주시상당구,,성안동제1투,3203,2186,1404,769,1,0,5,3,2182,4,1017
충청북도,청주시상당구,,성안동제2투,3103,2288,1517,754,0,2,4,4,2281,7,815
충청북도,청주시상당구,우암동,소계,11406,8309,4969,3300,1,4,6,9,8289,20,3097
충청북도,청주시상당구,,우암동제1투,2763,1906,1143,754,1,0,2,3,1903,3,857
충청북도,청주시상당구,,우암동제2투,2511,1893,1092,792,0,1,0,3,1888,5,618
충청북도,청주시상당구,,우암동제3투,2731,2028,1261,757,0,3,2,1,2024,4,703
충청북도,청주시상당구,,우암동제4투,3401,2482,1473,997,0,0,2,2,2474,8,919
충청북도,청주시상당구,내덕제1동,소계,9103,6824,4178,2602,5,2,11,7,6805,19,2279
충청북도,청주시상당구,,내덕제1동제1투,3143,2256,1377,867,0,0,2,1,2247,9,887
충청북도,청주시상당구,,내덕제1동제2투,2992,2292,1412,859,4,2,3,6,2286,6,700
충청북도,청주시상당구,,내덕제1동제3투,2968,2276,1389,876,1,0,6,0,2272,4,692
충청북도,청주시상당구,내덕제2동,소계,10310,7611,4366,3203,0,3,8,8,7588,23,2699
충청북도,청주시상당구,,내덕제2동제1투,3414,2443,1456,975,0,1,1,2,2435,8,971
충청북도,청주시상당구,,내덕제2동제2투,3184,2289,1260,1010,0,2,6,2,2280,9,895
충청북도,청주시상당구,,내덕제2동제3투,3712,2879,1650,1218,0,0,1,4,2873,6,833
충청북도,청주시상당구,율량·사천동,소계,32090,24872,12842,11915,4,9,34,19,24823,49,7218
충청북도,청주시상당구,,율량·사천동제1투,3686,2804,1472,1316,1,1,2,4,2796,8,882
충청북도,청주시상당구,,율량·사천동제2투,3610,2722,1390,1320,1,0,4,1,2716,6,888
충청북도,청주시상당구,,율량·사천동제3투,3954,3103,1641,1453,0,2,2,1,3099,4,851
충청북도,청주시상당구,,율량·사천동제4투,4685,3715,1944,1757,1,0,6,2,3710,5,970
충청북도,청주시상당구,,율량·사천동제5투,4150,3070,1565,1488,0,1,6,3,3063,7,1080
충청북도,청주시상당구,,율량·사천동제6투,4626,3735,1800,1912,0,4,7,5,3728,7,891
충청북도,청주시상당구,,율량·사천동제7투,4302,3303,1682,1609,0,1,4,2,3298,5,999
충청북도,청주시상당구,,율량·사천동제8투,3077,2420,1348,1060,1,0,3,1,2413,7,657
충청북도,청주시상당구,탑·대성동,소계,9060,6803,4054,2709,2,3,12,6,6786,17,2257
충청북도,청주시상당구,,탑·대성동제1투,3202,2409,1526,873,0,0,2,3,2404,5,793
충청북도,청주시상당구,,탑·대성동제2투,3212,2496,1403,1079,2,0,6,2,2492,4,716
충청북도,청주시상당구,,탑·대성동제3투,2646,1898,1125,757,0,3,4,1,1890,8,748
충청북도,청주시상당구,영운동,소계,10015,7437,4267,3122,4,3,7,14,7417,20,2578
충청북도,청주시상당구,,영운동제1투,3433,2532,1549,964,3,2,3,3,2524,8,901
충청북도,청주시상당구,,영운동제2투,3518,2559,1363,1179,1,1,2,8,2554,5,959
충청북도,청주시상당구,,영운동제3투,3064,2346,1355,979,0,0,2,3,2339,7,718
충청북도,청주시상당구,금천동,소계,24590,19273,9950,9231,3,7,13,23,19227,46,5317
충청북도,청주시상당구,,금천동제1투,2877,2054,1311,732,1,1,2,2,2049,5,823
충청북도,청주시상당구,,금천동제2투,2655,1979,1072,891,2,1,2,5,1973,6,676
충청북도,청주시상당구,,금천동제3투,3400,2764,1522,1229,0,0,2,3,2756,8,636
충청북도,청주시상당구,,금천동제4투,2772,2099,1167,918,0,0,0,4,2089,10,673
충청북도,청주시상당구,,금천동제5투,3055,2417,1267,1139,0,3,2,1,2412,5,638
충청북도,청주시상당구,,금천동제6투,4028,3120,1441,1668,0,2,1,3,3115,5,908
충청북도,청주시상당구,,금천동제7투,2964,2431,1013,1409,0,0,2,5,2429,2,533
충청북도,청주시상당구,,금천동제8투,2839,2409,1157,1245,0,0,2,0,2404,5,430
충청북도,청주시상당구,용담·명암·산성동,소계,8510,6749,3630,3091,4,2,6,3,6736,13,1761
충청북도,청주시상당구,,용담·명암·산성동제1투,4012,3059,1743,1302,3,1,1,2,3052,7,953
충청북도,청주시상당구,,용담·명암·산성동제2투,4498,3690,1887,1789,1,1,5,1,3684,6,808
충청북도,청주시상당구,용암제1동,소계,30276,22793,11685,10976,5,13,34,18,22731,62,7483
충청북도,청주시상당구,,용암제1동제1투,4210,3181,1790,1380,1,2,4,0,3177,4,1029
충청북도,청주시상당구,,용암제1동제2투,5287,4146,2210,1910,0,3,10,3,4136,10,1141
충청북도,청주시상당구,,용암제1동제3투,4047,2973,1528,1425,2,5,3,2,2965,8,1074
충청북도,청주시상당구,,용암제1동제4투,3509,2584,1516,1040,2,1,4,1,2564,20,925
충청북도,청주시상당구,,용암제1동제5투,4117,3173,1400,1759,0,1,3,5,3168,5,944
충청북도,청주시상당구,,용암제1동제6투,5171,3514,1727,1769,0,0,5,4,3505,9,1657
충청북도,청주시상당구,,용암제1동제7투,3935,3222,1514,1693,0,1,5,3,3216,6,713
충청북도,청주시상당구,용암제2동,소계,19330,15003,7487,7381,12,14,18,18,14930,73,4327
충청북도,청주시상당구,,용암제2동제1투,3660,2618,1316,1287,1,3,3,3,2613,5,1042
충청북도,청주시상당구,,용암제2동제2투,4254,3478,1713,1744,2,0,5,4,3468,10,776
충청북도,청주시상당구,,용암제2동제3투,4022,3294,1594,1678,1,3,4,4,3284,10,728
충청북도,청주시상당구,,용암제2동제4투,3108,2269,1335,877,8,5,1,5,2231,38,839
충청북도,청주시상당구,,용암제2동제5투,4286,3344,1529,1795,0,3,5,2,3334,10,942
충청북도,청주시상당구,오근장동,소계,3251,2390,1437,929,1,0,4,8,2379,11,861
충청북도,청주시상당구,,오근장동투표소,3251,2390,1437,929,1,0,4,8,2379,11,861
충청북도,청주시흥덕구,소계,,322399,245334,124308,119523,90,129,348,297,244695,639,77065
충청북도,청주시흥덕구,재외투표,,1043,735,246,480,0,3,3,0,732,3,308
충청북도,청주시흥덕구,국내부재자투표,,8967,8345,3810,4356,14,11,21,32,8244,101,622
충청북도,청주시흥덕구,소계,,312389,236254,120252,114687,76,115,324,265,235719,535,76135
충청북도,청주시흥덕구,사직제1동,소계,8489,6285,3845,2391,2,7,7,10,6262,23,2204
충청북도,청주시흥덕구,,사직제1동제1투,2711,1869,1186,667,1,4,2,2,1862,7,842
충청북도,청주시흥덕구,,사직제1동제2투,2531,1884,1166,707,1,0,1,5,1880,4,647
충청북도,청주시흥덕구,,사직제1동제3투,3247,2532,1493,1017,0,3,4,3,2520,12,715
충청북도,청주시흥덕구,사직제2동,소계,12446,10038,5292,4685,3,8,14,10,10012,26,2408
충청북도,청주시흥덕구,,사직제2동제1투,1994,1448,885,555,0,0,1,2,1443,5,546
충청북도,청주시흥덕구,,사직제2동제2투,2782,2032,1146,866,1,1,4,5,2023,9,750
충청북도,청주시흥덕구,,사직제2동제3투,3756,3201,1639,1544,0,2,7,1,3193,8,555
충청북도,청주시흥덕구,,사직제2동제4투,3914,3357,1622,1720,2,5,2,2,3353,4,557
충청북도,청주시흥덕구,사창동,소계,13640,9795,5362,4386,2,7,10,10,9777,18,3845
충청북도,청주시흥덕구,,사창동제1투,3494,2291,1163,1117,0,2,5,1,2288,3,1203
충청북도,청주시흥덕구,,사창동제2투,3774,2981,1599,1375,0,1,3,1,2979,2,793
충청북도,청주시흥덕구,,사창동제3투,3939,2779,1617,1144,1,3,1,6,2772,7,1160
충청북도,청주시흥덕구,,사창동제4투,2433,1744,983,750,1,1,1,2,1738,6,689
충청북도,청주시흥덕구,모충동,소계,15849,11358,6410,4894,4,7,10,11,11336,22,4491
충청북도,청주시흥덕구,,모충동제1투,4447,3117,1720,1380,0,3,2,6,3111,6,1330
충청북도,청주시흥덕구,,모충동제2투,3114,2157,1240,908,1,1,1,2,2153,4,957
충청북도,청주시흥덕구,,모충동제3투,4622,3449,1876,1558,2,3,3,1,3443,6,1173
충청북도,청주시흥덕구,,모충동제4투,3666,2635,1574,1048,1,0,4,2,2629,6,1031
충청북도,청주시흥덕구,운천·신봉동,소계,16468,12378,6607,5656,5,7,20,21,12316,62,4090
충청북도,청주시흥덕구,,운천·신봉동제1투,2950,2093,1199,883,0,0,2,3,2087,6,857
충청북도,청주시흥덕구,,운천·신봉동제2투,3511,2647,1393,1241,1,2,4,1,2642,5,864
충청북도,청주시흥덕구,,운천·신봉동제3투,3905,2938,1514,1410,0,0,2,4,2930,8,967
충청북도,청주시흥덕구,,운천·신봉동제4투,2369,1741,981,748,0,0,5,0,1734,7,628
충청북도,청주시흥덕구,,운천·신봉동제5투,3733,2959,1520,1374,4,5,7,13,2923,36,774
충청북도,청주시흥덕구,산남동,소계,20442,16361,7592,8694,7,8,30,9,16340,21,4081
충청북도,청주시흥덕구,,산남동제1투,3529,2564,1296,1259,0,0,5,2,2562,2,965
충청북도,청주시흥덕구,,산남동제2투,3579,2899,1620,1260,1,4,3,1,2889,10,680
충청북도,청주시흥덕구,,산남동제3투,4457,3644,1488,2137,3,0,10,3,3641,3,813
충청북도,청주시흥덕구,,산남동제4투,4770,3818,1777,2027,2,2,3,2,3813,5,952
충청북도,청주시흥덕구,,산남동제5투,4107,3436,1411,2011,1,2,9,1,3435,1,671
충청북도,청주시흥덕구,분평동,소계,24868,20078,9518,10454,10,9,39,20,20050,28,4790
충청북도,청주시흥덕구,,분평동제1투,1050,794,475,311,1,0,2,4,793,1,256
충청북도,청주시흥덕구,,분평동제2투,4184,3266,1514,1741,0,1,8,2,3266,0,918
충청북도,청주시흥덕구,,분평동제3투,3936,3101,1378,1704,2,3,6,3,3096,5,835
충청북도,청주시흥덕구,,분평동제4투,3726,2989,1276,1683,2,3,13,4,2981,8,737
충청북도,청주시흥덕구,,분평동제5투,4051,3372,1745,1611,2,2,2,4,3366,6,679
충청북도,청주시흥덕구,,분평동제6투,3693,3041,1422,1608,0,0,4,2,3036,5,652
충청북도,청주시흥덕구,,분평동제7투,4228,3515,1708,1796,3,0,4,1,3512,3,713
충청북도,청주시흥덕구,수곡제1동,소계,13762,10241,5661,4522,1,3,15,14,10216,25,3521
충청북도,청주시흥덕구,,수곡제1동제1투,3326,2455,1291,1153,0,0,3,2,2449,6,871
충청북도,청주시흥덕구,,수곡제1동제2투,3569,2638,1371,1250,0,1,6,4,2632,6,931
충청북도,청주시흥덕구,,수곡제1동제3투,3651,2699,1570,1110,0,1,4,5,2690,9,952
충청북도,청주시흥덕구,,수곡제1동제4투,3216,2449,1429,1009,1,1,2,3,2445,4,767
충청북도,청주시흥덕구,수곡제2동,소계,13433,10200,5615,4513,2,7,18,18,10173,27,3233
충청북도,청주시흥덕구,,수곡제2동제1투,3507,2597,1392,1194,1,0,5,2,2594,3,910
충청북도,청주시흥덕구,,수곡제2동제2투,3716,2878,1538,1323,0,2,4,6,2873,5,838
충청북도,청주시흥덕구,,수곡제2동제3투,3409,2595,1432,1150,1,0,4,3,2590,5,814
충청북도,청주시흥덕구,,수곡제2동제4투,2801,2130,1253,846,0,5,5,7,2116,14,671
충청북도,청주시흥덕구,성화·개신·죽림동,소계,34987,27317,13176,13998,8,14,37,27,27260,57,7670
충청북도,청주시흥덕구,,성화·개신·죽림동제1투,4458,3261,1470,1775,2,2,1,5,3255,6,1197
충청북도,청주시흥덕구,,성화·개신·죽림동제2투,3990,3228,1788,1425,0,5,1,1,3220,8,762
충청북도,청주시흥덕구,,성화·개신·죽림동제3투,3620,2855,1589,1257,0,0,3,2,2851,4,765
충청북도,청주시흥덕구,,성화·개신·죽림동제4투,4278,3572,1603,1954,2,3,3,2,3567,5,706
충청북도,청주시흥덕구,,성화·개신·죽림동제5투,4054,3257,1483,1757,2,1,5,2,3250,7,797
충청북도,청주시흥덕구,,성화·개신·죽림동제6투,2406,1912,943,958,0,0,6,2,1909,3,494
충청북도,청주시흥덕구,,성화·개신·죽림동제7투,3615,2551,1249,1287,0,2,3,3,2544,7,1064
충청북도,청주시흥덕구,,성화·개신·죽림동제8투,3203,2618,1239,1367,1,1,5,2,2615,3,585
충청북도,청주시흥덕구,,성화·개신·죽림동제9투,3635,2566,1181,1362,0,0,6,5,2554,12,1069
충청북도,청주시흥덕구,,성화·개신·죽림동제10투,1728,1497,631,856,1,0,4,3,1495,2,231
충청북도,청주시흥덕구,복대제1동,소계,32439,24317,11166,13027,6,9,35,18,24261,56,8122
충청북도,청주시흥덕구,,복대제1동제1투,3662,2684,975,1699,0,0,3,1,2678,6,978
충청북도,청주시흥덕구,,복대제1동제2투,3252,2742,1259,1470,0,0,5,1,2735,7,510
충청북도,청주시흥덕구,,복대제1동제3투,3345,2544,1235,1291,1,0,3,6,2536,8,801
충청북도,청주시흥덕구,,복대제1동제4투,2008,1402,745,648,1,2,3,0,1399,3,606
충청북도,청주시흥덕구,,복대제1동제5투,2930,1925,1096,816,0,2,6,2,1922,3,1005
충청북도,청주시흥덕구,,복대제1동제6투,4051,2489,1136,1337,1,1,3,2,2480,9,1562
충청북도,청주시흥덕구,,복대제1동제7투,3467,2789,1087,1691,2,0,1,3,2784,5,678
충청북도,청주시흥덕구,,복대제1동제8투,4145,3247,1567,1658,0,1,9,2,3237,10,898
충청북도,청주시흥덕구,,복대제1동제9투,2370,1869,714,1149,1,0,0,1,1865,4,501
충청북도,청주시흥덕구,,복대제1동제10투,3209,2626,1352,1268,0,3,2,0,2625,1,583
충청북도,청주시흥덕구,복대제2동,소계,15697,11196,6237,4893,6,3,10,18,11167,29,4501
충청북도,청주시흥덕구,,복대제2동제1투,3667,2712,1510,1185,2,0,4,4,2705,7,955
충청북도,청주시흥덕구,,복대제2동제2투,2685,1906,1094,805,1,0,2,1,1903,3,779
충청북도,청주시흥덕구,,복대제2동제3투,3502,2412,1319,1082,1,2,0,2,2406,6,1090
충청북도,청주시흥덕구,,복대제2동제4투,2874,2066,1136,912,1,1,3,5,2058,8,808
충청북도,청주시흥덕구,,복대제2동제5투,2969,2100,1178,909,1,0,1,6,2095,5,869
충청북도,청주시흥덕구,가경동,소계,39307,30361,14984,15252,7,11,31,28,30313,48,8946
충청북도,청주시흥덕구,,가경동제1투,2331,1564,910,644,1,2,3,2,1562,2,767
충청북도,청주시흥덕구,,가경동제2투,3360,2684,1547,1124,2,0,3,3,2679,5,676
충청북도,청주시흥덕구,,가경동제3투,4107,3170,1633,1522,1,1,2,8,3167,3,937
충청북도,청주시흥덕구,,가경동제4투,3933,3168,1517,1637,0,0,4,3,3161,7,765
충청북도,청주시흥덕구,,가경동제5투,4432,3254,1607,1634,0,2,3,2,3248,6,1178
충청북도,청주시흥덕구,,가경동제6투,4161,3342,1579,1752,1,2,2,1,3337,5,819
충청북도,청주시흥덕구,,가경동제7투,3748,2800,1431,1360,1,0,2,3,2797,3,948
충청북도,청주시흥덕구,,가경동제8투,4673,3719,1635,2073,0,2,2,2,3714,5,954
충청북도,청주시흥덕구,,가경동제9투,4081,3140,1487,1636,1,2,6,3,3135,5,941
충청북도,청주시흥덕구,,가경동제10투,4481,3520,1638,1870,0,0,4,1,3513,7,961
충청북도,청주시흥덕구,봉명제1동,소계,9802,6571,3547,2981,2,4,8,9,6551,20,3231
충청북도,청주시흥덕구,,봉명제1동제1투,3218,2050,1093,946,0,0,0,5,2044,6,1168
충청북도,청주시흥덕구,,봉명제1동제2투,3515,2377,1325,1043,0,0,2,2,2372,5,1138
충청북도,청주시흥덕구,,봉명제1동제3투,3069,2144,1129,992,2,4,6,2,2135,9,925
충청북도,청주시흥덕구,봉명제2·송정동,소계,20699,14826,7315,7436,4,3,19,14,14791,35,5873
충청북도,청주시흥덕구,,봉명제2·송정동제1투,4287,3025,1703,1304,2,0,5,5,3019,6,1262
충청북도,청주시흥덕구,,봉명제2·송정동제2투,3811,2570,1367,1184,0,0,4,1,2556,14,1241
충청북도,청주시흥덕구,,봉명제2·송정동제3투,4455,3156,1601,1545,0,1,3,0,3150,6,1299
충청북도,청주시흥덕구,,봉명제2·송정동제4투,3292,2437,960,1465,0,1,2,6,2434,3,855
충청북도,청주시흥덕구,,봉명제2·송정동제5투,4854,3638,1684,1938,2,1,5,2,3632,6,1216
충청북도,청주시흥덕구,강서제1동,소계,16758,12530,6558,5889,6,6,16,20,12495,35,4228
충청북도,청주시흥덕구,,강서제1동제1투,3750,2692,1463,1212,0,2,2,4,2683,9,1058
충청북도,청주시흥덕구,,강서제1동제2투,1082,822,545,269,1,0,0,4,819,3,260
충청북도,청주시흥덕구,,강서제1동제3투,1420,1056,656,386,1,1,4,4,1052,4,364
충청북도,청주시흥덕구,,강서제1동제4투,3705,2872,1241,1619,0,1,4,3,2868,4,833
충청북도,청주시흥덕구,,강서제1동제5투,2165,1551,836,699,2,2,4,2,1545,6,614
충청북도,청주시흥덕구,,강서제1동제6투,4636,3537,1817,1704,2,0,2,3,3528,9,1099
충청북도,청주시흥덕구,강서제2동,소계,3303,2402,1367,1016,1,2,5,8,2399,3,901
충청북도,청주시흥덕구,,강서제2동제1투,2128,1546,786,751,1,1,2,3,1544,2,582
충청북도,청주시흥덕구,,강서제2동제2투,1175,856,581,265,0,1,3,5,855,1,319
충청북도,충주시,소계,,166618,122824,73561,48264,45,70,212,273,122425,399,43794
충청북도,충주시,재외투표,,480,331,123,202,1,0,3,1,330,1,149
충청북도,충주시,국내부재자투표,,4895,4501,2077,2320,5,10,7,17,4436,65,394
충청북도,충주시,소계,,161243,117992,71361,45742,39,60,202,255,117659,333,43251
충청북도,충주시,주덕읍,소계,5014,3524,2263,1225,2,3,5,14,3512,12,1490
충청북도,충주시,,주덕읍제1투,1695,1158,761,380,2,2,1,7,1153,5,537
충청북도,충주시,,주덕읍제2투,1834,1284,812,463,0,1,2,2,1280,4,550
충청북도,충주시,,주덕읍제3투,1485,1082,690,382,0,0,2,5,1079,3,403
충청북도,충주시,살미면,소계,1970,1430,888,514,0,0,7,8,1417,13,540
충청북도,충주시,,살미면투표소,1970,1430,888,514,0,0,7,8,1417,13,540
충청북도,충주시,수안보면,소계,2963,2172,1420,721,2,3,6,8,2160,12,791
충청북도,충주시,,수안보면제1투,2247,1650,1111,515,0,3,4,5,1638,12,597
충청북도,충주시,,수안보면제2투,716,522,309,206,2,0,2,3,522,0,194
충청북도,충주시,대소원면,소계,4338,3011,1987,981,4,1,6,14,2993,18,1327
충청북도,충주시,,대소원면제1투,1839,1280,878,382,3,0,3,8,1274,6,559
충청북도,충주시,,대소원면제2투,2008,1369,855,501,0,1,1,5,1363,6,639
충청북도,충주시,,대소원면제3투,491,362,254,98,1,0,2,1,356,6,129
충청북도,충주시,신니면,소계,3103,2335,1468,838,0,0,11,10,2327,8,768
충청북도,충주시,,신니면제1투,1739,1332,860,454,0,0,6,7,1327,5,407
충청북도,충주시,,신니면제2투,1364,1003,608,384,0,0,5,3,1000,3,361
충청북도,충주시,노은면,소계,2187,1593,1027,539,0,1,4,10,1581,12,594
충청북도,충주시,,노은면투표소,2187,1593,1027,539,0,1,4,10,1581,12,594
충청북도,충주시,앙성면,소계,3922,2815,1987,801,4,3,3,11,2809,6,1107
충청북도,충주시,,앙성면제1투,784,575,417,151,1,0,2,4,575,0,209
충청북도,충주시,,앙성면제2투,2420,1733,1200,519,3,2,1,3,1728,5,687
충청북도,충주시,,앙성면제3투,718,507,370,131,0,1,0,4,506,1,211
충청북도,충주시,가금면,소계,2433,1768,1205,536,3,0,3,9,1756,12,665
충청북도,충주시,,가금면제1투,862,628,441,179,1,0,2,3,626,2,234
충청북도,충주시,,가금면제2투,1571,1140,764,357,2,0,1,6,1130,10,431
충청북도,충주시,금가면,소계,3373,2525,1562,930,1,2,7,11,2513,12,848
충청북도,충주시,,금가면제1투,1463,1110,693,398,0,1,1,8,1101,9,353
충청북도,충주시,,금가면제2투,1910,1415,869,532,1,1,6,3,1412,3,495
충청북도,충주시,동량면,소계,3627,2693,1760,908,2,2,6,9,2687,6,934
충청북도,충주시,,동량면제1투,1720,1272,875,384,1,0,4,4,1268,4,448
충청북도,충주시,,동량면제2투,1907,1421,885,524,1,2,2,5,1419,2,486
충청북도,충주시,산척면,소계,2366,1792,1207,544,2,3,7,17,1780,12,574
충청북도,충주시,,산척면투표소,2366,1792,1207,544,2,3,7,17,1780,12,574
충청북도,충주시,엄정면,소계,3117,2300,1593,679,1,0,7,10,2290,10,817
충청북도,충주시,,엄정면투표소,3117,2300,1593,679,1,0,7,10,2290,10,817
충청북도,충주시,소태면,소계,1751,1288,828,439,1,4,4,5,1281,7,463
충청북도,충주시,,소태면제1투,993,714,433,269,0,3,1,4,710,4,279
충청북도,충주시,,소태면제2투,758,574,395,170,1,1,3,1,571,3,184
충청북도,충주시,성내·충인동,소계,2833,1924,1337,580,0,1,3,1,1922,2,909
충청북도,충주시,,성내·충인동제1투,849,644,466,178,0,0,0,0,644,0,205
충청북도,충주시,,성내·충인동제2투,1984,1280,871,402,0,1,3,1,1278,2,704
충청북도,충주시,교현·안림동,소계,18106,13243,8007,5165,4,5,19,18,13218,25,4863
충청북도,충주시,,교현·안림동제1투,2223,1586,979,595,1,1,6,1,1583,3,637
충청북도,충주시,,교현·안림동제2투,2764,2008,1256,740,0,2,0,4,2002,6,756
충청북도,충주시,,교현·안림동제3투,2992,2270,1338,920,1,1,4,1,2265,5,722
충청북도,충주시,,교현·안림동제4투,2712,1856,1226,621,0,0,1,5,1853,3,856
충청북도,충주시,,교현·안림동제5투,3759,2798,1621,1164,1,1,3,4,2794,4,961
충청북도,충주시,,교현·안림동제6투,3656,2725,1587,1125,1,0,5,3,2721,4,931
충청북도,충주시,교현2동,소계,7342,5163,3222,1909,2,2,11,4,5150,13,2179
충청북도,충주시,,교현2동제1투,1685,1186,784,395,1,0,1,1,1182,4,499
충청북도,충주시,,교현2동제2투,2725,1827,1146,672,0,1,4,1,1824,3,898
충청북도,충주시,,교현2동제3투,2932,2150,1292,842,1,1,6,2,2144,6,782
충청북도,충주시,용산동,소계,12132,8939,4888,4003,2,7,15,12,8927,12,3193
충청북도,충주시,,용산동제1투,2657,1927,1114,799,0,0,4,9,1926,1,730
충청북도,충주시,,용산동제2투,2078,1406,856,539,0,1,3,3,1402,4,672
충청북도,충주시,,용산동제3투,2626,1995,1155,829,1,3,2,0,1990,5,631
충청북도,충주시,,용산동제4투,4771,3611,1763,1836,1,3,6,0,3609,2,1160
충청북도,충주시,지현동,소계,4788,3564,2301,1235,1,1,11,6,3555,9,1224
충청북도,충주시,,지현동제1투,2328,1758,1132,609,1,1,4,3,1750,8,570
충청북도,충주시,,지현동제2투,2460,1806,1169,626,0,0,7,3,1805,1,654
충청북도,충주시,문화동,소계,9624,7115,4696,2374,0,5,8,7,7090,25,2509
충청북도,충주시,,문화동제1투,2328,1623,1146,467,0,2,2,2,1619,4,705
충청북도,충주시,,문화동제2투,2491,2018,1338,673,0,1,1,0,2013,5,473
충청북도,충주시,,문화동제3투,2445,1782,1136,624,0,2,3,5,1770,12,663
충청북도,충주시,,문화동제4투,2360,1692,1076,610,0,0,2,0,1688,4,668
충청북도,충주시,호암·직동,소계,8062,5951,3124,2792,1,5,4,8,5934,17,2111
충청북도,충주시,,호암·직동제1투,4345,3353,1739,1595,1,2,2,5,3344,9,992
충청북도,충주시,,호암·직동제2투,1608,1134,636,487,0,1,1,3,1128,6,474
충청북도,충주시,,호암·직동제3투,2109,1464,749,710,0,2,1,0,1462,2,645
충청북도,충주시,달천동,소계,3872,2653,1668,965,1,1,4,5,2644,9,1219
충청북도,충주시,,달천동제1투,2563,1756,1130,615,1,1,0,4,1751,5,807
충청북도,충주시,,달천동제2투,1309,897,538,350,0,0,4,1,893,4,412
충청북도,충주시,봉방동,소계,6921,4922,3167,1720,2,0,8,10,4907,15,1999
충청북도,충주시,,봉방동제1투,2282,1620,1026,582,1,0,2,3,1614,6,662
충청북도,충주시,,봉방동제2투,1939,1416,925,485,0,0,2,4,1416,0,523
충청북도,충주시,,봉방동제3투,2700,1886,1216,653,1,0,4,3,1877,9,814
충청북도,충주시,칠금·금릉동,소계,12815,9795,5418,4336,1,4,9,8,9776,19,3020
충청북도,충주시,,칠금·금릉동제1투,1146,819,524,293,0,0,0,1,818,1,327
충청북도,충주시,,칠금·금릉동제2투,1851,1391,810,574,0,0,2,1,1387,4,460
충청북도,충주시,,칠금·금릉동제3투,3108,2323,1273,1038,0,1,3,3,2318,5,785
충청북도,충주시,,칠금·금릉동제4투,3107,2297,1219,1069,1,0,0,2,2291,6,810
충청북도,충주시,,칠금·금릉동제5투,3603,2965,1592,1362,0,3,4,1,2962,3,638
충청북도,충주시,연수동,소계,29400,21640,12229,9302,2,7,26,32,21598,42,7760
충청북도,충주시,,연수동제1투,3067,2187,1345,835,0,0,1,3,2184,3,880
충청북도,충주시,,연수동제2투,2702,1882,1007,867,0,0,1,2,1877,5,820
충청북도,충주시,,연수동제3투,3483,2742,1444,1295,0,0,1,1,2741,1,741
충청북도,충주시,,연수동제4투,2494,1885,1086,787,1,2,4,2,1882,3,609
충청북도,충주시,,연수동제5투,2089,1517,946,563,0,1,3,1,1514,3,572
충청북도,충주시,,연수동제6투,2884,1897,1233,636,1,1,2,14,1887,10,987
충청북도,충주시,,연수동제7투,2540,1903,936,960,0,0,4,1,1901,2,637
충청북도,충주시,,연수동제8투,2629,1997,1093,892,0,1,3,1,1990,7,632
충청북도,충주시,,연수동제9투,2695,1929,1076,847,0,0,2,1,1926,3,766
충청북도,충주시,,연수동제10투,2354,1809,992,806,0,0,3,5,1806,3,545
충청북도,충주시,,연수동제11투,2463,1892,1071,814,0,2,2,1,1890,2,571
충청북도,충주시,목행·용탄동,소계,5184,3837,2109,1706,1,0,8,8,3832,5,1347
충청북도,충주시,,목행·용탄동제1투,3220,2451,1239,1202,0,0,5,3,2449,2,769
충청북도,충주시,,목행·용탄동제2투,1964,1386,870,504,1,0,3,5,1383,3,578
충청북도,제천시,소계,,110855,82747,50284,31682,32,42,151,195,82386,361,28108
충청북도,제천시,재외투표,,295,202,75,121,0,0,1,2,199,3,93
충청북도,제천시,국내부재자투표,,3246,2965,1344,1537,7,5,8,9,2910,55,281
충청북도,제천시,소계,,107314,79580,48865,30024,25,37,142,184,79277,303,27734
충청북도,제천시,봉양읍,소계,6267,4680,2871,1735,2,3,9,21,4641,39,1587
충청북도,제천시,,봉양읍제1투,3859,2836,1750,1035,1,3,4,14,2807,29,1023
충청북도,제천시,,봉양읍제2투,1519,1177,705,464,0,0,2,2,1173,4,342
충청북도,제천시,,봉양읍제3투,889,667,416,236,1,0,3,5,661,6,222
충청북도,제천시,금성면,소계,1829,1370,896,461,0,2,4,3,1366,4,459
충청북도,제천시,,금성면제1투,865,653,432,214,0,0,3,1,650,3,212
충청북도,제천시,,금성면제2투,964,717,464,247,0,2,1,2,716,1,247
충청북도,제천시,청풍면,소계,1119,828,620,195,0,0,4,4,823,5,291
충청북도,제천시,,청풍면제1투,931,685,514,161,0,0,3,4,682,3,246
충청북도,제천시,,청풍면제2투,188,143,106,34,0,0,1,0,141,2,45
충청북도,제천시,수산면,소계,1889,1367,978,370,1,3,3,6,1361,6,522
충청북도,제천시,,수산면제1투,1576,1126,812,298,0,3,3,4,1120,6,450
충청북도,제천시,,수산면제2투,313,241,166,72,1,0,0,2,241,0,72
충청북도,제천시,덕산면,소계,2049,1506,967,501,1,2,7,17,1495,11,543
충청북도,제천시,,덕산면제1투,1598,1173,747,398,1,1,7,13,1167,6,425
충청북도,제천시,,덕산면제2투,451,333,220,103,0,1,0,4,328,5,118
충청북도,제천시,한수면,소계,681,509,348,157,0,0,0,2,507,2,172
충청북도,제천시,,한수면투표소,681,509,348,157,0,0,0,2,507,2,172
충청북도,제천시,백운면,소계,2883,2127,1362,736,1,0,5,9,2113,14,756
충청북도,제천시,,백운면제1투,1941,1421,895,509,1,0,3,6,1414,7,520
충청북도,제천시,,백운면제2투,942,706,467,227,0,0,2,3,699,7,236
충청북도,제천시,송학면,소계,4453,3280,2186,1050,1,3,6,17,3263,17,1173
충청북도,제천시,,송학면제1투,2536,1830,1211,594,1,2,4,7,1819,11,706
충청북도,제천시,,송학면제2투,1434,1090,746,331,0,1,2,6,1086,4,344
충청북도,제천시,,송학면제3투,483,360,229,125,0,0,0,4,358,2,123
충청북도,제천시,교동,소계,13754,10497,5928,4505,2,4,19,16,10474,23,3257
충청북도,제천시,,교동제1투,2402,1847,1212,616,1,0,8,7,1844,3,555
충청북도,제천시,,교동제2투,4775,3533,1822,1695,1,1,4,4,3527,6,1242
충청북도,제천시,,교동제3투,3029,2342,1264,1064,0,1,5,1,2335,7,687
충청북도,제천시,,교동제4투,3548,2775,1630,1130,0,2,2,4,2768,7,773
충청북도,제천시,의암동,소계,7161,5507,3077,2400,2,1,5,11,5496,11,1654
충청북도,제천시,,의암동제1투,3725,2998,1588,1397,1,0,4,6,2996,2,727
충청북도,제천시,,의암동제2투,1492,1095,635,455,1,0,1,1,1093,2,397
충청북도,제천시,,의암동제3투,1944,1414,854,548,0,1,0,4,1407,7,530
충청북도,제천시,인성동,소계,5806,4220,2865,1335,1,2,4,4,4211,9,1586
충청북도,제천시,,인성동제1투,3676,2685,1784,888,1,2,1,3,2679,6,991
충청북도,제천시,,인성동제2투,2130,1535,1081,447,0,0,3,1,1532,3,595
충청북도,제천시,남현동,소계,5214,3800,2547,1224,2,0,4,5,3782,18,1414
충청북도,제천시,,남현동제1투,1838,1329,940,377,0,0,1,2,1320,9,509
충청북도,제천시,,남현동제2투,3376,2471,1607,847,2,0,3,3,2462,9,905
충청북도,제천시,영서동,소계,6851,4930,3258,1635,3,4,9,9,4918,12,1921
충청북도,제천시,,영서동제1투,2026,1431,986,435,0,0,5,1,1427,4,595
충청북도,제천시,,영서동제2투,3393,2454,1643,792,0,3,3,8,2449,5,939
충청북도,제천시,,영서동제3투,1432,1045,629,408,3,1,1,0,1042,3,387
충청북도,제천시,용두동,소계,13591,10051,5641,4340,3,7,18,11,10020,31,3540
충청북도,제천시,,용두동제1투,3335,2578,1474,1087,2,2,4,1,2570,8,757
충청북도,제천시,,용두동제2투,3032,1996,1030,950,1,1,3,2,1987,9,1036
충청북도,제천시,,용두동제3투,4103,2902,1825,1050,0,3,6,7,2891,11,1201
충청북도,제천시,,용두동제4투,3121,2575,1312,1253,0,1,5,1,2572,3,546
충청북도,제천시,신백동,소계,9975,7337,4083,3164,5,2,20,19,7293,44,2638
충청북도,제천시,,신백동제1투,2539,1967,1002,952,0,1,4,3,1962,5,572
충청북도,제천시,,신백동제2투,2455,1640,1022,608,1,0,5,1,1637,3,815
충청북도,제천시,,신백동제3투,2776,2111,1037,1062,0,0,4,3,2106,5,665
충청북도,제천시,,신백동제4투,1348,986,629,321,3,1,6,8,968,18,362
충청북도,제천시,,신백동제5투,857,633,393,221,1,0,1,4,620,13,224
충청북도,제천시,청전동,소계,15569,11695,7438,4184,1,1,16,19,11659,36,3874
충청북도,제천시,,청전동제1투,3012,2322,1469,839,0,0,3,3,2314,8,690
충청북도,제천시,,청전동제2투,2422,1863,1161,696,0,0,3,1,1861,2,559
충청북도,제천시,,청전동제3투,1771,1268,849,411,0,1,3,2,1266,2,503
충청북도,제천시,,청전동제4투,3195,2211,1421,768,0,0,2,7,2198,13,984
충청북도,제천시,,청전동제5투,3008,2385,1504,873,1,0,1,3,2382,3,623
충청북도,제천시,,청전동제6투,2161,1646,1034,597,0,0,4,3,1638,8,515
충청북도,제천시,화산동,소계,8223,5876,3800,2032,0,3,9,11,5855,21,2347
충청북도,제천시,,화산동제1투,2547,1871,1198,656,0,1,5,4,1864,7,676
충청북도,제천시,,화산동제2투,3222,2246,1390,845,0,0,2,4,2241,5,976
충청북도,제천시,,화산동제3투,2454,1759,1212,531,0,2,2,3,1750,9,695
충청북도,단양군,소계,,26486,19763,12957,6510,12,8,51,105,19643,120,6723
충청북도,단양군,재외투표,,83,60,29,31,0,0,0,0,60,0,23
충청북도,단양군,국내부재자투표,,961,890,416,457,0,2,2,2,879,11,71
충청북도,단양군,소계,,25442,18813,12512,6022,12,6,49,103,18704,109,6629
충청북도,단양군,단양읍,소계,8559,6365,4037,2286,3,1,8,15,6350,15,2194
충청북도,단양군,,단양읍제1투,2806,2090,1273,805,0,0,4,3,2085,5,716
충청북도,단양군,,단양읍제2투,2123,1579,1061,513,0,0,1,1,1576,3,544
충청북도,단양군,,단양읍제3투,3630,2696,1703,968,3,1,3,11,2689,7,934
충청북도,단양군,매포읍,소계,5248,3877,2568,1258,4,1,8,22,3861,16,1371
충청북도,단양군,,매포읍제1투,2931,2153,1458,674,0,1,4,7,2144,9,778
충청북도,단양군,,매포읍제2투,1402,1014,622,374,3,0,2,8,1009,5,388
충청북도,단양군,,매포읍제3투,915,710,488,210,1,0,2,7,708,2,205
충청북도,단양군,단성면,소계,1540,1095,766,315,0,0,1,4,1086,9,445
충청북도,단양군,,단성면제1투,1161,805,573,224,0,0,0,3,800,5,356
충청북도,단양군,,단성면제2투,379,290,193,91,0,0,1,1,286,4,89
충청북도,단양군,대강면,소계,2233,1638,1214,400,1,1,1,8,1625,13,595
충청북도,단양군,,대강면제1투,1727,1257,933,306,1,1,1,5,1247,10,470
충청북도,단양군,,대강면제2투,506,381,281,94,0,0,0,3,378,3,125
충청북도,단양군,가곡면,소계,1854,1358,839,483,1,0,5,13,1341,17,496
충청북도,단양군,,가곡면투표소,1854,1358,839,483,1,0,5,13,1341,17,496
충청북도,단양군,영춘면,소계,2995,2295,1644,603,1,0,14,20,2282,13,700
충청북도,단양군,,영춘면제1투,1913,1466,1120,319,1,0,7,12,1459,7,447
충청북도,단양군,,영춘면제2투,166,133,81,49,0,0,2,1,133,0,33
충청북도,단양군,,영춘면제3투,916,696,443,235,0,0,5,7,690,6,220
충청북도,단양군,어상천면,소계,1632,1164,715,420,0,1,6,13,1155,9,468
충청북도,단양군,,어상천면투표소,1632,1164,715,420,0,1,6,13,1155,9,468
충청북도,단양군,적성면,소계,1381,1021,729,257,2,2,6,8,1004,17,360
충청북도,단양군,,적성면제1투,677,502,346,133,2,1,2,6,490,12,175
충청북도,단양군,,적성면제2투,704,519,383,124,0,1,4,2,514,5,185
충청북도,청원군,소계,,121564,91243,46968,43359,43,52,149,262,90833,410,30321
충청북도,청원군,재외투표,,430,296,118,175,0,0,1,0,294,2,134
충청북도,청원군,국내부재자투표,,3206,2920,1411,1354,15,8,20,12,2820,100,286
충청북도,청원군,소계,,117928,88027,45439,41830,28,44,128,250,87719,308,29901
충청북도,청원군,내수읍,소계,16697,12030,6490,5433,3,4,21,35,11986,44,4667
충청북도,청원군,,내수읍제1투,2985,2224,1144,1061,0,0,6,5,2216,8,761
충청북도,청원군,,내수읍제2투,1770,1234,762,459,1,0,2,7,1231,3,536
충청북도,청원군,,내수읍제3투,980,762,475,278,0,0,1,5,759,3,218
충청북도,청원군,,내수읍제4투,3682,2721,1351,1351,1,2,5,3,2713,8,961
충청북도,청원군,,내수읍제5투,2292,1681,929,741,0,1,1,3,1675,6,611
충청북도,청원군,,내수읍제6투,3328,2253,1173,1060,1,0,4,6,2244,9,1075
충청북도,청원군,,내수읍제7투,1660,1155,656,483,0,1,2,6,1148,7,505
충청북도,청원군,오창읍,소계,32298,24570,10504,13934,4,8,28,37,24515,55,7728
충청북도,청원군,,오창읍제1투,3075,2186,1346,818,0,0,4,10,2178,8,889
충청북도,청원군,,오창읍제2투,2714,1966,1068,876,0,2,6,6,1958,8,748
충청북도,청원군,,오창읍제3투,1028,756,441,305,1,0,1,4,752,4,272
충청북도,청원군,,오창읍제4투,3336,2636,1176,1444,0,2,1,6,2629,7,700
충청북도,청원군,,오창읍제5투,2606,2196,930,1257,1,0,4,3,2195,1,410
충청북도,청원군,,오창읍제6투,2796,2343,876,1461,0,0,1,2,2340,3,453
충청북도,청원군,,오창읍제7투,3193,2625,965,1652,1,0,4,1,2623,2,568
충청북도,청원군,,오창읍제8투,2883,2352,862,1481,0,2,3,0,2348,4,531
충청북도,청원군,,오창읍제9투,3019,2513,928,1578,0,0,2,1,2509,4,506
충청북도,청원군,,오창읍제10투,2724,1807,676,1122,0,0,0,2,1800,7,917
충청북도,청원군,,오창읍제11투,4924,3190,1236,1940,1,2,2,2,3183,7,1734
충청북도,청원군,낭성면,소계,2125,1611,1087,502,0,0,3,11,1603,8,514
충청북도,청원군,,낭성면투표소,2125,1611,1087,502,0,0,3,11,1603,8,514
충청북도,청원군,미원면,소계,4756,3510,2295,1161,1,2,8,22,3489,21,1246
충청북도,청원군,,미원면제1투,1961,1380,906,456,0,1,4,3,1370,10,581
충청북도,청원군,,미원면제2투,2016,1521,972,518,0,1,4,16,1511,10,495
충청북도,청원군,,미원면제3투,779,609,417,187,1,0,0,3,608,1,170
충청북도,청원군,가덕면,소계,3894,2961,1771,1135,4,1,6,20,2937,24,933
충청북도,청원군,,가덕면제1투,1592,1213,726,474,0,0,1,5,1206,7,379
충청북도,청원군,,가덕면제2투,1034,787,448,325,0,0,3,7,783,4,247
충청북도,청원군,,가덕면제3투,1268,961,597,336,4,1,2,8,948,13,307
충청북도,청원군,남일면,소계,6227,4765,2728,1992,1,0,10,16,4747,18,1462
충청북도,청원군,,남일면제1투,2912,2225,1281,926,0,0,4,7,2218,7,687
충청북도,청원군,,남일면제2투,994,758,469,283,0,0,2,3,757,1,236
충청북도,청원군,,남일면제3투,2321,1782,978,783,1,0,4,6,1772,10,539
충청북도,청원군,남이면,소계,6384,4654,2788,1818,1,4,8,19,4638,16,1730
충청북도,청원군,,남이면제1투,3397,2361,1357,984,0,1,4,6,2352,9,1036
충청북도,청원군,,남이면제2투,1158,915,555,345,0,2,3,7,912,3,243
충청북도,청원군,,남이면제3투,1829,1378,876,489,1,1,1,6,1374,4,451
충청북도,청원군,문의면,소계,4153,3051,1837,1163,0,6,8,13,3027,24,1102
충청북도,청원군,,문의면제1투,3234,2374,1435,902,0,3,7,7,2354,20,860
충청북도,청원군,,문의면제2투,919,677,402,261,0,3,1,6,673,4,242
충청북도,청원군,현도면,소계,3642,2691,1689,975,2,3,7,6,2682,9,951
충청북도,청원군,,현도면제1투,2270,1707,1087,606,0,2,3,5,1703,4,563
충청북도,청원군,,현도면제2투,1372,984,602,369,2,1,4,1,979,5,388
충청북도,청원군,강내면,소계,8692,6613,3323,3237,6,4,5,18,6593,20,2079
충청북도,청원군,,강내면제1투,3595,2710,1264,1424,3,3,2,5,2701,9,885
충청북도,청원군,,강내면제2투,1951,1478,827,635,3,1,2,8,1476,2,473
충청북도,청원군,,강내면제3투,3146,2425,1232,1178,0,0,1,5,2416,9,721
충청북도,청원군,오송읍,소계,16126,12117,5624,6432,2,5,14,12,12089,28,4009
충청북도,청원군,,오송읍제1투,1688,1168,645,518,0,0,1,1,1165,3,520
충청북도,청원군,,오송읍제2투,2763,1975,1134,833,0,2,2,2,1973,2,788
충청북도,청원군,,오송읍제3투,2106,1511,769,723,0,1,3,5,1501,10,595
충청북도,청원군,,오송읍제4투,2849,2144,836,1300,1,0,2,0,2139,5,705
충청북도,청원군,,오송읍제5투,2452,2033,746,1282,0,2,2,0,2032,1,419
충청북도,청원군,,오송읍제6투,1976,1612,563,1044,0,0,1,2,1610,2,364
충청북도,청원군,,오송읍제7투,2292,1674,931,732,1,0,3,2,1669,5,618
충청북도,청원군,옥산면,소계,8073,5865,3115,2700,1,4,6,19,5845,20,2208
충청북도,청원군,,옥산면제1투,2982,2174,1252,901,1,0,2,9,2165,9,808
충청북도,청원군,,옥산면제2투,2133,1585,878,687,0,3,3,6,1577,8,548
충청북도,청원군,,옥산면제3투,2958,2106,985,1112,0,1,1,4,2103,3,852
충청북도,청원군,북이면,소계,4861,3589,2188,1348,3,3,4,22,3568,21,1272
충청북도,청원군,,북이면제1투,1286,954,550,392,2,0,1,5,950,4,332
충청북도,청원군,,북이면제2투,1023,757,480,263,0,2,2,4,751,6,266
충청북도,청원군,,북이면제3투,1278,952,585,354,1,0,0,8,948,4,326
충청북도,청원군,,북이면제4투,1274,926,573,339,0,1,1,5,919,7,348
충청북도,영동군,소계,,42754,32044,20397,11169,20,35,57,156,31834,210,10710
충청북도,영동군,재외투표,,199,142,83,58,0,0,0,1,142,0,57
충청북도,영동군,국내부재자투표,,1629,1461,686,722,4,9,4,4,1429,32,168
충청북도,영동군,소계,,40926,30441,19628,10389,16,26,53,151,30263,178,10485
충청북도,영동군,영동읍,소계,16430,12243,7343,4793,3,12,16,30,12197,46,4187
충청북도,영동군,,영동읍제1투,3043,2228,1354,858,1,0,5,7,2225,3,815
충청북도,영동군,,영동읍제2투,2858,2203,1375,808,1,1,2,5,2192,11,655
충청북도,영동군,,영동읍제3투,1475,1133,723,400,0,2,2,2,1129,4,342
충청북도,영동군,,영동읍제4투,3172,2406,1466,918,0,1,2,6,2393,13,766
충청북도,영동군,,영동읍제5투,2586,1730,889,822,1,3,4,6,1725,5,856
충청북도,영동군,,영동읍제6투,3296,2543,1536,987,0,5,1,4,2533,10,753
충청북도,영동군,용산면,소계,3075,2252,1468,736,1,2,9,18,2234,18,823
충청북도,영동군,,용산면투표소,3075,2252,1468,736,1,2,9,18,2234,18,823
충청북도,영동군,황간면,소계,4018,2978,1920,1027,1,0,4,9,2961,17,1040
충청북도,영동군,,황간면제1투,2342,1727,1099,616,0,0,2,3,1720,7,615
충청북도,영동군,,황간면제2투,1676,1251,821,411,1,0,2,6,1241,10,425
충청북도,영동군,추풍령면,소계,2156,1630,1193,415,1,1,1,8,1619,11,526
충청북도,영동군,,추풍령면투표소,2156,1630,1193,415,1,1,1,8,1619,11,526
충청북도,영동군,매곡면,소계,1844,1369,1018,328,1,1,3,10,1361,8,475
충청북도,영동군,,매곡면투표소,1844,1369,1018,328,1,1,3,10,1361,8,475
충청북도,영동군,상촌면,소계,2154,1637,1113,495,1,1,2,9,1621,16,517
충청북도,영동군,,상촌면투표소,2154,1637,1113,495,1,1,2,9,1621,16,517
충청북도,영동군,양강면,소계,2899,2107,1395,673,3,5,4,14,2094,13,792
충청북도,영동군,,양강면투표소,2899,2107,1395,673,3,5,4,14,2094,13,792
충청북도,영동군,용화면,소계,885,693,437,237,0,0,1,10,685,8,192
충청북도,영동군,,용화면투표소,885,693,437,237,0,0,1,10,685,8,192
충청북도,영동군,학산면,소계,2671,1935,1331,565,0,3,4,14,1917,18,736
충청북도,영동군,,학산면제1투,2152,1553,1076,446,0,1,4,11,1538,15,599
충청북도,영동군,,학산면제2투,519,382,255,119,0,2,0,3,379,3,137
충청북도,영동군,양산면,소계,1782,1352,918,409,2,0,4,7,1340,12,430
충청북도,영동군,,양산면투표소,1782,1352,918,409,2,0,4,7,1340,12,430
충청북도,영동군,심천면,소계,3012,2245,1492,711,3,1,5,22,2234,11,767
충청북도,영동군,,심천면제1투,2506,1853,1250,569,3,1,4,19,1846,7,653
충청북도,영동군,,심천면제2투,506,392,242,142,0,0,1,3,388,4,114
충청북도,보은군,소계,,29519,22431,13783,8261,17,13,56,129,22259,172,7088
충청북도,보은군,재외투표,,94,63,37,26,0,0,0,0,63,0,31
충청북도,보은군,국내부재자투표,,1059,955,456,455,5,1,5,5,927,28,104
충청북도,보은군,소계,,28366,21413,13290,7780,12,12,51,124,21269,144,6953
충청북도,보은군,보은읍,소계,11796,8909,5365,3439,7,3,19,28,8861,48,2887
충청북도,보은군,,보은읍제1투,2386,1748,1092,634,3,0,2,3,1734,14,638
충청북도,보은군,,보은읍제2투,1326,989,655,318,1,0,3,3,980,9,337
충청북도,보은군,,보은읍제3투,2972,2263,1312,933,0,2,1,7,2255,8,709
충청북도,보은군,,보은읍제4투,3335,2553,1478,1049,1,1,7,8,2544,9,782
충청북도,보은군,,보은읍제5투,1777,1356,828,505,2,0,6,7,1348,8,421
충청북도,보은군,속리산면,소계,1899,1379,854,512,0,1,2,7,1376,3,520
충청북도,보은군,,속리산면제1투,1635,1183,736,439,0,1,1,5,1182,1,452
충청북도,보은군,,속리산면제2투,264,196,118,73,0,0,1,2,194,2,68
충청북도,보은군,장안면,소계,1148,864,532,316,1,1,3,7,860,4,284
충청북도,보은군,,장안면투표소,1148,864,532,316,1,1,3,7,860,4,284
충청북도,보은군,마로면,소계,2270,1733,1127,567,1,1,7,16,1719,14,537
충청북도,보은군,,마로면제1투,1580,1195,791,376,0,1,6,10,1184,11,385
충청북도,보은군,,마로면제2투,690,538,336,191,1,0,1,6,535,3,152
충청북도,보은군,탄부면,소계,1779,1352,867,458,1,1,3,10,1340,12,427
충청북도,보은군,,탄부면투표소,1779,1352,867,458,1,1,3,10,1340,12,427
충청북도,보은군,삼승면,소계,2216,1671,1015,629,0,0,2,9,1655,16,545
충청북도,보은군,,삼승면투표소,2216,1671,1015,629,0,0,2,9,1655,16,545
충청북도,보은군,수한면,소계,1649,1255,856,378,0,1,1,12,1248,7,394
충청북도,보은군,,수한면투표소,1649,1255,856,378,0,1,1,12,1248,7,394
충청북도,보은군,회남면,소계,693,523,334,176,1,0,4,2,517,6,170
충청북도,보은군,,회남면투표소,693,523,334,176,1,0,4,2,517,6,170
충청북도,보은군,회인면,소계,1682,1284,828,426,0,1,2,15,1272,12,398
충청북도,보은군,,회인면투표소,1682,1284,828,426,0,1,2,15,1272,12,398
충청북도,보은군,내북면,소계,1639,1198,689,481,1,1,7,9,1188,10,441
충청북도,보은군,,내북면제1투,942,689,375,299,0,0,4,6,684,5,253
충청북도,보은군,,내북면제2투,697,509,314,182,1,1,3,3,504,5,188
충청북도,보은군,산외면,소계,1595,1245,823,398,0,2,1,9,1233,12,350
충청북도,보은군,,산외면제1투,1016,786,510,264,0,1,1,3,779,7,230
충청북도,보은군,,산외면제2투,579,459,313,134,0,1,0,6,454,5,120
충청북도,옥천군,소계,,44412,34030,21799,11691,21,36,64,189,33800,230,10382
충청북도,옥천군,재외투표,,141,88,43,44,0,0,0,0,87,1,53
충청북도,옥천군,국내부재자투표,,1727,1537,800,623,6,11,13,21,1474,63,190
충청북도,옥천군,소계,,42544,32405,20956,11024,15,25,51,168,32239,166,10139
충청북도,옥천군,옥천읍,소계,22283,17074,10523,6422,5,10,17,47,17024,50,5209
충청북도,옥천군,,옥천읍제1투,4068,2988,1711,1262,0,1,3,4,2981,7,1080
충청북도,옥천군,,옥천읍제2투,2555,1990,1286,691,0,1,0,5,1983,7,565
충청북도,옥천군,,옥천읍제3투,3479,2736,1575,1133,1,3,4,10,2726,10,743
충청북도,옥천군,,옥천읍제4투,2679,2069,1353,703,1,1,4,3,2065,4,610
충청북도,옥천군,,옥천읍제5투,1625,1211,773,417,1,2,1,8,1202,9,414
충청북도,옥천군,,옥천읍제6투,885,679,468,203,0,0,0,5,676,3,206
충청북도,옥천군,,옥천읍제7투,3033,2358,1436,913,0,0,3,2,2354,4,675
충청북도,옥천군,,옥천읍제8투,3959,3043,1921,1100,2,2,2,10,3037,6,916
충청북도,옥천군,동이면,소계,2954,2256,1564,644,4,1,10,18,2241,15,698
충청북도,옥천군,,동이면제1투,1936,1481,1019,433,1,0,5,11,1469,12,455
충청북도,옥천군,,동이면제2투,398,306,219,80,2,0,1,3,305,1,92
충청북도,옥천군,,동이면제3투,620,469,326,131,1,1,4,4,467,2,151
충청북도,옥천군,안남면,소계,1305,1006,651,323,0,3,4,11,992,14,299
충청북도,옥천군,,안남면투표소,1305,1006,651,323,0,3,4,11,992,14,299
충청북도,옥천군,안내면,소계,1906,1444,1033,383,1,1,3,12,1433,11,462
충청북도,옥천군,,안내면투표소,1906,1444,1033,383,1,1,3,12,1433,11,462
충청북도,옥천군,청성면,소계,2287,1710,1147,507,0,3,3,27,1687,23,577
충청북도,옥천군,,청성면제1투,995,720,445,242,0,3,2,11,703,17,275
충청북도,옥천군,,청성면제2투,800,633,438,182,0,0,1,8,629,4,167
충청북도,옥천군,,청성면제3투,492,357,264,83,0,0,0,8,355,2,135
충청북도,옥천군,청산면,소계,3062,2301,1622,635,1,2,5,18,2283,18,761
충청북도,옥천군,,청산면제1투,1465,1087,761,317,1,1,1,1,1082,5,378
충청북도,옥천군,,청산면제2투,595,454,299,137,0,1,1,10,448,6,141
충청북도,옥천군,,청산면제3투,1002,760,562,181,0,0,3,7,753,7,242
충청북도,옥천군,이원면,소계,4054,3012,2018,959,4,3,2,10,2996,16,1042
충청북도,옥천군,,이원면제1투,1555,1165,753,401,2,1,0,3,1160,5,390
충청북도,옥천군,,이원면제2투,1187,875,593,271,1,1,1,3,870,5,312
충청북도,옥천군,,이원면제3투,1312,972,672,287,1,1,1,4,966,6,340
충청북도,옥천군,군서면,소계,2107,1604,1110,470,0,1,3,10,1594,10,503
충청북도,옥천군,,군서면투표소,2107,1604,1110,470,0,1,3,10,1594,10,503
충청북도,옥천군,군북면,소계,2586,1998,1288,681,0,1,4,15,1989,9,588
충청북도,옥천군,,군북면제1투,1669,1270,791,466,0,1,2,6,1266,4,399
충청북도,옥천군,,군북면제2투,362,271,175,91,0,0,2,3,271,0,91
충청북도,옥천군,,군북면제3투,555,457,322,124,0,0,0,6,452,5,98
충청북도,음성군,소계,,74727,52943,30459,21825,40,34,108,160,52626,317,21784
충청북도,음성군,재외투표,,195,141,64,75,0,0,0,0,139,2,54
충청북도,음성군,국내부재자투표,,2532,2328,1154,1023,13,12,13,20,2235,93,204
충청북도,음성군,소계,,72000,50474,29241,20727,27,22,95,140,50252,222,21526
충청북도,음성군,음성읍,소계,14318,10281,6106,4084,3,3,22,31,10249,32,4037
충청북도,음성군,,음성읍제1투,2971,2142,1216,914,0,2,3,3,2138,4,829
충청북도,음성군,,음성읍제2투,2993,2271,1409,842,1,0,4,8,2264,7,722
충청북도,음성군,,음성읍제3투,4680,3335,1864,1442,2,1,6,5,3320,15,1345
충청북도,음성군,,음성읍제4투,879,534,347,177,0,0,4,5,533,1,345
충청북도,음성군,,음성읍제5투,2795,1999,1270,709,0,0,5,10,1994,5,796
충청북도,음성군,금왕읍,소계,15842,11203,6077,5049,2,3,13,18,11162,41,4639
충청북도,음성군,,금왕읍제1투,4564,3190,1789,1382,2,0,2,4,3179,11,1374
충청북도,음성군,,금왕읍제2투,4313,2996,1517,1462,0,2,5,1,2987,9,1317
충청북도,음성군,,금왕읍제3투,3453,2529,1273,1242,0,1,4,2,2522,7,924
충청북도,음성군,,금왕읍제4투,1441,1022,579,427,0,0,1,3,1010,12,419
충청북도,음성군,,금왕읍제5투,2071,1466,919,536,0,0,1,8,1464,2,605
충청북도,음성군,소이면,소계,2838,2135,1294,813,3,1,5,8,2124,11,703
충청북도,음성군,,소이면투표소,2838,2135,1294,813,3,1,5,8,2124,11,703
충청북도,음성군,원남면,소계,2810,2078,1262,790,0,0,3,13,2068,10,732
충청북도,음성군,,원남면제1투,1764,1294,825,452,0,0,1,10,1288,6,470
충청북도,음성군,,원남면제2투,1046,784,437,338,0,0,2,3,780,4,262
충청북도,음성군,맹동면,소계,4071,2529,1462,969,10,7,16,23,2487,42,1542
충청북도,음성군,,맹동면제1투,3132,1833,1052,694,10,6,15,21,1798,35,1299
충청북도,음성군,,맹동면제2투,939,696,410,275,0,1,1,2,689,7,243
충청북도,음성군,대소면,소계,12534,8644,4543,4041,2,5,10,11,8612,32,3890
충청북도,음성군,,대소면제1투,2951,2108,1179,910,1,0,3,5,2098,10,843
충청북도,음성군,,대소면제2투,1570,1065,584,473,1,0,1,1,1060,5,505
충청북도,음성군,,대소면제3투,4192,2913,1440,1454,0,3,3,2,2902,11,1279
충청북도,음성군,,대소면제4투,3821,2558,1340,1204,0,2,3,3,2552,6,1263
충청북도,음성군,삼성면,소계,6701,4583,2749,1787,3,1,6,14,4560,23,2118
충청북도,음성군,,삼성면제1투,3871,2573,1507,1042,1,0,3,8,2561,12,1298
충청북도,음성군,,삼성면제2투,2830,2010,1242,745,2,1,3,6,1999,11,820
충청북도,음성군,생극면,소계,4018,2839,1860,952,0,0,6,11,2829,10,1179
충청북도,음성군,,생극면제1투,2754,1925,1256,649,0,0,3,9,1917,8,829
충청북도,음성군,,생극면제2투,1264,914,604,303,0,0,3,2,912,2,350
충청북도,음성군,감곡면,소계,8868,6182,3888,2242,4,2,14,11,6161,21,2686
충청북도,음성군,,감곡면제1투,4067,2767,1606,1139,1,2,7,3,2758,9,1300
충청북도,음성군,,감곡면제2투,3256,2295,1515,762,1,0,6,4,2288,7,961
충청북도,음성군,,감곡면제3투,1545,1120,767,341,2,0,1,4,1115,5,425
충청북도,진천군,소계,,50295,36543,20614,15560,18,25,59,106,36382,161,13752
충청북도,진천군,재외투표,,109,71,23,47,0,0,0,0,70,1,38
충청북도,진천군,국내부재자투표,,1289,1177,560,577,7,4,4,3,1155,22,112
충청북도,진천군,소계,,48897,35295,20031,14936,11,21,55,103,35157,138,13602
충청북도,진천군,진천읍,소계,21595,15670,8652,6907,4,8,19,30,15620,50,5925
충청북도,진천군,,진천읍제1투,3244,2253,1342,899,1,3,2,0,2247,6,991
충청북도,진천군,,진천읍제2투,1206,910,560,336,0,1,2,5,904,6,296
충청북도,진천군,,진천읍제3투,3299,2382,1225,1145,0,1,4,5,2380,2,917
충청북도,진천군,,진천읍제4투,2707,1979,1188,773,1,0,3,6,1971,8,728
충청북도,진천군,,진천읍제5투,3142,2256,1132,1116,0,1,1,1,2251,5,886
충청북도,진천군,,진천읍제6투,3416,2511,1340,1146,2,2,2,6,2498,13,905
충청북도,진천군,,진천읍제7투,2094,1533,809,714,0,0,2,2,1527,6,561
충청북도,진천군,,진천읍제8투,2487,1846,1056,778,0,0,3,5,1842,4,641
충청북도,진천군,덕산면,소계,4790,3464,2053,1364,0,3,10,18,3448,16,1326
충청북도,진천군,,덕산면제1투,3479,2499,1493,985,0,1,6,10,2495,4,980
충청북도,진천군,,덕산면제2투,1311,965,560,379,0,2,4,8,953,12,346
충청북도,진천군,초평면,소계,3053,2303,1343,931,2,0,3,11,2290,13,750
충청북도,진천군,,초평면제1투,2025,1541,872,650,2,0,3,9,1536,5,484
충청북도,진천군,,초평면제2투,1028,762,471,281,0,0,0,2,754,8,266
충청북도,진천군,문백면,소계,3319,2456,1537,896,1,3,4,8,2449,7,863
충청북도,진천군,,문백면제1투,2171,1596,1018,565,1,1,3,4,1592,4,575
충청북도,진천군,,문백면제2투,1148,860,519,331,0,2,1,4,857,3,288
충청북도,진천군,백곡면,소계,1902,1449,938,490,0,1,2,10,1441,8,453
충청북도,진천군,,백곡면투표소,1902,1449,938,490,0,1,2,10,1441,8,453
충청북도,진천군,이월면,소계,6251,4456,2461,1948,2,3,10,13,4437,19,1795
충청북도,진천군,,이월면제1투,3240,2272,1268,987,0,0,5,6,2266,6,968
충청북도,진천군,,이월면제2투,3011,2184,1193,961,2,3,5,7,2171,13,827
충청북도,진천군,광혜원면,소계,7987,5497,3047,2400,2,3,7,13,5472,25,2490
충청북도,진천군,,광혜원면제1투,3533,2377,1425,922,2,1,3,9,2362,15,1156
충청북도,진천군,,광혜원면제2투,4454,3120,1622,1478,0,2,4,4,3110,10,1334
충청북도,괴산군,소계,,32990,24502,15442,8646,16,18,61,147,24330,172,8488
충청북도,괴산군,재외투표,,101,72,32,38,0,0,0,0,70,2,29
충청북도,괴산군,국내부재자투표,,1018,936,432,473,1,0,8,5,919,17,82
충청북도,괴산군,소계,,31871,23494,14978,8135,15,18,53,142,23341,153,8377
충청북도,괴산군,괴산읍,소계,7463,5579,3399,2122,2,4,9,13,5549,30,1884
충청북도,괴산군,,괴산읍제1투,3148,2383,1466,892,1,0,2,8,2369,14,765
충청북도,괴산군,,괴산읍제2투,2528,1898,1146,734,1,3,3,2,1889,9,630
충청북도,괴산군,,괴산읍제3투,1787,1298,787,496,0,1,4,3,1291,7,489
충청북도,괴산군,감물면,소계,1705,1283,852,410,0,0,3,8,1273,10,422
충청북도,괴산군,,감물면투표소,1705,1283,852,410,0,0,3,8,1273,10,422
충청북도,괴산군,장연면,소계,1743,1283,829,421,4,2,3,10,1269,14,460
충청북도,괴산군,,장연면투표소,1743,1283,829,421,4,2,3,10,1269,14,460
충청북도,괴산군,연풍면,소계,2159,1601,1129,445,1,0,1,16,1592,9,558
충청북도,괴산군,,연풍면투표소,2159,1601,1129,445,1,0,1,16,1592,9,558
충청북도,괴산군,칠성면,소계,2578,1934,1231,674,2,2,6,11,1926,8,644
충청북도,괴산군,,칠성면투표소,2578,1934,1231,674,2,2,6,11,1926,8,644
충청북도,괴산군,문광면,소계,1845,1352,803,518,0,2,7,11,1341,11,493
충청북도,괴산군,,문광면투표소,1845,1352,803,518,0,2,7,11,1341,11,493
충청북도,괴산군,청천면,소계,4512,3327,2204,1050,2,5,10,26,3297,30,1185
충청북도,괴산군,,청천면제1투,1583,1132,764,346,1,2,2,4,1119,13,451
충청북도,괴산군,,청천면제2투,606,465,315,138,0,0,3,5,461,4,141
충청북도,괴산군,,청천면제3투,928,727,460,252,0,2,1,6,721,6,201
충청북도,괴산군,,청천면제4투,466,345,226,110,0,0,1,4,341,4,121
충청북도,괴산군,,청천면제5투,929,658,439,204,1,1,3,7,655,3,271
충청북도,괴산군,청안면,소계,3005,2128,1335,755,2,1,2,18,2113,15,877
충청북도,괴산군,,청안면제1투,1769,1252,769,464,1,0,1,8,1243,9,517
충청북도,괴산군,,청안면제2투,1236,876,566,291,1,1,1,10,870,6,360
충청북도,괴산군,사리면,소계,2543,1904,1271,609,2,0,4,16,1902,2,639
충청북도,괴산군,,사리면제1투,1728,1304,874,415,1,0,2,11,1303,1,424
충청북도,괴산군,,사리면제2투,815,600,397,194,1,0,2,5,599,1,215
충청북도,괴산군,소수면,소계,1698,1198,669,509,0,0,5,3,1186,12,500
충청북도,괴산군,,소수면투표소,1698,1198,669,509,0,0,5,3,1186,12,500
충청북도,괴산군,불정면,소계,2620,1905,1256,622,0,2,3,10,1893,12,715
충청북도,괴산군,,불정면투표소,2620,1905,1256,622,0,2,3,10,1893,12,715
충청북도,증평군,소계,,26716,19576,11175,8223,7,9,22,54,19490,86,7140
충청북도,증평군,재외투표,,62,45,22,23,0,0,0,0,45,0,17
충청북도,증평군,국내부재자투표,,774,730,375,335,4,0,1,3,718,12,44
충청북도,증평군,소계,,25880,18801,10778,7865,3,9,21,51,18727,74,7079
충청북도,증평군,증평읍,소계,23887,17287,9833,7315,2,9,21,41,17221,66,6600
충청북도,증평군,,증평읍제1투,2609,2040,1055,972,0,2,3,3,2035,5,569
충청북도,증평군,,증평읍제2투,2571,1829,1090,718,2,1,2,7,1820,9,742
충청북도,증평군,,증평읍제3투,2067,1497,910,572,0,1,1,6,1490,7,570
충청북도,증평군,,증평읍제4투,2875,2085,1273,804,0,1,3,1,2082,3,790
충청북도,증평군,,증평읍제5투,2935,2145,1225,909,0,2,3,4,2143,2,790
충청북도,증평군,,증평읍제6투,2318,1719,824,882,0,2,1,2,1711,8,599
충청북도,증평군,,증평읍제7투,1447,1040,699,326,0,0,2,4,1031,9,407
충청북도,증평군,,증평읍제8투,3680,2614,1390,1210,0,0,3,4,2607,7,1066
충청북도,증평군,,증평읍제9투,3385,2318,1367,922,0,0,3,10,2302,16,1067
충청북도,증평군,도안면,소계,1993,1514,945,550,1,0,0,10,1506,8,479
충청북도,증평군,,도안면투표소,1993,1514,945,550,1,0,0,10,1506,8,479
충청남도,합계,,,1601751,1168095,658928,497630,516,688,1976,3198,1162936,5159,433656
충청남도,천안시서북구,소계,,242354,176358,87555,87706,53,97,255,198,175864,494,65996
충청남도,천안시서북구,재외투표,,748,497,199,296,0,0,0,2,497,0,251
충청남도,천안시서북구,국내부재자투표,,5706,5267,2524,2610,10,11,17,23,5195,72,439
충청남도,천안시서북구,소계,,235900,170594,84832,84800,43,86,238,173,170172,422,65306
충청남도,천안시서북구,성환읍,소계,22965,16370,9663,6568,5,13,27,22,16298,72,6595
충청남도,천안시서북구,,성환읍제1투,2487,1749,1052,684,0,1,4,2,1743,6,738
충청남도,천안시서북구,,성환읍제2투,3664,2409,1504,888,0,2,4,1,2399,10,1255
충청남도,천안시서북구,,성환읍제3투,1742,1349,744,598,0,2,0,1,1345,4,393
충청남도,천안시서북구,,성환읍제4투,1047,788,538,239,0,0,3,2,782,6,259
충청남도,천안시서북구,,성환읍제5투,1429,1042,695,336,0,2,1,1,1035,7,387
충청남도,천안시서북구,,성환읍제6투,2362,1706,1095,592,1,0,4,3,1695,11,656
충청남도,천안시서북구,,성환읍제7투,3229,2238,1339,876,2,2,4,6,2229,9,991
충청남도,천안시서북구,,성환읍제8투,875,669,434,228,0,0,3,2,667,2,206
충청남도,천안시서북구,,성환읍제9투,3526,2436,1340,1077,2,3,2,3,2427,9,1090
충청남도,천안시서북구,,성환읍제10투,2604,1984,922,1050,0,1,2,1,1976,8,620
충청남도,천안시서북구,성거읍,소계,15358,10849,5653,5146,3,5,14,11,10832,17,4509
충청남도,천안시서북구,,성거읍제1투,3637,2380,1185,1177,0,2,4,4,2372,8,1257
충청남도,천안시서북구,,성거읍제2투,2419,1722,982,730,0,0,1,6,1719,3,697
충청남도,천안시서북구,,성거읍제3투,3617,2876,1207,1662,1,2,1,0,2873,3,741
충청남도,천안시서북구,,성거읍제4투,3452,2470,1427,1032,2,1,5,1,2468,2,982
충청남도,천안시서북구,,성거읍제5투,2233,1401,852,545,0,0,3,0,1400,1,832
충청남도,천안시서북구,직산읍,소계,16789,11608,6170,5341,5,8,23,20,11567,41,5181
충청남도,천안시서북구,,직산읍제1투,1977,1438,954,460,0,2,6,8,1430,8,539
충청남도,천안시서북구,,직산읍제2투,3404,2420,1213,1194,1,1,4,2,2415,5,984
충청남도,천안시서북구,,직산읍제3투,3095,2088,1222,842,2,0,3,6,2075,13,1007
충청남도,천안시서북구,,직산읍제4투,2735,1888,972,903,0,1,3,3,1882,6,847
충청남도,천안시서북구,,직산읍제5투,2863,1795,841,943,0,1,4,0,1789,6,1068
충청남도,천안시서북구,,직산읍제6투,2715,1979,968,999,2,3,3,1,1976,3,736
충청남도,천안시서북구,입장면,소계,8651,6007,3681,2264,0,6,6,19,5976,31,2644
충청남도,천안시서북구,,입장면제1투,2961,2000,1205,785,0,2,1,3,1996,4,961
충청남도,천안시서북구,,입장면제2투,1323,985,609,363,0,0,2,5,979,6,338
충청남도,천안시서북구,,입장면제3투,3380,2287,1375,888,0,2,2,6,2273,14,1093
충청남도,천안시서북구,,입장면제4투,987,735,492,228,0,2,1,5,728,7,252
충청남도,천안시서북구,성정1동,소계,15270,9749,5522,4167,5,6,21,8,9729,20,5521
충청남도,천안시서북구,,성정1동제1투,2457,1625,1021,587,1,1,4,4,1618,7,832
충청남도,천안시서북구,,성정1동제2투,4892,2904,1465,1423,1,3,4,3,2899,5,1988
충청남도,천안시서북구,,성정1동제3투,3329,2018,1090,917,2,1,4,1,2015,3,1311
충청남도,천안시서북구,,성정1동제4투,2310,1439,938,493,0,1,5,0,1437,2,871
충청남도,천안시서북구,,성정1동제5투,2282,1763,1008,747,1,0,4,0,1760,3,519
충청남도,천안시서북구,성정2동,소계,19953,12280,6072,6147,5,2,10,10,12246,34,7673
충청남도,천안시서북구,,성정2동제1투,5134,3076,1416,1643,1,0,4,2,3066,10,2058
충청남도,천안시서북구,,성정2동제2투,3163,2380,1337,1032,1,1,2,2,2375,5,783
충청남도,천안시서북구,,성정2동제3투,4185,2377,1102,1260,1,0,1,3,2367,10,1808
충청남도,천안시서북구,,성정2동제4투,4419,2472,1210,1254,1,1,1,0,2467,5,1947
충청남도,천안시서북구,,성정2동제5투,3052,1975,1007,958,1,0,2,3,1971,4,1077
충청남도,천안시서북구,쌍용1동,소계,12480,9252,5011,4194,3,5,15,6,9234,18,3228
충청남도,천안시서북구,,쌍용1동제1투,3126,2278,1235,1029,2,1,3,2,2272,6,848
충청남도,천안시서북구,,쌍용1동제2투,3673,2542,1398,1132,1,2,4,0,2537,5,1131
충청남도,천안시서북구,,쌍용1동제3투,2506,1998,1043,946,0,2,1,2,1994,4,508
충청남도,천안시서북구,,쌍용1동제4투,3175,2434,1335,1087,0,0,7,2,2431,3,741
충청남도,천안시서북구,쌍용2동,소계,29348,22753,10554,12091,4,14,29,14,22706,47,6595
충청남도,천안시서북구,,쌍용2동제1투,4536,3310,1663,1633,0,1,4,1,3302,8,1226
충청남도,천안시서북구,,쌍용2동제2투,3412,2642,1299,1328,0,3,3,2,2635,7,770
충청남도,천안시서북구,,쌍용2동제3투,2892,2016,791,1216,1,2,2,2,2014,2,876
충청남도,천안시서북구,,쌍용2동제4투,4779,3797,1668,2107,1,4,5,2,3787,10,982
충청남도,천안시서북구,,쌍용2동제5투,2220,1642,630,1002,0,2,4,1,1639,3,578
충청남도,천안시서북구,,쌍용2동제6투,3494,2756,1259,1484,1,1,4,3,2752,4,738
충청남도,천안시서북구,,쌍용2동제7투,3555,3030,1422,1597,1,0,2,1,3023,7,525
충청남도,천안시서북구,,쌍용2동제8투,4460,3560,1822,1724,0,1,5,2,3554,6,900
충청남도,천안시서북구,쌍용3동,소계,15989,12237,5985,6167,5,5,19,20,12201,36,3752
충청남도,천안시서북구,,쌍용3동제1투,3393,2699,1451,1229,1,1,4,3,2689,10,694
충청남도,천안시서북구,,쌍용3동제2투,2794,1953,1065,854,2,2,8,9,1940,13,841
충청남도,천안시서북구,,쌍용3동제3투,2095,1593,807,778,2,0,0,3,1590,3,502
충청남도,천안시서북구,,쌍용3동제4투,2795,2097,804,1284,0,1,1,3,2093,4,698
충청남도,천안시서북구,,쌍용3동제5투,2806,2187,873,1309,0,0,2,1,2185,2,619
충청남도,천안시서북구,,쌍용3동제6투,2106,1708,985,713,0,1,4,1,1704,4,398
충청남도,천안시서북구,백석동,소계,34514,27303,12441,14752,3,10,41,17,27264,39,7211
충청남도,천안시서북구,,백석동제1투,5163,4188,1935,2231,0,2,8,2,4178,10,975
충청남도,천안시서북구,,백석동제2투,4110,3341,1364,1969,0,0,0,2,3335,6,769
충청남도,천안시서북구,,백석동제3투,5026,3827,1767,2042,0,3,6,3,3821,6,1199
충청남도,천안시서북구,,백석동제4투,4330,3264,1501,1748,1,1,7,3,3261,3,1066
충청남도,천안시서북구,,백석동제5투,2411,1913,1011,896,0,0,4,0,1911,2,498
충청남도,천안시서북구,,백석동제6투,3593,2806,1323,1471,2,0,4,3,2803,3,787
충청남도,천안시서북구,,백석동제7투,4363,3474,1508,1954,0,1,5,2,3470,4,889
충청남도,천안시서북구,,백석동제8투,3259,2585,1144,1431,0,1,4,2,2582,3,674
충청남도,천안시서북구,,백석동제9투,2259,1905,888,1010,0,2,3,0,1903,2,354
충청남도,천안시서북구,부성동,소계,44583,32186,14080,17963,5,12,33,26,32119,67,12397
충청남도,천안시서북구,,부성동제1투,2314,1808,791,1006,0,2,3,2,1804,4,506
충청남도,천안시서북구,,부성동제2투,2959,2043,1183,845,1,0,2,7,2038,5,916
충청남도,천안시서북구,,부성동제3투,1694,1174,751,410,0,1,2,3,1167,7,520
충청남도,천안시서북구,,부성동제4투,4054,2944,1203,1729,0,2,2,2,2938,6,1110
충청남도,천안시서북구,,부성동제5투,3177,2571,1230,1331,1,0,1,3,2566,5,606
충청남도,천안시서북구,,부성동제6투,4594,3087,1194,1886,0,0,3,1,3084,3,1507
충청남도,천안시서북구,,부성동제7투,4886,3288,1293,1981,0,2,4,2,3282,6,1598
충청남도,천안시서북구,,부성동제8투,2915,2374,1106,1255,1,0,6,2,2370,4,541
충청남도,천안시서북구,,부성동제9투,5010,3363,1348,1997,1,3,4,1,3354,9,1647
충청남도,천안시서북구,,부성동제10투,3411,2444,976,1463,0,0,1,1,2441,3,967
충청남도,천안시서북구,,부성동제11투,1764,1382,590,787,0,0,1,1,1379,3,382
충청남도,천안시서북구,,부성동제12투,3110,2301,961,1331,1,1,1,0,2295,6,809
충청남도,천안시서북구,,부성동제13투,4695,3407,1454,1942,0,1,3,1,3401,6,1288
충청남도,천안시동남구,소계,,199108,144876,78289,65604,47,49,213,247,144449,427,54232
충청남도,천안시동남구,재외투표,,687,468,166,301,0,0,0,0,467,1,219
충청남도,천안시동남구,국내부재자투표,,4465,4140,1980,2058,8,4,7,13,4070,70,325
충청남도,천안시동남구,소계,,193956,140268,76143,63245,39,45,206,234,139912,356,53688
충청남도,천안시동남구,목천읍,소계,19260,13561,6887,6592,2,3,20,26,13530,31,5699
충청남도,천안시동남구,,목천읍제1투,2910,2034,1192,835,0,1,3,2,2033,1,876
충청남도,천안시동남구,,목천읍제2투,1699,1251,743,502,0,0,1,4,1250,1,448
충청남도,천안시동남구,,목천읍제3투,762,533,371,149,0,0,2,4,526,7,229
충청남도,천안시동남구,,목천읍제4투,1009,737,472,258,0,0,1,4,735,2,272
충청남도,천안시동남구,,목천읍제5투,3023,1998,1032,957,0,0,2,3,1994,4,1025
충청남도,천안시동남구,,목천읍제6투,3393,2480,1076,1387,2,1,5,3,2474,6,913
충청남도,천안시동남구,,목천읍제7투,1658,1197,557,634,0,0,1,2,1194,3,461
충청남도,천안시동남구,,목천읍제8투,4806,3331,1444,1870,0,1,5,4,3324,7,1475
충청남도,천안시동남구,풍세면,소계,4022,2950,1929,984,2,2,6,16,2939,11,1072
충청남도,천안시동남구,,풍세면제1투,1536,1125,718,394,0,0,4,5,1121,4,411
충청남도,천안시동남구,,풍세면제2투,837,616,419,187,1,1,1,5,614,2,221
충청남도,천안시동남구,,풍세면제3투,1649,1209,792,403,1,1,1,6,1204,5,440
충청남도,천안시동남구,광덕면,소계,3880,2760,1806,916,0,0,6,14,2742,18,1120
충청남도,천안시동남구,,광덕면제1투,1500,1002,700,292,0,0,1,3,996,6,498
충청남도,천안시동남구,,광덕면제2투,1436,1085,693,373,0,0,4,7,1077,8,351
충청남도,천안시동남구,,광덕면제3투,944,673,413,251,0,0,1,4,669,4,271
충청남도,천안시동남구,북면,소계,4113,2784,1696,1057,1,1,8,11,2774,10,1329
충청남도,천안시동남구,,북면제1투,2635,1735,997,723,1,1,2,5,1729,6,900
충청남도,천안시동남구,,북면제2투,730,508,332,169,0,0,3,4,508,0,222
충청남도,천안시동남구,,북면제3투,748,541,367,165,0,0,3,2,537,4,207
충청남도,천안시동남구,성남면,소계,3250,2365,1537,791,1,1,6,17,2353,12,885
충청남도,천안시동남구,,성남면제1투,1152,875,585,283,0,0,1,4,873,2,277
충청남도,천안시동남구,,성남면제2투,2098,1490,952,508,1,1,5,13,1480,10,608
충청남도,천안시동남구,수신면,소계,2192,1614,1059,528,1,1,0,17,1606,8,578
충청남도,천안시동남구,,수신면제1투,1427,1063,700,348,0,1,0,9,1058,5,364
충청남도,천안시동남구,,수신면제2투,765,551,359,180,1,0,0,8,548,3,214
충청남도,천안시동남구,병천면,소계,5470,3841,2334,1475,1,1,3,15,3829,12,1629
충청남도,천안시동남구,,병천면제1투,3133,2154,1273,870,1,0,1,4,2149,5,979
충청남도,천안시동남구,,병천면제2투,1520,1085,678,393,0,1,1,5,1078,7,435
충청남도,천안시동남구,,병천면제3투,817,602,383,212,0,0,1,6,602,0,215
충청남도,천안시동남구,동면,소계,2174,1602,1086,470,2,1,6,17,1582,20,572
충청남도,천안시동남구,,동면투표소,2174,1602,1086,470,2,1,6,17,1582,20,572
충청남도,천안시동남구,중앙동,소계,5296,3645,2469,1158,3,1,6,0,3637,8,1651
충청남도,천안시동남구,,중앙동제1투,1677,1124,752,368,1,1,1,0,1123,1,553
충청남도,천안시동남구,,중앙동제2투,1707,1207,859,342,0,0,4,0,1205,2,500
충청남도,천안시동남구,,중앙동제3투,1912,1314,858,448,2,0,1,0,1309,5,598
충청남도,천안시동남구,문성동,소계,4426,2835,1737,1085,0,0,3,4,2829,6,1591
충청남도,천안시동남구,,문성동제1투,1831,1086,686,397,0,0,1,1,1085,1,745
충청남도,천안시동남구,,문성동제2투,2595,1749,1051,688,0,0,2,3,1744,5,846
충청남도,천안시동남구,원성1동,소계,8468,5946,3657,2255,2,2,12,5,5933,13,2522
충청남도,천안시동남구,,원성1동제1투,2697,1919,1138,773,0,1,0,2,1914,5,778
충청남도,천안시동남구,,원성1동제2투,2165,1430,875,537,2,1,8,3,1426,4,735
충청남도,천안시동남구,,원성1동제3투,2196,1549,984,559,0,0,3,0,1546,3,647
충청남도,천안시동남구,,원성1동제4투,1410,1048,660,386,0,0,1,0,1047,1,362
충청남도,천안시동남구,원성2동,소계,10438,7313,4484,2780,1,5,11,7,7288,25,3125
충청남도,천안시동남구,,원성2동제1투,2085,1493,954,526,0,0,4,3,1487,6,592
충청남도,천안시동남구,,원성2동제2투,3046,2223,1351,855,1,2,1,3,2213,10,823
충청남도,천안시동남구,,원성2동제3투,2250,1548,917,623,0,1,4,0,1545,3,702
충청남도,천안시동남구,,원성2동제4투,3057,2049,1262,776,0,2,2,1,2043,6,1008
충청남도,천안시동남구,봉명동,소계,16749,11117,6061,4998,1,5,14,14,11093,24,5632
충청남도,천안시동남구,,봉명동제1투,2930,1708,895,801,0,2,5,4,1707,1,1222
충청남도,천안시동남구,,봉명동제2투,3524,2289,1289,989,0,0,0,4,2282,7,1235
충청남도,천안시동남구,,봉명동제3투,2019,1261,768,486,0,0,3,1,1258,3,758
충청남도,천안시동남구,,봉명동제4투,2222,1497,943,545,1,2,2,0,1493,4,725
충청남도,천안시동남구,,봉명동제5투,3537,2563,1359,1191,0,1,4,2,2557,6,974
충청남도,천안시동남구,,봉명동제6투,2517,1799,807,986,0,0,0,3,1796,3,718
충청남도,천안시동남구,일봉동,소계,17189,12916,6731,6130,1,0,14,11,12887,29,4273
충청남도,천안시동남구,,일봉동제1투,3998,2669,1529,1116,1,0,4,5,2655,14,1329
충청남도,천안시동남구,,일봉동제2투,2982,2221,1203,1010,0,0,0,1,2214,7,761
충청남도,천안시동남구,,일봉동제3투,3132,2251,1275,967,0,0,4,3,2249,2,881
충청남도,천안시동남구,,일봉동제4투,4117,3379,1663,1708,0,0,4,0,3375,4,738
충청남도,천안시동남구,,일봉동제5투,2960,2396,1061,1329,0,0,2,2,2394,2,564
충청남도,천안시동남구,신방동,소계,28765,21822,10160,11577,8,5,27,16,21793,29,6943
충청남도,천안시동남구,,신방동제1투,2924,2327,1180,1140,0,0,2,3,2325,2,597
충청남도,천안시동남구,,신방동제2투,3177,2602,1195,1396,1,0,5,1,2598,4,575
충청남도,천안시동남구,,신방동제3투,3846,3092,1336,1742,2,1,1,3,3085,7,754
충청남도,천안시동남구,,신방동제4투,3004,2463,1123,1332,1,0,4,1,2461,2,541
충청남도,천안시동남구,,신방동제5투,2987,1867,893,972,0,0,2,0,1867,0,1120
충청남도,천안시동남구,,신방동제6투,3184,1933,908,1015,0,1,4,2,1930,3,1251
충청남도,천안시동남구,,신방동제7투,1575,1115,585,521,0,1,4,1,1112,3,460
충청남도,천안시동남구,,신방동제8투,3383,2739,1408,1319,3,1,1,2,2734,5,644
충청남도,천안시동남구,,신방동제9투,4685,3684,1532,2140,1,1,4,3,3681,3,1001
충청남도,천안시동남구,청룡동,소계,31640,24131,12522,11482,10,6,34,26,24080,51,7509
충청남도,천안시동남구,,청룡동제1투,3272,2364,1415,936,4,1,3,2,2361,3,908
충청남도,천안시동남구,,청룡동제2투,3017,2341,1358,969,1,0,5,5,2338,3,676
충청남도,천안시동남구,,청룡동제3투,5050,4000,1912,2075,0,0,4,2,3993,7,1050
충청남도,천안시동남구,,청룡동제4투,4786,3789,1897,1877,0,1,2,6,3783,6,997
충청남도,천안시동남구,,청룡동제5투,4433,3193,1891,1284,1,1,6,4,3187,6,1240
충청남도,천안시동남구,,청룡동제6투,1441,942,626,301,0,1,2,4,934,8,499
충청남도,천안시동남구,,청룡동제7투,4215,3377,1563,1794,3,2,5,1,3368,9,838
충청남도,천안시동남구,,청룡동제8투,2099,1618,673,933,1,0,5,2,1614,4,481
충청남도,천안시동남구,,청룡동제9투,3327,2507,1187,1313,0,0,2,0,2502,5,820
충청남도,천안시동남구,신안동,소계,26624,19066,9988,8967,3,11,30,18,19017,49,7558
충청남도,천안시동남구,,신안동제1투,3391,2233,1176,1047,0,0,3,1,2227,6,1158
충청남도,천안시동남구,,신안동제2투,2227,1469,855,604,0,0,1,5,1465,4,758
충청남도,천안시동남구,,신안동제3투,2735,1819,991,817,0,1,0,3,1812,7,916
충청남도,천안시동남구,,신안동제4투,3514,2701,1466,1217,1,1,6,4,2695,6,813
충청남도,천안시동남구,,신안동제5투,4024,3103,1477,1607,1,6,4,2,3097,6,921
충청남도,천안시동남구,,신안동제6투,3400,2482,1189,1284,0,0,3,0,2476,6,918
충청남도,천안시동남구,,신안동제7투,1550,917,531,377,1,1,1,1,912,5,633
충청남도,천안시동남구,,신안동제8투,3025,2165,987,1162,0,1,8,1,2159,6,860
충청남도,천안시동남구,,신안동제9투,2758,2177,1316,852,0,1,4,1,2174,3,581
충청남도,공주시,소계,,96127,70778,39883,30141,39,30,109,218,70420,358,25349
충청남도,공주시,재외투표,,288,203,86,113,0,0,2,0,201,2,85
충청남도,공주시,국내부재자투표,,2793,2575,1178,1329,6,7,5,7,2532,43,218
충청남도,공주시,소계,,93046,68000,38619,28699,33,23,102,211,67687,313,25046
충청남도,공주시,유구읍,소계,7408,5264,3538,1665,1,0,8,20,5232,32,2144
충청남도,공주시,,유구읍제1투,2034,1422,967,445,1,0,3,1,1417,5,612
충청남도,공주시,,유구읍제2투,1621,1179,778,392,0,0,0,3,1173,6,442
충청남도,공주시,,유구읍제3투,2219,1602,1118,461,0,0,2,9,1590,12,617
충청남도,공주시,,유구읍제4투,1534,1061,675,367,0,0,3,7,1052,9,473
충청남도,공주시,이인면,소계,3394,2503,1561,907,1,1,3,17,2490,13,891
충청남도,공주시,,이인면제1투,1895,1387,908,468,1,0,2,6,1385,2,508
충청남도,공주시,,이인면제2투,1499,1116,653,439,0,1,1,11,1105,11,383
충청남도,공주시,탄천면,소계,3071,2139,1271,817,3,3,6,14,2114,25,932
충청남도,공주시,,탄천면제1투,2022,1393,841,515,2,1,3,11,1373,20,629
충청남도,공주시,,탄천면제2투,1049,746,430,302,1,2,3,3,741,5,303
충청남도,공주시,계룡면,소계,5589,3984,2386,1552,3,2,7,13,3963,21,1605
충청남도,공주시,,계룡면제1투,2041,1448,811,615,0,1,2,7,1436,12,593
충청남도,공주시,,계룡면제2투,586,417,262,150,0,0,1,2,415,2,169
충청남도,공주시,,계룡면제3투,1106,807,531,268,3,0,2,2,806,1,299
충청남도,공주시,,계룡면제4투,1856,1312,782,519,0,1,2,2,1306,6,544
충청남도,공주시,반포면,소계,4153,3005,1774,1166,4,2,11,15,2972,33,1148
충청남도,공주시,,반포면제1투,2458,1774,1019,708,4,2,6,9,1748,26,684
충청남도,공주시,,반포면제2투,1695,1231,755,458,0,0,5,6,1224,7,464
충청남도,공주시,의당면,소계,4620,3298,1806,1459,2,1,5,11,3284,14,1322
충청남도,공주시,,의당면제1투,2524,1737,910,813,0,1,2,4,1730,7,787
충청남도,공주시,,의당면제2투,885,688,371,308,0,0,3,2,684,4,197
충청남도,공주시,,의당면제3투,1211,873,525,338,2,0,0,5,870,3,338
충청남도,공주시,정안면,소계,4678,3353,2101,1207,3,1,6,20,3338,15,1325
충청남도,공주시,,정안면제1투,1612,1190,815,363,1,0,2,3,1184,6,422
충청남도,공주시,,정안면제2투,1089,777,468,294,1,1,1,5,770,7,312
충청남도,공주시,,정안면제3투,1977,1386,818,550,1,0,3,12,1384,2,591
충청남도,공주시,우성면,소계,5235,3839,2238,1556,3,0,3,18,3818,21,1396
충청남도,공주시,,우성면제1투,1150,828,522,295,0,0,0,4,821,7,322
충청남도,공주시,,우성면제2투,1306,961,552,401,1,0,0,6,960,1,345
충청남도,공주시,,우성면제3투,1693,1276,660,601,2,0,3,3,1269,7,417
충청남도,공주시,,우성면제4투,1086,774,504,259,0,0,0,5,768,6,312
충청남도,공주시,사곡면,소계,2944,2197,1342,808,3,2,5,21,2181,16,747
충청남도,공주시,,사곡면제1투,1800,1336,840,470,1,1,4,12,1328,8,464
충청남도,공주시,,사곡면제2투,1144,861,502,338,2,1,1,9,853,8,283
충청남도,공주시,신풍면,소계,3018,2161,1396,741,0,0,0,16,2153,8,857
충청남도,공주시,,신풍면제1투,2093,1485,989,481,0,0,0,10,1480,5,608
충청남도,공주시,,신풍면제2투,925,676,407,260,0,0,0,6,673,3,249
충청남도,공주시,중학동,소계,5302,3844,2183,1634,2,2,6,6,3833,11,1458
충청남도,공주시,,중학동제1투,1176,799,456,332,0,1,1,2,792,7,377
충청남도,공주시,,중학동제2투,1312,952,556,390,1,1,2,1,951,1,360
충청남도,공주시,,중학동제3투,1410,1056,595,456,1,0,1,2,1055,1,354
충청남도,공주시,,중학동제4투,1404,1037,576,456,0,0,2,1,1035,2,367
충청남도,공주시,웅진동,소계,7569,5541,3168,2334,1,3,9,6,5521,20,2028
충청남도,공주시,,웅진동제1투,1273,847,496,349,0,0,1,0,846,1,426
충청남도,공주시,,웅진동제2투,1685,1205,713,481,1,0,4,0,1199,6,480
충청남도,공주시,,웅진동제3투,2693,2076,1207,853,0,2,4,4,2070,6,617
충청남도,공주시,,웅진동제4투,1918,1413,752,651,0,1,0,2,1406,7,505
충청남도,공주시,금학동,소계,4684,3433,1865,1535,1,0,5,5,3411,22,1251
충청남도,공주시,,금학동제1투,3188,2404,1198,1192,0,0,3,5,2398,6,784
충청남도,공주시,,금학동제2투,1496,1029,667,343,1,0,2,0,1013,16,467
충청남도,공주시,옥룡동,소계,8720,6216,3439,2727,3,3,8,10,6190,26,2504
충청남도,공주시,,옥룡동제1투,1756,1332,752,577,0,0,0,0,1329,3,424
충청남도,공주시,,옥룡동제2투,1286,880,517,355,0,1,1,3,877,3,406
충청남도,공주시,,옥룡동제3투,2424,1686,918,756,0,0,3,2,1679,7,738
충청남도,공주시,,옥룡동제4투,2039,1446,741,692,1,0,2,3,1439,7,593
충청남도,공주시,,옥룡동제5투,1215,872,511,347,2,2,2,2,866,6,343
충청남도,공주시,신관동,소계,14932,11085,5558,5478,1,2,11,11,11061,24,3847
충청남도,공주시,,신관동제1투,3041,2280,1190,1087,0,1,2,0,2280,0,761
충청남도,공주시,,신관동제2투,3230,2529,1219,1293,1,1,3,4,2521,8,701
충청남도,공주시,,신관동제3투,2716,2018,947,1057,0,0,2,5,2011,7,698
충청남도,공주시,,신관동제4투,3103,2107,999,1101,0,0,2,1,2103,4,996
충청남도,공주시,,신관동제5투,2842,2151,1203,940,0,0,2,1,2146,5,691
충청남도,공주시,월송동,소계,7729,6138,2993,3113,2,1,9,8,6126,12,1591
충청남도,공주시,,월송동제1투,3780,3005,1339,1651,2,0,4,3,2999,6,775
충청남도,공주시,,월송동제2투,3050,2459,1245,1204,0,0,4,3,2456,3,591
충청남도,공주시,,월송동제3투,899,674,409,258,0,1,1,2,671,3,225
충청남도,보령시,소계,,86140,62879,38636,23493,33,34,108,233,62537,342,23261
충청남도,보령시,재외투표,,198,146,60,85,0,0,0,1,146,0,52
충청남도,보령시,국내부재자투표,,3006,2675,1215,1393,4,3,10,8,2633,42,331
충청남도,보령시,소계,,82936,60058,37361,22015,29,31,98,224,59758,300,22878
충청남도,보령시,웅천읍,소계,6168,4395,2974,1364,0,0,7,23,4368,27,1773
충청남도,보령시,,웅천읍제1투,2282,1616,1079,528,0,0,1,4,1612,4,666
충청남도,보령시,,웅천읍제2투,2304,1633,1131,474,0,0,4,11,1620,13,671
충청남도,보령시,,웅천읍제3투,1582,1146,764,362,0,0,2,8,1136,10,436
충청남도,보령시,주포면,소계,1521,1090,673,401,1,0,4,7,1086,4,431
충청남도,보령시,,주포면투표소,1521,1090,673,401,1,0,4,7,1086,4,431
충청남도,보령시,주교면,소계,4758,3297,1993,1215,3,4,12,24,3251,46,1461
충청남도,보령시,,주교면제1투,2800,1913,1127,718,2,4,9,15,1875,38,887
충청남도,보령시,,주교면제2투,1958,1384,866,497,1,0,3,9,1376,8,574
충청남도,보령시,오천면,소계,4559,3048,2100,900,5,3,3,15,3026,22,1511
충청남도,보령시,,오천면제1투,1278,924,623,290,1,1,1,4,920,4,354
충청남도,보령시,,오천면제2투,657,472,321,146,0,1,0,2,470,2,185
충청남도,보령시,,오천면제3투,293,188,122,64,0,0,0,0,186,2,105
충청남도,보령시,,오천면제4투,920,592,441,134,1,1,0,6,583,9,328
충청남도,보령시,,오천면제5투,380,220,155,62,0,0,1,1,219,1,160
충청남도,보령시,,오천면제6투,168,117,94,21,0,0,0,1,116,1,51
충청남도,보령시,,오천면제7투,191,153,86,63,2,0,0,0,151,2,38
충청남도,보령시,,오천면제8투,153,93,68,24,0,0,1,0,93,0,60
충청남도,보령시,,오천면제9투,164,103,80,22,0,0,0,1,103,0,61
충청남도,보령시,,오천면제10투,355,186,110,74,1,0,0,0,185,1,169
충청남도,보령시,천북면,소계,3484,2511,1484,981,2,0,4,22,2493,18,973
충청남도,보령시,,천북면제1투,2364,1699,999,674,2,0,2,12,1689,10,665
충청남도,보령시,,천북면제2투,1120,812,485,307,0,0,2,10,804,8,308
충청남도,보령시,청소면,소계,2756,2068,1449,588,3,2,5,9,2056,12,688
충청남도,보령시,,청소면제1투,1847,1387,989,374,3,2,3,7,1378,9,460
충청남도,보령시,,청소면제2투,909,681,460,214,0,0,2,2,678,3,228
충청남도,보령시,청라면,소계,3755,2742,1881,824,5,5,5,10,2730,12,1013
충청남도,보령시,,청라면제1투,1333,970,673,283,2,2,2,3,965,5,363
충청남도,보령시,,청라면제2투,1350,996,691,291,1,2,1,5,991,5,354
충청남도,보령시,,청라면제3투,1072,776,517,250,2,1,2,2,774,2,296
충청남도,보령시,남포면,소계,4804,3454,2237,1152,0,3,4,31,3427,27,1350
충청남도,보령시,,남포면제1투,1811,1307,843,443,0,0,2,8,1296,11,504
충청남도,보령시,,남포면제2투,1819,1304,862,417,0,1,0,15,1295,9,515
충청남도,보령시,,남포면제3투,1174,843,532,292,0,2,2,8,836,7,331
충청남도,보령시,주산면,소계,2516,1932,1235,661,1,1,3,15,1916,16,584
충청남도,보령시,,주산면제1투,1881,1463,979,462,1,0,1,10,1453,10,418
충청남도,보령시,,주산면제2투,635,469,256,199,0,1,2,5,463,6,166
충청남도,보령시,미산면,소계,1727,1316,926,365,0,0,1,10,1302,14,411
충청남도,보령시,,미산면제1투,606,456,316,131,0,0,1,3,451,5,150
충청남도,보령시,,미산면제2투,586,452,316,126,0,0,0,5,447,5,134
충청남도,보령시,,미산면제3투,535,408,294,108,0,0,0,2,404,4,127
충청남도,보령시,성주면,소계,2373,1616,1011,588,1,1,3,6,1610,6,757
충청남도,보령시,,성주면제1투,1690,1131,723,395,1,1,2,4,1126,5,559
충청남도,보령시,,성주면제2투,683,485,288,193,0,0,1,2,484,1,198
충청남도,보령시,대천1동,소계,12191,9126,5260,3825,3,2,13,7,9110,16,3065
충청남도,보령시,,대천1동제1투,2232,1577,1077,493,1,0,2,1,1574,3,655
충청남도,보령시,,대천1동제2투,3667,2773,1422,1337,1,2,5,2,2769,4,894
충청남도,보령시,,대천1동제3투,2323,1643,1055,576,1,0,3,1,1636,7,680
충청남도,보령시,,대천1동제4투,3969,3133,1706,1419,0,0,3,3,3131,2,836
충청남도,보령시,대천2동,소계,5676,4145,2666,1454,1,2,7,5,4135,10,1531
충청남도,보령시,,대천2동제1투,1939,1403,910,485,1,1,0,1,1398,5,536
충청남도,보령시,,대천2동제2투,1120,805,599,202,0,0,2,2,805,0,315
충청남도,보령시,,대천2동제3투,2617,1937,1157,767,0,1,5,2,1932,5,680
충청남도,보령시,대천3동,소계,9854,7171,4197,2921,2,3,9,13,7145,26,2683
충청남도,보령시,,대천3동제1투,2697,1869,1187,669,0,2,1,4,1863,6,828
충청남도,보령시,,대천3동제2투,2258,1775,917,841,2,0,6,3,1769,6,483
충청남도,보령시,,대천3동제3투,2606,1838,1138,690,0,0,1,2,1831,7,768
충청남도,보령시,,대천3동제4투,2293,1689,955,721,0,1,1,4,1682,7,604
충청남도,보령시,대천4동,소계,10615,7872,4432,3379,1,3,12,15,7842,30,2743
충청남도,보령시,,대천4동제1투,1294,890,552,325,0,0,2,3,882,8,404
충청남도,보령시,,대천4동제2투,2235,1736,1015,712,0,1,1,0,1729,7,499
충청남도,보령시,,대천4동제3투,2555,1832,1098,712,1,0,3,9,1823,9,723
충청남도,보령시,,대천4동제4투,4531,3414,1767,1630,0,2,6,3,3408,6,1117
충청남도,보령시,대천5동,소계,6179,4275,2843,1397,1,2,6,12,4261,14,1904
충청남도,보령시,,대천5동제1투,1745,1236,842,384,0,0,0,4,1230,6,509
충청남도,보령시,,대천5동제2투,2142,1411,924,477,0,1,4,1,1407,4,731
충청남도,보령시,,대천5동제3투,2292,1628,1077,536,1,1,2,7,1624,4,664
충청남도,아산시,소계,,212382,154698,81388,72189,51,101,232,237,154198,500,57684
충청남도,아산시,재외투표,,615,417,165,248,0,0,2,0,415,2,198
충청남도,아산시,국내부재자투표,,4604,4252,2085,2030,6,12,19,10,4162,90,352
충청남도,아산시,소계,,207163,150029,79138,69911,45,89,211,227,149621,408,57134
충청남도,아산시,염치읍,소계,6144,4273,2625,1612,2,1,6,10,4256,17,1871
충청남도,아산시,,염치읍제1투,1582,1130,712,401,1,0,2,3,1119,11,452
충청남도,아산시,,염치읍제2투,1928,1323,756,558,0,1,2,3,1320,3,605
충청남도,아산시,,염치읍제3투,2634,1820,1157,653,1,0,2,4,1817,3,814
충청남도,아산시,배방읍,소계,44689,33756,14710,18876,11,6,46,28,33677,79,10933
충청남도,아산시,,배방읍제1투,924,680,461,215,0,0,0,3,679,1,244
충청남도,아산시,,배방읍제2투,4098,2751,1512,1221,2,0,1,3,2739,12,1347
충청남도,아산시,,배방읍제3투,2289,1828,730,1091,1,0,4,0,1826,2,461
충청남도,아산시,,배방읍제4투,3367,2785,1135,1635,0,1,5,1,2777,8,582
충청남도,아산시,,배방읍제5투,5058,3406,1148,2242,1,1,5,1,3398,8,1652
충청남도,아산시,,배방읍제6투,2498,2000,838,1158,0,1,2,1,2000,0,498
충청남도,아산시,,배방읍제7투,3760,2736,1054,1669,1,0,3,1,2728,8,1024
충청남도,아산시,,배방읍제8투,1809,1252,791,445,3,0,3,5,1247,5,557
충청남도,아산시,,배방읍제9투,3775,3099,1246,1844,0,1,3,2,3096,3,676
충청남도,아산시,,배방읍제10투,1259,882,547,326,0,0,3,4,880,2,377
충청남도,아산시,,배방읍제11투,2032,1430,654,767,1,1,2,1,1426,4,602
충청남도,아산시,,배방읍제12투,4040,3172,1354,1806,1,0,1,1,3163,9,868
충청남도,아산시,,배방읍제13투,3759,2898,1208,1675,1,1,4,2,2891,7,861
충청남도,아산시,,배방읍제14투,2808,2354,1041,1307,0,0,4,0,2352,2,454
충청남도,아산시,,배방읍제15투,1593,1338,559,774,0,0,1,1,1335,3,255
충청남도,아산시,,배방읍제16투,1620,1145,432,701,0,0,5,2,1140,5,475
충청남도,아산시,송악면,소계,3234,2377,1541,809,1,2,3,5,2361,16,857
충청남도,아산시,,송악면제1투,1608,1175,773,393,0,1,1,0,1168,7,433
충청남도,아산시,,송악면제2투,1066,785,489,283,1,1,1,3,778,7,281
충청남도,아산시,,송악면제3투,560,417,279,133,0,0,1,2,415,2,143
충청남도,아산시,탕정면,소계,13397,9442,3739,5659,2,6,9,11,9426,16,3955
충청남도,아산시,,탕정면제1투,2740,1784,1025,749,0,0,4,2,1780,4,956
충청남도,아산시,,탕정면제2투,3142,1990,917,1057,1,5,1,7,1988,2,1152
충청남도,아산시,,탕정면제3투,3202,1999,438,1558,0,0,0,1,1997,2,1203
충청남도,아산시,,탕정면제4투,4313,3669,1359,2295,1,1,4,1,3661,8,644
충청남도,아산시,음봉면,소계,12191,8449,4402,3990,3,4,12,15,8426,23,3742
충청남도,아산시,,음봉면제1투,1708,1208,791,406,1,1,1,4,1204,4,500
충청남도,아산시,,음봉면제2투,3394,2311,1083,1220,1,1,1,3,2309,2,1083
충청남도,아산시,,음봉면제3투,1481,1108,714,383,0,0,2,4,1103,5,373
충청남도,아산시,,음봉면제4투,3932,2877,1421,1435,0,2,5,4,2867,10,1055
충청남도,아산시,,음봉면제5투,1676,945,393,546,1,0,3,0,943,2,731
충청남도,아산시,둔포면,소계,8542,5996,3886,2060,1,5,12,12,5976,20,2546
충청남도,아산시,,둔포면제1투,2019,1394,930,457,0,1,0,4,1392,2,625
충청남도,아산시,,둔포면제2투,1068,777,544,228,0,0,1,1,774,3,291
충청남도,아산시,,둔포면제3투,1584,1116,745,361,0,0,1,2,1109,7,468
충청남도,아산시,,둔포면제4투,1291,915,594,318,1,0,1,1,915,0,376
충청남도,아산시,,둔포면제5투,2580,1794,1073,696,0,4,9,4,1786,8,786
충청남도,아산시,영인면,소계,5581,4094,2604,1446,2,2,2,17,4073,21,1487
충청남도,아산시,,영인면제1투,1820,1254,776,472,0,0,0,2,1250,4,566
충청남도,아산시,,영인면제2투,1286,1004,644,352,0,0,0,5,1001,3,282
충청남도,아산시,,영인면제3투,1644,1220,805,393,2,2,2,7,1211,9,424
충청남도,아산시,,영인면제4투,831,616,379,229,0,0,0,3,611,5,215
충청남도,아산시,인주면,소계,6578,4605,2493,2061,2,5,12,15,4588,17,1973
충청남도,아산시,,인주면제1투,1971,1381,725,638,1,3,2,4,1373,8,590
충청남도,아산시,,인주면제2투,2580,1739,1040,679,1,1,8,6,1735,4,841
충청남도,아산시,,인주면제3투,2027,1485,728,744,0,1,2,5,1480,5,542
충청남도,아산시,선장면,소계,3392,2506,1816,661,0,2,7,11,2497,9,886
충청남도,아산시,,선장면제1투,1269,940,693,239,0,0,2,2,936,4,329
충청남도,아산시,,선장면제2투,1103,773,554,208,0,1,1,4,768,5,330
충청남도,아산시,,선장면제3투,1020,793,569,214,0,1,4,5,793,0,227
충청남도,아산시,도고면,소계,4356,3247,2300,914,2,1,4,10,3231,16,1109
충청남도,아산시,,도고면제1투,2099,1557,1065,478,1,1,1,4,1550,7,542
충청남도,아산시,,도고면제2투,1187,879,594,278,1,0,2,0,875,4,308
충청남도,아산시,,도고면제3투,1070,811,641,158,0,0,1,6,806,5,259
충청남도,아산시,신창면,소계,15560,10751,5896,4777,2,12,10,16,10713,38,4809
충청남도,아산시,,신창면제1투,1697,1171,781,377,1,1,2,3,1165,6,526
충청남도,아산시,,신창면제2투,1020,735,505,225,0,0,0,2,732,3,285
충청남도,아산시,,신창면제3투,2024,1344,844,489,0,0,0,2,1335,9,680
충청남도,아산시,,신창면제4투,2948,2008,1094,899,0,4,1,5,2003,5,940
충청남도,아산시,,신창면제5투,4238,3067,1533,1512,1,3,7,2,3058,9,1171
충청남도,아산시,,신창면제6투,3633,2426,1139,1275,0,4,0,2,2420,6,1207
충청남도,아산시,온양1동,소계,5494,3763,2450,1294,2,3,1,7,3757,6,1731
충청남도,아산시,,온양1동제1투,1165,784,554,221,2,1,0,3,781,3,381
충청남도,아산시,,온양1동제2투,3109,2228,1373,847,0,2,1,2,2225,3,881
충청남도,아산시,,온양1동제3투,1220,751,523,226,0,0,0,2,751,0,469
충청남도,아산시,온양2동,소계,6929,4724,2954,1752,1,1,4,2,4714,10,2205
충청남도,아산시,,온양2동제1투,2624,1851,1171,673,1,0,3,0,1848,3,773
충청남도,아산시,,온양2동제2투,2314,1613,1011,595,0,0,1,1,1608,5,701
충청남도,아산시,,온양2동제3투,1991,1260,772,484,0,1,0,1,1258,2,731
충청남도,아산시,온양3동,소계,22976,17115,9296,7735,3,12,24,18,17088,27,5861
충청남도,아산시,,온양3동제1투,4214,3188,1666,1510,0,1,6,2,3185,3,1026
충청남도,아산시,,온양3동제2투,4219,2843,1747,1082,1,1,5,4,2840,3,1376
충청남도,아산시,,온양3동제3투,3819,2904,1460,1425,0,4,5,7,2901,3,915
충청남도,아산시,,온양3동제4투,494,375,268,104,0,0,0,1,373,2,119
충청남도,아산시,,온양3동제5투,4307,3232,1863,1354,1,5,1,2,3226,6,1075
충청남도,아산시,,온양3동제6투,3863,2910,1579,1316,1,0,6,1,2903,7,953
충청남도,아산시,,온양3동제7투,2060,1663,713,944,0,1,1,1,1660,3,397
충청남도,아산시,온양4동,소계,14917,10596,5659,4856,5,13,19,19,10571,25,4321
충청남도,아산시,,온양4동제1투,3315,2531,1327,1183,1,4,6,4,2525,6,784
충청남도,아산시,,온양4동제2투,4146,3101,1612,1463,2,4,8,6,3095,6,1045
충청남도,아산시,,온양4동제3투,2269,1578,1012,555,0,1,3,3,1574,4,691
충청남도,아산시,,온양4동제4투,2964,1827,935,876,1,4,1,4,1821,6,1137
충청남도,아산시,,온양4동제5투,2223,1559,773,779,1,0,1,2,1556,3,664
충청남도,아산시,온양5동,소계,14854,10794,5897,4841,2,4,22,11,10777,17,4060
충청남도,아산시,,온양5동제1투,4572,3227,1719,1493,0,1,5,2,3220,7,1345
충청남도,아산시,,온양5동제2투,3719,2652,1568,1068,1,2,7,2,2648,4,1067
충청남도,아산시,,온양5동제3투,2106,1524,858,659,0,0,2,3,1522,2,582
충청남도,아산시,,온양5동제4투,4457,3391,1752,1621,1,1,8,4,3387,4,1066
충청남도,아산시,온양6동,소계,18329,13541,6870,6568,4,10,18,20,13490,51,4788
충청남도,아산시,,온양6동제1투,1525,1040,703,320,0,0,0,7,1030,10,485
충청남도,아산시,,온양6동제2투,2772,2074,1008,1062,1,0,0,1,2072,2,698
충청남도,아산시,,온양6동제3투,1717,1196,812,360,1,2,3,6,1184,12,521
충청남도,아산시,,온양6동제4투,3551,2458,1243,1200,0,0,7,2,2452,6,1093
충청남도,아산시,,온양6동제5투,2699,1875,903,960,0,5,2,0,1870,5,824
충청남도,아산시,,온양6동제6투,3006,2314,1191,1103,0,2,5,4,2305,9,692
충청남도,아산시,,온양6동제7투,3059,2584,1010,1563,2,1,1,0,2577,7,475
충청남도,서산시,소계,,126399,92671,53072,38595,40,74,160,281,92222,449,33728
충청남도,서산시,재외투표,,342,214,81,131,0,0,1,0,213,1,128
충청남도,서산시,국내부재자투표,,4103,3726,1640,1932,11,9,6,30,3628,98,377
충청남도,서산시,소계,,121954,88731,51351,36532,29,65,153,251,88381,350,33223
충청남도,서산시,대산읍,소계,12202,8814,4641,4085,1,5,25,23,8780,34,3388
충청남도,서산시,,대산읍제1투,2899,1946,1104,820,1,2,5,6,1938,8,953
충청남도,서산시,,대산읍제2투,920,635,411,211,0,0,4,6,632,3,285
충청남도,서산시,,대산읍제3투,1458,1082,506,566,0,1,3,2,1078,4,376
충청남도,서산시,,대산읍제4투,2136,1681,688,984,0,0,5,0,1677,4,455
충청남도,서산시,,대산읍제5투,2991,2115,1239,855,0,1,6,5,2106,9,876
충청남도,서산시,,대산읍제6투,1798,1355,693,649,0,1,2,4,1349,6,443
충청남도,서산시,인지면,소계,5824,4300,2627,1630,1,0,8,18,4284,16,1524
충청남도,서산시,,인지면제1투,3899,2884,1619,1242,1,0,4,12,2878,6,1015
충청남도,서산시,,인지면제2투,939,694,498,185,0,0,4,4,691,3,245
충청남도,서산시,,인지면제3투,986,722,510,203,0,0,0,2,715,7,264
충청남도,서산시,부석면,소계,5262,3834,2451,1315,4,4,3,22,3799,35,1428
충청남도,서산시,,부석면제1투,1881,1396,926,442,2,2,0,8,1380,16,485
충청남도,서산시,,부석면제2투,1443,1036,657,358,1,1,2,8,1027,9,407
충청남도,서산시,,부석면제3투,857,625,403,217,0,0,0,2,622,3,232
충청남도,서산시,,부석면제4투,1081,777,465,298,1,1,1,4,770,7,304
충청남도,서산시,팔봉면,소계,3035,2276,1498,735,2,0,4,19,2258,18,759
충청남도,서산시,,팔봉면제1투,1900,1432,901,500,2,0,1,11,1415,17,468
충청남도,서산시,,팔봉면제2투,1006,751,515,226,0,0,3,6,750,1,255
충청남도,서산시,,팔봉면제3투,129,93,82,9,0,0,0,2,93,0,36
충청남도,서산시,지곡면,소계,6614,4654,2595,2012,1,7,10,17,4642,12,1960
충청남도,서산시,,지곡면제1투,3316,2346,1563,758,0,3,5,13,2342,4,970
충청남도,서산시,,지곡면제2투,3298,2308,1032,1254,1,4,5,4,2300,8,990
충청남도,서산시,성연면,소계,2257,1692,1067,594,1,0,1,14,1677,15,565
충청남도,서산시,,성연면투표소,2257,1692,1067,594,1,0,1,14,1677,15,565
충청남도,서산시,음암면,소계,8263,6089,3479,2542,0,10,18,17,6066,23,2174
충청남도,서산시,,음암면제1투,2450,1772,1081,663,0,2,8,10,1764,8,678
충청남도,서산시,,음암면제2투,2792,2036,1174,847,0,5,4,1,2031,5,756
충청남도,서산시,,음암면제3투,1833,1396,657,726,0,3,5,2,1393,3,437
충청남도,서산시,,음암면제4투,1188,885,567,306,0,0,1,4,878,7,303
충청남도,서산시,운산면,소계,4906,3515,2350,1113,6,0,5,22,3496,19,1391
충청남도,서산시,,운산면제1투,2523,1766,1197,554,1,0,1,6,1759,7,757
충청남도,서산시,,운산면제2투,805,581,411,160,2,0,1,5,579,2,224
충청남도,서산시,,운산면제3투,1578,1168,742,399,3,0,3,11,1158,10,410
충청남도,서산시,해미면,소계,6787,4760,3160,1537,2,3,13,21,4736,24,2027
충청남도,서산시,,해미면제1투,1983,1411,936,458,2,1,2,6,1405,6,572
충청남도,서산시,,해미면제2투,2045,1478,1034,418,0,1,4,10,1467,11,567
충청남도,서산시,,해미면제3투,2759,1871,1190,661,0,1,7,5,1864,7,888
충청남도,서산시,고북면,소계,6205,4551,2673,1818,1,4,7,21,4524,27,1654
충청남도,서산시,,고북면제1투,2464,1781,1179,580,0,2,3,6,1770,11,683
충청남도,서산시,,고북면제2투,2338,1724,889,819,1,1,3,5,1718,6,614
충청남도,서산시,,고북면제3투,1403,1046,605,419,0,1,1,10,1036,10,357
충청남도,서산시,부춘동,소계,14033,10230,5522,4641,2,11,12,9,10197,33,3803
충청남도,서산시,,부춘동제1투,1070,754,478,270,0,0,1,2,751,3,316
충청남도,서산시,,부춘동제2투,2743,1970,1097,857,0,3,2,2,1961,9,773
충청남도,서산시,,부춘동제3투,3680,2780,1504,1258,0,3,4,2,2771,9,900
충청남도,서산시,,부춘동제4투,3080,2296,1016,1270,1,4,0,1,2292,4,784
충청남도,서산시,,부춘동제5투,3460,2430,1427,986,1,1,5,2,2422,8,1030
충청남도,서산시,동문1동,소계,12190,8846,5038,3760,0,6,8,7,8819,27,3344
충청남도,서산시,,동문1동제1투,4366,3097,1629,1453,0,3,2,1,3088,9,1269
충청남도,서산시,,동문1동제2투,3366,2293,1550,726,0,2,3,4,2285,8,1073
충청남도,서산시,,동문1동제3투,3575,2794,1378,1402,0,1,3,2,2786,8,781
충청남도,서산시,,동문1동제4투,883,662,481,179,0,0,0,0,660,2,221
충청남도,서산시,동문2동,소계,7826,5607,3396,2182,1,2,4,8,5593,14,2219
충청남도,서산시,,동문2동제1투,1469,961,611,342,0,1,1,2,957,4,508
충청남도,서산시,,동문2동제2투,2363,1656,1092,551,1,1,2,4,1651,5,707
충청남도,서산시,,동문2동제3투,3994,2990,1693,1289,0,0,1,2,2985,5,1004
충청남도,서산시,수석동,소계,11087,8222,4700,3464,3,6,19,12,8204,18,2865
충청남도,서산시,,수석동제1투,1988,1517,819,687,0,1,5,2,1514,3,471
충청남도,서산시,,수석동제2투,4198,3137,1808,1309,1,0,7,3,3128,9,1061
충청남도,서산시,,수석동제3투,1542,1036,639,393,0,0,2,1,1035,1,506
충청남도,서산시,,수석동제4투,3359,2532,1434,1075,2,5,5,6,2527,5,827
충청남도,서산시,석남동,소계,15463,11341,6154,5104,4,7,16,21,11306,35,4122
충청남도,서산시,,석남동제1투,4525,3427,1819,1597,0,0,2,4,3422,5,1098
충청남도,서산시,,석남동제2투,5732,4129,2070,2025,2,7,4,7,4115,14,1603
충청남도,서산시,,석남동제3투,3631,2677,1526,1129,2,0,7,4,2668,9,954
충청남도,서산시,,석남동제4투,1575,1108,739,353,0,0,3,6,1101,7,467
충청남도,태안군,소계,,52880,38078,24128,13435,19,31,52,197,37862,216,14802
충청남도,태안군,재외투표,,126,80,26,53,0,0,0,0,79,1,46
충청남도,태안군,국내부재자투표,,1678,1496,657,789,3,3,6,7,1465,31,182
충청남도,태안군,소계,,51076,36502,23445,12593,16,28,46,190,36318,184,14574
충청남도,태안군,태안읍,소계,20686,14739,9179,5435,5,14,13,47,14693,46,5947
충청남도,태안군,,태안읍제1투,2249,1580,1053,519,1,2,0,2,1577,3,669
충청남도,태안군,,태안읍제2투,1484,1079,677,381,1,0,1,8,1068,11,405
충청남도,태안군,,태안읍제3투,1872,1365,905,448,0,1,0,5,1359,6,507
충청남도,태안군,,태안읍제4투,864,637,414,208,0,0,0,11,633,4,227
충청남도,태안군,,태안읍제5투,2983,2081,1222,846,0,3,3,3,2077,4,902
충청남도,태안군,,태안읍제6투,3751,2656,1594,1038,2,3,2,8,2647,9,1095
충청남도,태안군,,태안읍제7투,2872,1958,1302,646,0,2,0,6,1956,2,914
충청남도,태안군,,태안읍제8투,4611,3383,2012,1349,1,3,7,4,3376,7,1228
충청남도,태안군,안면읍,소계,7961,5580,3659,1848,1,3,10,32,5553,27,2381
충청남도,태안군,,안면읍제1투,3394,2362,1570,767,0,1,1,12,2351,11,1032
충청남도,태안군,,안면읍제2투,1539,1123,700,404,0,0,4,9,1117,6,416
충청남도,태안군,,안면읍제3투,2202,1487,1021,447,1,1,2,7,1479,8,715
충청남도,태안군,,안면읍제4투,826,608,368,230,0,1,3,4,606,2,218
충청남도,태안군,고남면,소계,2200,1551,1018,507,0,0,4,12,1541,10,649
충청남도,태안군,,고남면투표소,2200,1551,1018,507,0,0,4,12,1541,10,649
충청남도,태안군,남면,소계,3868,2828,1730,1049,0,3,2,27,2811,17,1040
충청남도,태안군,,남면제1투,1534,1122,695,412,0,2,0,9,1118,4,412
충청남도,태안군,,남면제2투,1008,732,428,291,0,1,1,8,729,3,276
충청남도,태안군,,남면제3투,1326,974,607,346,0,0,1,10,964,10,352
충청남도,태안군,근흥면,소계,5042,3504,2392,1067,4,1,3,14,3481,23,1538
충청남도,태안군,,근흥면제1투,1869,1331,952,358,1,0,2,7,1320,11,538
충청남도,태안군,,근흥면제2투,1107,782,492,283,1,1,1,0,778,4,325
충청남도,태안군,,근흥면제3투,1999,1333,894,423,2,0,0,7,1326,7,666
충청남도,태안군,,근흥면제4투,67,58,54,3,0,0,0,0,57,1,9
충청남도,태안군,소원면,소계,5033,3617,2467,1089,4,1,5,21,3587,30,1416
충청남도,태안군,,소원면제1투,2946,2113,1443,632,3,0,5,14,2097,16,833
충청남도,태안군,,소원면제2투,2087,1504,1024,457,1,1,0,7,1490,14,583
충청남도,태안군,원북면,소계,4198,3124,1952,1118,1,4,8,19,3102,22,1074
충청남도,태안군,,원북면제1투,2032,1518,823,670,0,2,6,7,1508,10,514
충청남도,태안군,,원북면제2투,1118,810,560,235,1,0,1,7,804,6,308
충청남도,태안군,,원북면제3투,1048,796,569,213,0,2,1,5,790,6,252
충청남도,태안군,이원면,소계,2088,1559,1048,480,1,2,1,18,1550,9,529
충청남도,태안군,,이원면제1투,1160,881,607,253,1,1,1,12,875,6,279
충청남도,태안군,,이원면제2투,928,678,441,227,0,1,0,6,675,3,250
충청남도,금산군,소계,,46588,33723,20470,12762,15,21,75,182,33525,198,12865
충청남도,금산군,재외투표,,127,87,46,41,0,0,0,0,87,0,40
충청남도,금산군,국내부재자투표,,1103,1012,446,534,3,3,3,5,994,18,91
충청남도,금산군,소계,,45358,32624,19978,12187,12,18,72,177,32444,180,12734
충청남도,금산군,금산읍,소계,18002,13143,7806,5244,2,6,11,34,13103,40,4859
충청남도,금산군,,금산읍제1투,2273,1486,966,516,0,0,0,0,1482,4,787
충청남도,금산군,,금산읍제2투,1991,1489,897,565,0,2,4,10,1478,11,502
충청남도,금산군,,금산읍제3투,4749,3468,1780,1669,0,0,4,8,3461,7,1281
충청남도,금산군,,금산읍제4투,1615,1212,801,403,0,1,1,2,1208,4,403
충청남도,금산군,,금산읍제5투,857,635,380,245,2,0,0,6,633,2,222
충청남도,금산군,,금산읍제6투,1925,1441,874,563,0,0,1,1,1439,2,484
충청남도,금산군,,금산읍제7투,2390,1765,1072,684,0,2,0,2,1760,5,625
충청남도,금산군,,금산읍제8투,2202,1647,1036,599,0,1,1,5,1642,5,555
충청남도,금산군,금성면,소계,3466,2476,1545,876,2,2,6,10,2441,35,990
충청남도,금산군,,금성면제1투,2005,1472,934,518,0,1,0,6,1459,13,533
충청남도,금산군,,금성면제2투,1461,1004,611,358,2,1,6,4,982,22,457
충청남도,금산군,제원면,소계,2838,2004,1282,687,0,1,2,19,1991,13,834
충청남도,금산군,,제원면제1투,2093,1463,952,482,0,1,2,17,1454,9,630
충청남도,금산군,,제원면제2투,745,541,330,205,0,0,0,2,537,4,204
충청남도,금산군,부리면,소계,2660,1884,1184,658,2,0,6,18,1868,16,776
충청남도,금산군,,부리면제1투,1711,1192,818,345,2,0,4,13,1182,10,519
충청남도,금산군,,부리면제2투,949,692,366,313,0,0,2,5,686,6,257
충청남도,금산군,군북면,소계,2275,1671,1093,551,0,1,6,11,1662,9,604
충청남도,금산군,,군북면제1투,730,543,343,187,0,0,1,6,537,6,187
충청남도,금산군,,군북면제2투,1090,790,532,253,0,1,1,0,787,3,300
충청남도,금산군,,군북면제3투,455,338,218,111,0,0,4,5,338,0,117
충청남도,금산군,남일면,소계,2410,1812,1194,561,2,3,10,24,1794,18,598
충청남도,금산군,,남일면제1투,1772,1328,863,424,2,3,9,13,1314,14,444
충청남도,금산군,,남일면제2투,638,484,331,137,0,0,1,11,480,4,154
충청남도,금산군,남이면,소계,1901,1354,823,502,0,0,3,18,1346,8,547
충청남도,금산군,,남이면제1투,1228,872,529,320,0,0,3,14,866,6,356
충청남도,금산군,,남이면제2투,673,482,294,182,0,0,0,4,480,2,191
충청남도,금산군,진산면,소계,2978,2141,1379,727,2,1,11,13,2133,8,837
충청남도,금산군,,진산면제1투,2097,1484,989,473,2,0,6,7,1477,7,613
충청남도,금산군,,진산면제2투,881,657,390,254,0,1,5,6,656,1,224
충청남도,금산군,복수면,소계,3160,2218,1338,851,1,0,10,8,2208,10,942
충청남도,금산군,,복수면제1투,1605,1105,696,391,1,0,6,5,1099,6,500
충청남도,금산군,,복수면제2투,1555,1113,642,460,0,0,4,3,1109,4,442
충청남도,금산군,추부면,소계,5668,3921,2334,1530,1,4,7,22,3898,23,1747
충청남도,금산군,,추부면제1투,2633,1769,1028,721,0,2,2,3,1756,13,864
충청남도,금산군,,추부면제2투,1628,1144,695,431,0,2,1,9,1138,6,484
충청남도,금산군,,추부면제3투,1407,1008,611,378,1,0,4,10,1004,4,399
충청남도,금산군,잘못 투입·구분된 투표지,,0,0,0,0,0,0,0,0,0,0,0
충청남도,논산시,소계,,103822,74521,39225,34402,51,41,147,236,74102,419,29301
충청남도,논산시,재외투표,,307,203,92,110,0,0,0,0,202,1,104
충청남도,논산시,국내부재자투표,,3213,2881,1246,1574,5,3,7,7,2842,39,332
충청남도,논산시,소계,,100302,71437,37887,32718,46,38,140,229,71058,379,28865
충청남도,논산시,강경읍,소계,8619,5870,2710,3112,3,1,6,14,5846,24,2749
충청남도,논산시,,강경읍제1투,1610,1008,494,504,0,0,2,3,1003,5,602
충청남도,논산시,,강경읍제2투,1081,791,384,400,0,0,1,3,788,3,290
충청남도,논산시,,강경읍제3투,3326,2345,1033,1298,0,0,2,2,2335,10,981
충청남도,논산시,,강경읍제4투,2602,1726,799,910,3,1,1,6,1720,6,876
충청남도,논산시,연무읍,소계,12835,8949,4570,4278,1,5,17,35,8906,43,3886
충청남도,논산시,,연무읍제1투,4428,3099,1606,1467,0,1,6,11,3091,8,1329
충청남도,논산시,,연무읍제2투,3646,2493,1334,1135,1,1,5,9,2485,8,1153
충청남도,논산시,,연무읍제3투,2609,1781,909,852,0,1,3,4,1769,12,828
충청남도,논산시,,연무읍제4투,2152,1576,721,824,0,2,3,11,1561,15,576
충청남도,논산시,성동면,소계,4444,3208,1827,1336,4,0,5,17,3189,19,1236
충청남도,논산시,,성동면제1투,1229,859,503,345,2,0,2,4,856,3,370
충청남도,논산시,,성동면제2투,1513,1094,606,470,0,0,3,6,1085,9,419
충청남도,논산시,,성동면제3투,1702,1255,718,521,2,0,0,7,1248,7,447
충청남도,논산시,광석면,소계,4432,3321,1969,1302,5,1,8,13,3298,23,1111
충청남도,논산시,,광석면제1투,1931,1450,865,557,1,1,5,6,1435,15,481
충청남도,논산시,,광석면제2투,1002,761,435,317,1,0,1,6,760,1,241
충청남도,논산시,,광석면제3투,1499,1110,669,428,3,0,2,1,1103,7,389
충청남도,논산시,노성면,소계,3249,2341,1450,855,1,0,6,13,2325,16,908
충청남도,논산시,,노성면제1투,2029,1492,985,486,1,0,3,6,1481,11,537
충청남도,논산시,,노성면제2투,1220,849,465,369,0,0,3,7,844,5,371
충청남도,논산시,상월면,소계,3530,2502,1420,1027,4,6,6,14,2477,25,1028
충청남도,논산시,,상월면제1투,1882,1381,804,534,4,4,4,10,1360,21,501
충청남도,논산시,,상월면제2투,1648,1121,616,493,0,2,2,4,1117,4,527
충청남도,논산시,부적면,소계,3570,2618,1514,1077,0,1,8,10,2610,8,952
충청남도,논산시,,부적면제1투,1742,1253,696,549,0,1,5,0,1251,2,489
충청남도,논산시,,부적면제2투,1004,740,452,278,0,0,1,4,735,5,264
충청남도,논산시,,부적면제3투,824,625,366,250,0,0,2,6,624,1,199
충청남도,논산시,연산면,소계,5916,4257,2579,1607,4,4,13,15,4222,35,1659
충청남도,논산시,,연산면제1투,2355,1728,1007,701,1,0,6,7,1722,6,627
충청남도,논산시,,연산면제2투,2121,1469,862,574,2,3,6,5,1452,17,652
충청남도,논산시,,연산면제3투,1440,1060,710,332,1,1,1,3,1048,12,380
충청남도,논산시,벌곡면,소계,2495,1784,1076,676,2,0,9,8,1771,13,711
충청남도,논산시,,벌곡면제1투,1443,1025,618,390,0,0,6,4,1018,7,418
충청남도,논산시,,벌곡면제2투,1052,759,458,286,2,0,3,4,753,6,293
충청남도,논산시,양촌면,소계,5378,3759,2029,1622,10,3,16,23,3703,56,1619
충청남도,논산시,,양촌면제1투,1783,1216,658,537,0,0,2,4,1201,15,567
충청남도,논산시,,양촌면제2투,1654,1178,669,484,1,0,4,9,1167,11,476
충청남도,논산시,,양촌면제3투,1941,1365,702,601,9,3,10,10,1335,30,576
충청남도,논산시,가야곡면,소계,3691,2638,1560,1038,5,1,8,11,2623,15,1053
충청남도,논산시,,가야곡면제1투,1468,1038,596,428,1,1,1,5,1032,6,430
충청남도,논산시,,가야곡면제2투,892,662,416,237,2,0,2,2,659,3,230
충청남도,논산시,,가야곡면제3투,1331,938,548,373,2,0,5,4,932,6,393
충청남도,논산시,은진면,소계,4553,3166,1566,1561,1,3,8,6,3145,21,1387
충청남도,논산시,,은진면제1투,1759,1228,661,545,0,2,5,2,1215,13,531
충청남도,논산시,,은진면제2투,1011,727,450,272,1,0,1,2,726,1,284
충청남도,논산시,,은진면제3투,1783,1211,455,744,0,1,2,2,1204,7,572
충청남도,논산시,채운면,소계,2453,1812,968,815,2,1,2,12,1800,12,641
충청남도,논산시,,채운면제1투,1395,1011,537,454,2,0,1,8,1002,9,384
충청남도,논산시,,채운면제2투,1058,801,431,361,0,1,1,4,798,3,257
충청남도,논산시,취암동,소계,21493,15409,7661,7658,2,8,21,18,15368,41,6084
충청남도,논산시,,취암동제1투,3182,2130,1235,886,0,2,0,3,2126,4,1052
충청남도,논산시,,취암동제2투,4615,3194,1422,1751,0,1,5,3,3182,12,1421
충청남도,논산시,,취암동제3투,3638,2615,1380,1217,1,3,5,5,2611,4,1023
충청남도,논산시,,취암동제4투,1760,1230,763,456,1,2,1,2,1225,5,530
충청남도,논산시,,취암동제5투,2160,1552,825,720,0,0,3,2,1550,2,608
충청남도,논산시,,취암동제6투,2575,1981,904,1066,0,0,3,1,1974,7,594
충청남도,논산시,,취암동제7투,3563,2707,1132,1562,0,0,4,2,2700,7,856
충청남도,논산시,부창동,소계,13644,9803,4988,4754,2,4,7,20,9775,28,3841
충청남도,논산시,,부창동제1투,3120,2294,1080,1203,0,0,1,4,2288,6,826
충청남도,논산시,,부창동제2투,2397,1655,992,652,0,0,0,6,1650,5,742
충청남도,논산시,,부창동제3투,3628,2487,1378,1090,1,1,2,5,2477,10,1141
충청남도,논산시,,부창동제4투,4499,3367,1538,1809,1,3,4,5,3360,7,1132
충청남도,계룡시,소계,,29932,23661,13572,9934,4,15,48,28,23601,60,6271
충청남도,계룡시,재외투표,,146,94,38,55,0,0,0,0,93,1,52
충청남도,계룡시,국내부재자투표,,1759,1594,992,574,1,2,2,3,1574,20,165
충청남도,계룡시,소계,,28027,21973,12542,9305,3,13,46,25,21934,39,6054
충청남도,계룡시,두마면,소계,5540,4356,2357,1971,1,7,8,7,4351,5,1184
충청남도,계룡시,,두마면제1투,2861,2244,1206,1022,1,2,4,6,2241,3,617
충청남도,계룡시,,두마면제2투,2679,2112,1151,949,0,5,4,1,2110,2,567
충청남도,계룡시,엄사면,소계,13009,9904,5453,4398,0,5,17,10,9883,21,3105
충청남도,계룡시,,엄사면제1투,2995,2247,1272,962,0,3,3,3,2243,4,748
충청남도,계룡시,,엄사면제2투,3030,2297,1243,1037,0,0,7,1,2288,9,733
충청남도,계룡시,,엄사면제3투,2573,2031,1199,824,0,0,1,3,2027,4,542
충청남도,계룡시,,엄사면제4투,3478,2632,1335,1288,0,2,3,1,2629,3,846
충청남도,계룡시,,엄사면제5투,933,697,404,287,0,0,3,2,696,1,236
충청남도,계룡시,신도안면,소계,3395,2797,1959,824,2,0,8,3,2796,1,598
충청남도,계룡시,,신도안면제1투,748,572,395,175,0,0,1,1,572,0,176
충청남도,계룡시,,신도안면제2투,2647,2225,1564,649,2,0,7,2,2224,1,422
충청남도,계룡시,금암동,소계,6083,4916,2773,2112,0,1,13,5,4904,12,1167
충청남도,계룡시,,금암동제1투,3725,3016,1635,1363,0,0,8,3,3009,7,709
충청남도,계룡시,,금암동제2투,2358,1900,1138,749,0,1,5,2,1895,5,458
충청남도,당진시,소계,,122452,87103,50429,35909,33,64,130,211,86776,327,35349
충청남도,당진시,재외투표,,297,189,63,124,0,0,1,0,188,1,108
충청남도,당진시,국내부재자투표,,3253,2978,1354,1553,3,5,4,15,2934,44,275
충청남도,당진시,소계,,118902,83936,49012,34232,30,59,125,196,83654,282,34966
충청남도,당진시,당진1동,소계,15096,10583,5714,4813,4,8,19,6,10564,19,4513
충청남도,당진시,,당진1동제1투,5069,3490,1716,1755,1,2,7,2,3483,7,1579
충청남도,당진시,,당진1동제2투,3041,2043,1337,692,1,2,5,0,2037,6,998
충청남도,당진시,,당진1동제3투,3964,2800,1581,1210,2,1,2,0,2796,4,1164
충청남도,당진시,,당진1동제4투,3022,2250,1080,1156,0,3,5,4,2248,2,772
충청남도,당진시,당진2동,소계,12429,8823,4778,3979,2,8,14,16,8797,26,3606
충청남도,당진시,,당진2동제1투,691,476,325,144,0,0,3,1,473,3,215
충청남도,당진시,,당진2동제2투,3656,2554,1478,1060,1,2,2,5,2548,6,1102
충청남도,당진시,,당진2동제3투,4100,2781,1648,1108,1,3,2,5,2767,14,1319
충청남도,당진시,,당진2동제4투,3982,3012,1327,1667,0,3,7,5,3009,3,970
충청남도,당진시,당진3동,소계,12132,9303,4543,4701,4,8,15,11,9282,21,2829
충청남도,당진시,,당진3동제1투,5084,3944,1970,1947,3,2,5,6,3933,11,1140
충청남도,당진시,,당진3동제2투,4235,3339,1629,1689,0,6,7,3,3334,5,896
충청남도,당진시,,당진3동제3투,2813,2020,944,1065,1,0,3,2,2015,5,793
충청남도,당진시,합덕읍,소계,8947,6317,4236,2035,1,2,11,18,6303,14,2630
충청남도,당진시,,합덕읍제1투,1393,1019,688,322,0,0,3,3,1016,3,374
충청남도,당진시,,합덕읍제2투,2011,1394,947,442,0,0,1,3,1393,1,617
충청남도,당진시,,합덕읍제3투,2779,1848,1237,603,0,0,3,2,1845,3,931
충청남도,당진시,,합덕읍제4투,1159,848,591,249,1,0,0,3,844,4,311
충청남도,당진시,,합덕읍제5투,1605,1208,773,419,0,2,4,7,1205,3,397
충청남도,당진시,송악읍,소계,19217,12788,6999,5711,4,7,14,21,12756,32,6429
충청남도,당진시,,송악읍제1투,1553,1024,661,352,1,0,1,4,1019,5,529
충청남도,당진시,,송악읍제2투,1026,721,492,219,0,0,3,3,717,4,305
충청남도,당진시,,송악읍제3투,4042,2746,1530,1204,0,2,0,4,2740,6,1296
충청남도,당진시,,송악읍제4투,3170,1933,1248,672,2,2,3,4,1931,2,1237
충청남도,당진시,,송악읍제5투,4898,3401,1728,1655,1,1,4,4,3393,8,1497
충청남도,당진시,,송악읍제6투,4528,2963,1340,1609,0,2,3,2,2956,7,1565
충청남도,당진시,고대면,소계,5184,3717,2466,1213,1,1,4,18,3703,14,1467
충청남도,당진시,,고대면제1투,2072,1458,943,505,0,1,1,3,1453,5,614
충청남도,당진시,,고대면제2투,1923,1418,987,415,1,0,2,10,1415,3,505
충청남도,당진시,,고대면제3투,1189,841,536,293,0,0,1,5,835,6,348
충청남도,당진시,석문면,소계,6710,4666,2889,1733,1,5,4,15,4647,19,2044
충청남도,당진시,,석문면제1투,2111,1505,865,625,1,4,1,3,1499,6,606
충청남도,당진시,,석문면제2투,3632,2466,1591,853,0,1,3,9,2457,9,1166
충청남도,당진시,,석문면제3투,183,126,105,20,0,0,0,1,126,0,57
충청남도,당진시,,석문면제4투,784,569,328,235,0,0,0,2,565,4,215
충청남도,당진시,대호지면,소계,2467,1770,1157,588,0,0,6,10,1761,9,697
충청남도,당진시,,대호지면제1투,1532,1081,704,360,0,0,2,8,1074,7,451
충청남도,당진시,,대호지면제2투,935,689,453,228,0,0,4,2,687,2,246
충청남도,당진시,정미면,소계,3261,2298,1529,722,2,1,6,10,2270,28,963
충청남도,당진시,,정미면제1투,2176,1495,1002,467,2,1,3,7,1482,13,681
충청남도,당진시,,정미면제2투,1085,803,527,255,0,0,3,3,788,15,282
충청남도,당진시,면천면,소계,3285,2371,1590,753,2,2,3,11,2361,10,914
충청남도,당진시,,면천면제1투,2224,1604,1106,482,1,1,3,7,1600,4,620
충청남도,당진시,,면천면제2투,1061,767,484,271,1,1,0,4,761,6,294
충청남도,당진시,순성면,소계,4940,3569,2289,1228,5,7,6,14,3549,20,1371
충청남도,당진시,,순성면제1투,2735,1986,1217,744,3,6,4,5,1979,7,749
충청남도,당진시,,순성면제2투,1006,733,495,228,1,0,2,2,728,5,273
충청남도,당진시,,순성면제3투,1199,850,577,256,1,1,0,7,842,8,349
충청남도,당진시,우강면,소계,5063,3683,2446,1197,1,1,4,11,3660,23,1380
충청남도,당진시,,우강면제1투,2746,1954,1261,674,1,0,3,6,1945,9,792
충청남도,당진시,,우강면제2투,1419,1050,746,292,0,1,1,3,1043,7,369
충청남도,당진시,,우강면제3투,898,679,439,231,0,0,0,2,672,7,219
충청남도,당진시,신평면,소계,12570,8786,5224,3492,0,7,16,24,8763,23,3784
충청남도,당진시,,신평면제1투,3162,2232,1390,828,0,0,5,3,2226,6,930
충청남도,당진시,,신평면제2투,5615,3874,2070,1778,0,2,6,10,3866,8,1741
충청남도,당진시,,신평면제3투,1342,1017,679,326,0,0,4,7,1016,1,325
충청남도,당진시,,신평면제4투,2451,1663,1085,560,0,5,1,4,1655,8,788
충청남도,당진시,송산면,소계,7601,5262,3152,2067,3,2,3,11,5238,24,2339
충청남도,당진시,,송산면제1투,2651,1880,1049,813,2,1,1,6,1872,8,771
충청남도,당진시,,송산면제2투,2309,1596,1037,545,1,1,1,4,1589,7,713
충청남도,당진시,,송산면제3투,2641,1786,1066,709,0,0,1,1,1777,9,855
충청남도,부여군,소계,,61804,46080,28725,16461,55,52,130,209,45632,448,15724
충청남도,부여군,재외투표,,189,135,58,73,0,0,1,0,132,3,54
충청남도,부여군,국내부재자투표,,2028,1824,810,948,1,4,5,8,1776,48,204
충청남도,부여군,소계,,59587,44119,27855,15440,54,48,124,201,43722,397,15468
충청남도,부여군,부여읍,소계,18460,13647,8548,4962,2,4,14,33,13563,84,4813
충청남도,부여군,,부여읍제1투,2332,1604,1011,584,0,0,1,1,1597,7,728
충청남도,부여군,,부여읍제2투,1920,1408,916,481,1,1,2,3,1404,4,512
충청남도,부여군,,부여읍제3투,1913,1458,938,499,1,1,1,5,1445,13,455
충청남도,부여군,,부여읍제4투,1666,1225,839,375,0,0,1,4,1219,6,441
충청남도,부여군,,부여읍제5투,3272,2471,1467,986,0,2,4,1,2460,11,801
충청남도,부여군,,부여읍제6투,2235,1785,982,790,0,0,1,2,1775,10,450
충청남도,부여군,,부여읍제7투,1809,1332,867,446,0,0,0,6,1319,13,477
충청남도,부여군,,부여읍제8투,1394,990,693,274,0,0,2,6,975,15,404
충청남도,부여군,,부여읍제9투,1919,1374,835,527,0,0,2,5,1369,5,545
충청남도,부여군,규암면,소계,8131,6009,3833,2086,1,3,11,18,5952,57,2122
충청남도,부여군,,규암면제1투,2046,1484,986,478,0,1,1,2,1468,16,562
충청남도,부여군,,규암면제2투,2925,2160,1362,780,0,1,3,4,2150,10,765
충청남도,부여군,,규암면제3투,1887,1414,846,532,1,1,5,8,1393,21,473
충청남도,부여군,,규암면제4투,1273,951,639,296,0,0,2,4,941,10,322
충청남도,부여군,은산면,소계,3733,2723,1892,762,3,0,9,20,2686,37,1010
충청남도,부여군,,은산면제1투,1980,1413,1021,365,3,0,4,7,1400,13,567
충청남도,부여군,,은산면제2투,805,592,379,193,0,0,3,6,581,11,213
충청남도,부여군,,은산면제3투,948,718,492,204,0,0,2,7,705,13,230
충청남도,부여군,외산면,소계,2398,1791,1051,707,1,2,4,15,1780,11,607
충청남도,부여군,,외산면투표소,2398,1791,1051,707,1,2,4,15,1780,11,607
충청남도,부여군,내산면,소계,1604,1197,809,369,2,0,2,10,1192,5,407
충청남도,부여군,,내산면투표소,1604,1197,809,369,2,0,2,10,1192,5,407
충청남도,부여군,구룡면,소계,2305,1743,1080,630,3,0,4,8,1725,18,562
충청남도,부여군,,구룡면제1투,1579,1181,757,402,3,0,1,7,1170,11,398
충청남도,부여군,,구룡면제2투,726,562,323,228,0,0,3,1,555,7,164
충청남도,부여군,홍산면,소계,2803,2157,1441,684,2,1,3,13,2144,13,646
충청남도,부여군,,홍산면제1투,2017,1533,1036,479,2,1,2,7,1527,6,484
충청남도,부여군,,홍산면제2투,786,624,405,205,0,0,1,6,617,7,162
충청남도,부여군,옥산면,소계,1375,1048,647,383,0,0,3,7,1040,8,327
충청남도,부여군,,옥산면투표소,1375,1048,647,383,0,0,3,7,1040,8,327
충청남도,부여군,남면,소계,1863,1391,901,468,0,0,6,5,1380,11,472
충청남도,부여군,,남면투표소,1863,1391,901,468,0,0,6,5,1380,11,472
충청남도,부여군,충화면,소계,1172,867,588,262,2,0,1,11,864,3,305
충청남도,부여군,,충화면투표소,1172,867,588,262,2,0,1,11,864,3,305
충청남도,부여군,양화면,소계,1788,1283,821,416,4,4,12,10,1267,16,505
충청남도,부여군,,양화면제1투,760,537,354,161,2,3,4,6,530,7,223
충청남도,부여군,,양화면제2투,1028,746,467,255,2,1,8,4,737,9,282
충청남도,부여군,임천면,소계,2850,2115,1332,720,12,5,15,8,2092,23,735
충청남도,부여군,,임천면제1투,1753,1305,782,492,9,3,7,3,1296,9,448
충청남도,부여군,,임천면제2투,1097,810,550,228,3,2,8,5,796,14,287
충청남도,부여군,장암면,소계,2744,2019,1296,637,16,6,14,15,1984,35,725
충청남도,부여군,,장암면제1투,768,551,374,159,4,1,3,3,544,7,217
충청남도,부여군,,장암면제2투,927,671,438,207,1,1,5,3,655,16,256
충청남도,부여군,,장암면제3투,1049,797,484,271,11,4,6,9,785,12,252
충청남도,부여군,세도면,소계,3320,2412,1322,1003,3,23,15,7,2373,39,908
충청남도,부여군,,세도면제1투,1757,1264,733,475,2,16,10,4,1240,24,493
충청남도,부여군,,세도면제2투,1563,1148,589,528,1,7,5,3,1133,15,415
충청남도,부여군,석성면,소계,2828,2092,1326,724,3,0,9,10,2072,20,736
충청남도,부여군,,석성면제1투,1771,1291,841,422,2,0,6,7,1278,13,480
충청남도,부여군,,석성면제2투,1057,801,485,302,1,0,3,3,794,7,256
충청남도,부여군,초촌면,소계,2213,1625,968,627,0,0,2,11,1608,17,588
충청남도,부여군,,초촌면제1투,1440,1053,618,419,0,0,1,6,1044,9,387
충청남도,부여군,,초촌면제2투,773,572,350,208,0,0,1,5,564,8,201
충청남도,부여군,잘못 투입·구분된 투표지,,0,2,2,0,0,0,0,0,2,0,-2
충청남도,서천군,소계,,50228,36354,20671,15102,20,25,83,190,36091,263,13874
충청남도,서천군,재외투표,,139,110,56,53,0,0,0,0,109,1,29
충청남도,서천군,국내부재자투표,,1597,1433,605,795,3,1,7,3,1414,19,164
충청남도,서천군,소계,,48492,34811,20010,14254,17,24,76,187,34568,243,13681
충청남도,서천군,장항읍,소계,10446,7302,4191,3039,4,6,8,19,7267,35,3144
충청남도,서천군,,장항읍제1투,1954,1310,797,506,1,1,1,2,1308,2,644
충청남도,서천군,,장항읍제2투,3071,2177,1180,966,0,3,4,7,2160,17,894
충청남도,서천군,,장항읍제3투,2786,1950,1123,819,0,2,2,2,1948,2,836
충청남도,서천군,,장항읍제4투,2635,1865,1091,748,3,0,1,8,1851,14,770
충청남도,서천군,서천읍,소계,10908,8083,4456,3540,6,4,12,24,8042,41,2825
충청남도,서천군,,서천읍제1투,2329,1648,1000,629,1,2,3,4,1639,9,681
충청남도,서천군,,서천읍제2투,1899,1358,803,543,1,1,2,3,1353,5,541
충청남도,서천군,,서천읍제3투,2044,1492,840,627,1,0,4,10,1482,10,552
충청남도,서천군,,서천읍제4투,4636,3585,1813,1741,3,1,3,7,3568,17,1051
충청남도,서천군,마서면,소계,5135,3556,1943,1551,1,2,11,19,3527,29,1579
충청남도,서천군,,마서면제1투,1748,1210,634,564,0,1,3,5,1207,3,538
충청남도,서천군,,마서면제2투,1583,1045,608,406,0,1,6,7,1028,17,538
충청남도,서천군,,마서면제3투,1804,1301,701,581,1,0,2,7,1292,9,503
충청남도,서천군,화양면,소계,2395,1716,1011,679,0,1,4,10,1705,11,679
충청남도,서천군,,화양면제1투,1500,1047,599,436,0,0,2,4,1041,6,453
충청남도,서천군,,화양면제2투,895,669,412,243,0,1,2,6,664,5,226
충청남도,서천군,기산면,소계,1730,1277,785,470,0,1,4,7,1267,10,453
충청남도,서천군,,기산면투표소,1730,1277,785,470,0,1,4,7,1267,10,453
충청남도,서천군,한산면,소계,2634,1958,1174,753,3,0,2,8,1940,18,676
충청남도,서천군,,한산면제1투,1432,1048,618,423,0,0,1,3,1045,3,384
충청남도,서천군,,한산면제2투,573,440,290,141,0,0,0,3,434,6,133
충청남도,서천군,,한산면제3투,629,470,266,189,3,0,1,2,461,9,159
충청남도,서천군,마산면,소계,1428,1080,586,456,1,1,7,19,1070,10,348
충청남도,서천군,,마산면제1투,920,702,383,304,0,0,4,6,697,5,218
충청남도,서천군,,마산면제2투,508,378,203,152,1,1,3,13,373,5,130
충청남도,서천군,시초면,소계,1212,877,546,306,0,2,5,7,866,11,335
충청남도,서천군,,시초면투표소,1212,877,546,306,0,2,5,7,866,11,335
충청남도,서천군,문산면,소계,1286,937,591,328,0,1,2,8,930,7,349
충청남도,서천군,,문산면투표소,1286,937,591,328,0,1,2,8,930,7,349
충청남도,서천군,판교면,소계,2103,1573,1017,506,0,1,8,21,1553,20,530
충청남도,서천군,,판교면투표소,2103,1573,1017,506,0,1,8,21,1553,20,530
충청남도,서천군,종천면,소계,2055,1452,878,538,0,1,5,13,1435,17,603
충청남도,서천군,,종천면제1투,1006,704,406,280,0,1,3,4,694,10,302
충청남도,서천군,,종천면제2투,1049,748,472,258,0,0,2,9,741,7,301
충청남도,서천군,비인면,소계,3069,2173,1250,881,1,1,2,19,2154,19,896
충청남도,서천군,,비인면제1투,2021,1475,870,578,0,1,1,13,1463,12,546
충청남도,서천군,,비인면제2투,1048,698,380,303,1,0,1,6,691,7,350
충청남도,서천군,서면,소계,4091,2827,1582,1207,1,3,6,13,2812,15,1264
충청남도,서천군,,서면제1투,1635,1154,687,447,0,0,4,10,1148,6,481
충청남도,서천군,,서면제2투,2456,1673,895,760,1,3,2,3,1664,9,783
충청남도,홍성군,소계,,71995,52297,32170,19514,20,24,92,228,52048,249,19698
충청남도,홍성군,재외투표,,172,112,52,60,0,0,0,0,112,0,60
충청남도,홍성군,국내부재자투표,,2028,1859,792,1014,2,3,5,8,1824,35,169
충청남도,홍성군,소계,,69795,50326,31326,18440,18,21,87,220,50112,214,19469
충청남도,홍성군,홍성읍,소계,32310,22956,13257,9553,7,11,35,33,22896,60,9354
충청남도,홍성군,,홍성읍제1투,3654,2517,1622,885,0,1,2,4,2514,3,1137
충청남도,홍성군,,홍성읍제2투,3430,2522,1447,1055,0,1,7,5,2515,7,908
충청남도,홍성군,,홍성읍제3투,4587,3304,1666,1620,0,1,6,3,3296,8,1283
충청남도,홍성군,,홍성읍제4투,2839,1951,1216,711,4,2,2,6,1941,10,888
충청남도,홍성군,,홍성읍제5투,4535,3244,1950,1277,0,0,6,1,3234,10,1291
충청남도,홍성군,,홍성읍제6투,3974,2789,1848,919,1,2,3,8,2781,8,1185
충청남도,홍성군,,홍성읍제7투,4348,3157,1670,1471,0,2,3,4,3150,7,1191
충청남도,홍성군,,홍성읍제8투,4943,3472,1838,1615,2,2,6,2,3465,7,1471
충청남도,홍성군,광천읍,소계,8981,6415,4465,1884,1,3,11,18,6382,33,2566
충청남도,홍성군,,광천읍제1투,3053,2151,1497,638,0,2,2,6,2145,6,902
충청남도,홍성군,,광천읍제2투,3254,2313,1592,689,1,1,8,8,2299,14,941
충청남도,홍성군,,광천읍제3투,2674,1951,1376,557,0,0,1,4,1938,13,723
충청남도,홍성군,홍북면,소계,3749,2799,1715,1047,2,0,3,19,2786,13,950
충청남도,홍성군,,홍북면제1투,1671,1239,722,502,2,0,1,7,1234,5,432
충청남도,홍성군,,홍북면제2투,1076,820,515,297,0,0,2,3,817,3,256
충청남도,홍성군,,홍북면제3투,1002,740,478,248,0,0,0,9,735,5,262
충청남도,홍성군,금마면,소계,3350,2464,1567,873,1,0,1,17,2459,5,886
충청남도,홍성군,,금마면제1투,970,718,462,246,0,0,0,9,717,1,252
충청남도,홍성군,,금마면제2투,1078,795,533,254,1,0,1,3,792,3,283
충청남도,홍성군,,금마면제3투,1302,951,572,373,0,0,0,5,950,1,351
충청남도,홍성군,홍동면,소계,3177,2382,1355,991,0,2,5,17,2370,12,795
충청남도,홍성군,,홍동면제1투,1209,898,461,419,0,1,3,9,893,5,311
충청남도,홍성군,,홍동면제2투,867,667,334,326,0,1,1,4,666,1,200
충청남도,홍성군,,홍동면제3투,1101,817,560,246,0,0,1,4,811,6,284
충청남도,홍성군,장곡면,소계,3026,2201,1470,681,1,2,5,25,2184,17,825
충청남도,홍성군,,장곡면제1투,1452,1027,692,317,0,1,4,8,1022,5,425
충청남도,홍성군,,장곡면제2투,571,432,272,149,0,0,1,4,426,6,139
충청남도,홍성군,,장곡면제3투,1003,742,506,215,1,1,0,13,736,6,261
충청남도,홍성군,은하면,소계,2463,1784,1220,524,1,1,7,16,1769,15,679
충청남도,홍성군,,은하면제1투,1717,1227,796,400,1,1,5,12,1215,12,490
충청남도,홍성군,,은하면제2투,746,557,424,124,0,0,2,4,554,3,189
충청남도,홍성군,결성면,소계,2198,1668,1200,428,0,0,5,19,1652,16,530
충청남도,홍성군,,결성면제1투,853,645,493,142,0,0,2,7,644,1,208
충청남도,홍성군,,결성면제2투,636,480,331,133,0,0,2,2,468,12,156
충청남도,홍성군,,결성면제3투,709,543,376,153,0,0,1,10,540,3,166
충청남도,홍성군,서부면,소계,3209,2332,1621,673,1,1,7,18,2321,11,877
충청남도,홍성군,,서부면제1투,1679,1195,828,339,1,1,4,14,1187,8,484
충청남도,홍성군,,서부면제2투,1530,1137,793,334,0,0,3,4,1134,3,393
충청남도,홍성군,갈산면,소계,3604,2683,1826,806,2,0,4,28,2666,17,921
충청남도,홍성군,,갈산면제1투,2001,1490,1062,405,1,0,2,14,1484,6,511
충청남도,홍성군,,갈산면제2투,465,353,249,99,1,0,0,4,353,0,112
충청남도,홍성군,,갈산면제3투,1138,840,515,302,0,0,2,10,829,11,298
충청남도,홍성군,구항면,소계,3728,2642,1630,980,2,1,4,10,2627,15,1086
충청남도,홍성군,,구항면제1투,2136,1560,958,586,1,1,1,5,1552,8,576
충청남도,홍성군,,구항면제2투,1592,1082,672,394,1,0,3,5,1075,7,510
충청남도,청양군,소계,,27566,20849,13490,6989,17,15,54,137,20702,147,6717
충청남도,청양군,재외투표,,65,39,22,17,0,0,0,0,39,0,26
충청남도,청양군,국내부재자투표,,857,770,360,385,2,3,2,5,757,13,87
충청남도,청양군,소계,,26644,20040,13108,6587,15,12,52,132,19906,134,6604
충청남도,청양군,청양읍,소계,7916,5987,3961,1975,4,2,13,17,5972,15,1929
충청남도,청양군,,청양읍제1투,1783,1333,884,433,2,1,3,6,1329,4,450
충청남도,청양군,,청양읍제2투,3030,2341,1484,841,1,0,6,5,2337,4,689
충청남도,청양군,,청양읍제3투,1468,1093,750,334,0,0,3,2,1089,4,375
충청남도,청양군,,청양읍제4투,1635,1220,843,367,1,1,1,4,1217,3,415
충청남도,청양군,운곡면,소계,1950,1462,1042,379,1,1,5,21,1449,13,488
충청남도,청양군,,운곡면제1투,1412,1068,762,275,1,1,5,16,1060,8,344
충청남도,청양군,,운곡면제2투,538,394,280,104,0,0,0,5,389,5,144
충청남도,청양군,대치면,소계,1956,1464,1011,420,1,1,4,14,1451,13,492
충청남도,청양군,,대치면제1투,1122,858,592,245,1,1,3,8,850,8,264
충청남도,청양군,,대치면제2투,834,606,419,175,0,0,1,6,601,5,228
충청남도,청양군,정산면,소계,3007,2247,1426,790,2,3,3,12,2236,11,760
충청남도,청양군,,정산면제1투,1539,1136,727,393,1,3,3,5,1132,4,403
충청남도,청양군,,정산면제2투,1468,1111,699,397,1,0,0,7,1104,7,357
충청남도,청양군,목면,소계,1365,1026,611,391,0,0,5,9,1016,10,339
충청남도,청양군,,목면제1투,727,562,340,207,0,0,2,5,554,8,165
충청남도,청양군,,목면제2투,638,464,271,184,0,0,3,4,462,2,174
충청남도,청양군,청남면,소계,1751,1314,896,386,2,1,2,15,1302,12,437
충청남도,청양군,,청남면투표소,1751,1314,896,386,2,1,2,15,1302,12,437
충청남도,청양군,장평면,소계,2210,1672,968,676,2,0,5,9,1660,12,538
충청남도,청양군,,장평면제1투,1006,774,410,356,0,0,2,1,769,5,232
충청남도,청양군,,장평면제2투,526,390,268,114,1,0,1,3,387,3,136
충청남도,청양군,,장평면제3투,678,508,290,206,1,0,2,5,504,4,170
충청남도,청양군,남양면,소계,2467,1850,1230,583,1,1,6,12,1833,17,617
충청남도,청양군,,남양면제1투,1791,1320,868,426,0,0,5,8,1307,13,471
충청남도,청양군,,남양면제2투,676,530,362,157,1,1,1,4,526,4,146
충청남도,청양군,화성면,소계,2046,1498,989,476,2,3,5,10,1485,13,548
충청남도,청양군,,화성면제1투,1052,773,512,246,1,1,2,7,769,4,279
충청남도,청양군,,화성면제2투,994,725,477,230,1,2,3,3,716,9,269
충청남도,청양군,비봉면,소계,1976,1520,974,511,0,0,4,13,1502,18,456
충청남도,청양군,,비봉면제1투,1345,1036,655,362,0,0,3,9,1029,7,309
충청남도,청양군,,비봉면제2투,631,484,319,149,0,0,1,4,473,11,147
충청남도,예산군,소계,,71974,53169,37225,15394,19,15,88,166,52907,262,18805
충청남도,예산군,재외투표,,218,156,88,66,0,0,0,1,155,1,62
충청남도,예산군,국내부재자투표,,2121,1956,938,978,1,5,4,3,1929,27,165
충청남도,예산군,소계,,69635,51057,36199,14350,18,10,84,162,50823,234,18578
충청남도,예산군,예산읍,소계,28452,20982,14556,6293,5,2,34,26,20916,66,7470
충청남도,예산군,,예산읍제1투,2223,1407,1058,339,0,0,4,1,1402,5,816
충청남도,예산군,,예산읍제2투,1754,1294,956,329,0,0,3,1,1289,5,460
충청남도,예산군,,예산읍제3투,2386,1757,1223,520,1,0,5,3,1752,5,629
충청남도,예산군,,예산읍제4투,2302,1785,1202,575,0,0,1,3,1781,4,517
충청남도,예산군,,예산읍제5투,2361,1734,1342,384,0,0,1,3,1730,4,627
충청남도,예산군,,예산읍제6투,2375,1741,1201,532,1,0,3,1,1738,3,634
충청남도,예산군,,예산읍제7투,2442,1823,1206,604,0,0,1,4,1815,8,619
충청남도,예산군,,예산읍제8투,3316,2529,1576,934,1,1,5,2,2519,10,787
충청남도,예산군,,예산읍제9투,3181,2458,1509,934,1,0,7,1,2452,6,723
충청남도,예산군,,예산읍제10투,2481,1811,1384,411,1,1,1,3,1801,10,670
충청남도,예산군,,예산읍제11투,3631,2643,1899,731,0,0,3,4,2637,6,988
충청남도,예산군,삽교읍,소계,6765,4862,3568,1234,4,4,10,19,4839,23,1903
충청남도,예산군,,삽교읍제1투,2300,1664,1224,419,1,1,6,7,1658,6,636
충청남도,예산군,,삽교읍제2투,1101,782,545,224,3,0,3,3,778,4,319
충청남도,예산군,,삽교읍제3투,1978,1432,1042,375,0,1,1,5,1424,8,546
충청남도,예산군,,삽교읍제4투,1386,984,757,216,0,2,0,4,979,5,402
충청남도,예산군,대술면,소계,2583,1877,1332,530,0,1,1,5,1869,8,706
충청남도,예산군,,대술면투표소,2583,1877,1332,530,0,1,1,5,1869,8,706
충청남도,예산군,신양면,소계,3078,2265,1664,564,0,0,5,15,2248,17,813
충청남도,예산군,,신양면투표소,3078,2265,1664,564,0,0,5,15,2248,17,813
충청남도,예산군,광시면,소계,3162,2328,1687,598,1,0,5,16,2307,21,834
충청남도,예산군,,광시면제1투,2309,1694,1204,459,1,0,3,11,1678,16,615
충청남도,예산군,,광시면제2투,853,634,483,139,0,0,2,5,629,5,219
충청남도,예산군,대흥면,소계,1777,1325,1025,282,0,0,1,9,1317,8,452
충청남도,예산군,,대흥면제1투,857,658,509,141,0,0,1,3,654,4,199
충청남도,예산군,,대흥면제2투,920,667,516,141,0,0,0,6,663,4,253
충청남도,예산군,응봉면,소계,2399,1785,1291,475,0,0,4,4,1774,11,614
충청남도,예산군,,응봉면제1투,1635,1199,834,353,0,0,4,1,1192,7,436
충청남도,예산군,,응봉면제2투,764,586,457,122,0,0,0,3,582,4,178
충청남도,예산군,덕산면,소계,6127,4350,3074,1238,1,0,5,14,4332,18,1777
충청남도,예산군,,덕산면제1투,3254,2294,1605,665,0,0,4,7,2281,13,960
충청남도,예산군,,덕산면제2투,1570,1105,791,309,0,0,1,2,1103,2,465
충청남도,예산군,,덕산면제3투,1303,951,678,264,1,0,0,5,948,3,352
충청남도,예산군,봉산면,소계,2445,1817,1262,528,3,0,3,15,1811,6,628
충청남도,예산군,,봉산면제1투,1751,1308,904,384,2,0,2,11,1303,5,443
충청남도,예산군,,봉산면제2투,694,509,358,144,1,0,1,4,508,1,185
충청남도,예산군,고덕면,소계,4588,3419,2357,1011,1,0,9,16,3394,25,1169
충청남도,예산군,,고덕면제1투,2754,2041,1401,611,1,0,4,10,2027,14,713
충청남도,예산군,,고덕면제2투,1001,745,521,212,0,0,1,4,738,7,256
충청남도,예산군,,고덕면제3투,833,633,435,188,0,0,4,2,629,4,200
충청남도,예산군,신암면,소계,3662,2672,1861,778,1,2,3,10,2655,17,990
충청남도,예산군,,신암면제1투,2702,1927,1365,538,1,2,2,7,1915,12,775
충청남도,예산군,,신암면제2투,960,745,496,240,0,0,1,3,740,5,215
충청남도,예산군,오가면,소계,4597,3375,2522,819,2,1,4,13,3361,14,1222
충청남도,예산군,,오가면제1투,2524,1795,1376,402,2,1,2,9,1792,3,729
충청남도,예산군,,오가면제2투,2073,1580,1146,417,0,0,2,4,1569,11,493
전라북도,합계,,,1483402,1142133,150315,980322,480,702,3066,1690,1136575,5558,341269
전라북도,전주시완산구,소계,,278250,222304,27095,193995,48,116,362,116,221732,572,55946
전라북도,전주시완산구,재외투표,,1033,764,87,669,0,0,0,0,756,8,269
전라북도,전주시완산구,국내부재자투표,,8887,8191,1464,6550,12,24,17,8,8075,116,696
전라북도,전주시완산구,소계,,268330,213349,25544,186776,36,92,345,108,212901,448,54981
전라북도,전주시완산구,중앙동,소계,9065,6716,1200,5480,0,2,12,3,6697,19,2349
전라북도,전주시완산구,,중앙동제1투,2744,1945,337,1592,0,1,6,1,1937,8,799
전라북도,전주시완산구,,중앙동제2투,3638,2829,586,2230,0,0,2,2,2820,9,809
전라북도,전주시완산구,,중앙동제3투,2683,1942,277,1658,0,1,4,0,1940,2,741
전라북도,전주시완산구,풍남동,소계,5934,4320,677,3613,1,2,5,3,4301,19,1614
전라북도,전주시완산구,,풍남동제1투,2856,2069,341,1713,1,1,1,1,2058,11,787
전라북도,전주시완산구,,풍남동제2투,3078,2251,336,1900,0,1,4,2,2243,8,827
전라북도,전주시완산구,노송동,소계,12375,9147,1278,7806,9,4,14,12,9123,24,3228
전라북도,전주시완산구,,노송동제1투,3034,2286,343,1939,2,1,0,1,2286,0,748
전라북도,전주시완산구,,노송동제2투,2226,1672,233,1430,1,1,3,2,1670,2,554
전라북도,전주시완산구,,노송동제3투,2173,1584,201,1367,2,1,4,3,1578,6,589
전라북도,전주시완산구,,노송동제4투,2797,2083,266,1792,1,1,7,5,2072,11,714
전라북도,전주시완산구,,노송동제5투,2145,1522,235,1278,3,0,0,1,1517,5,623
전라북도,전주시완산구,완산동,소계,5512,4028,570,3436,1,1,6,5,4019,9,1484
전라북도,전주시완산구,,완산동제1투,2719,1960,261,1686,1,0,3,2,1953,7,759
전라북도,전주시완산구,,완산동제2투,2793,2068,309,1750,0,1,3,3,2066,2,725
전라북도,전주시완산구,동서학동,소계,6742,5144,691,4427,0,1,9,4,5132,12,1598
전라북도,전주시완산구,,동서학동제1투,3057,2401,327,2064,0,0,5,1,2397,4,656
전라북도,전주시완산구,,동서학동제2투,1744,1314,163,1148,0,0,1,1,1313,1,430
전라북도,전주시완산구,,동서학동제3투,1941,1429,201,1215,0,1,3,2,1422,7,512
전라북도,전주시완산구,서서학동,소계,9201,7004,745,6217,1,5,12,3,6983,21,2197
전라북도,전주시완산구,,서서학동제1투,3024,2235,293,1926,0,2,6,0,2227,8,789
전라북도,전주시완산구,,서서학동제2투,3184,2430,203,2212,1,0,3,1,2420,10,754
전라북도,전주시완산구,,서서학동제3투,2993,2339,249,2079,0,3,3,2,2336,3,654
전라북도,전주시완산구,중화산1동,소계,12147,9874,1362,8448,3,5,32,5,9855,19,2273
전라북도,전주시완산구,,중화산1동제1투,4437,3620,434,3170,0,1,7,2,3614,6,817
전라북도,전주시완산구,,중화산1동제2투,4167,3420,447,2945,0,2,17,1,3412,8,747
전라북도,전주시완산구,,중화산1동제3투,3543,2834,481,2333,3,2,8,2,2829,5,709
전라북도,전주시완산구,중화산2동,소계,14712,11685,1458,10188,2,4,17,2,11671,14,3027
전라북도,전주시완산구,,중화산2동제1투,4220,3669,577,3079,0,2,7,0,3665,4,551
전라북도,전주시완산구,,중화산2동제2투,3977,2815,277,2530,0,2,1,0,2810,5,1162
전라북도,전주시완산구,,중화산2동제3투,3327,2622,291,2323,0,0,3,2,2619,3,705
전라북도,전주시완산구,,중화산2동제4투,3188,2579,313,2256,2,0,6,0,2577,2,609
전라북도,전주시완산구,평화1동,소계,11675,8729,1107,7559,0,5,19,10,8700,29,2946
전라북도,전주시완산구,,평화1동제1투,4298,3144,409,2709,0,2,8,3,3131,13,1154
전라북도,전주시완산구,,평화1동제2투,4047,2943,413,2502,0,3,6,6,2930,13,1104
전라북도,전주시완산구,,평화1동제3투,3330,2642,285,2348,0,0,5,1,2639,3,688
전라북도,전주시완산구,평화2동,소계,31965,26449,2740,23575,8,5,42,18,26388,61,5516
전라북도,전주시완산구,,평화2동제1투,4099,3352,468,2863,1,0,8,4,3344,8,747
전라북도,전주시완산구,,평화2동제2투,3992,3252,309,2931,1,1,4,3,3249,3,740
전라북도,전주시완산구,,평화2동제3투,3399,2663,321,2317,3,1,4,1,2647,16,736
전라북도,전주시완산구,,평화2동제4투,3089,2673,245,2411,1,0,8,5,2670,3,416
전라북도,전주시완산구,,평화2동제5투,1614,1226,115,1099,1,0,4,1,1220,6,388
전라북도,전주시완산구,,평화2동제6투,4157,3509,302,3189,0,2,7,1,3501,8,648
전라북도,전주시완산구,,평화2동제7투,3386,2826,328,2489,0,0,4,0,2821,5,560
전라북도,전주시완산구,,평화2동제8투,4606,3829,348,3474,0,0,1,2,3825,4,777
전라북도,전주시완산구,,평화2동제9투,3623,3119,304,2802,1,1,2,1,3111,8,504
전라북도,전주시완산구,서신동,소계,33291,27203,3087,24007,5,16,41,10,27166,37,6088
전라북도,전주시완산구,,서신동제1투,3347,2723,317,2399,1,0,4,0,2721,2,624
전라북도,전주시완산구,,서신동제2투,3467,2625,276,2328,0,4,10,2,2620,5,842
전라북도,전주시완산구,,서신동제3투,2653,2224,370,1837,2,2,6,0,2217,7,429
전라북도,전주시완산구,,서신동제4투,3016,2400,335,2051,1,3,2,1,2393,7,616
전라북도,전주시완산구,,서신동제5투,3668,2904,253,2634,0,3,5,3,2898,6,764
전라북도,전주시완산구,,서신동제6투,2485,2134,210,1918,1,0,2,0,2131,3,351
전라북도,전주시완산구,,서신동제7투,2656,2230,210,2017,0,1,2,0,2230,0,426
전라북도,전주시완산구,,서신동제8투,3886,3362,367,2985,0,2,3,1,3358,4,524
전라북도,전주시완산구,,서신동제9투,3307,2856,258,2590,0,0,2,3,2853,3,451
전라북도,전주시완산구,,서신동제10투,4806,3745,491,3248,0,1,5,0,3745,0,1061
전라북도,전주시완산구,삼천1동,소계,10793,8547,994,7499,0,6,23,0,8522,25,2246
전라북도,전주시완산구,,삼천1동제1투,3374,2600,324,2261,0,1,9,0,2595,5,774
전라북도,전주시완산구,,삼천1동제2투,4124,3402,392,2979,0,3,11,0,3385,17,722
전라북도,전주시완산구,,삼천1동제3투,3295,2545,278,2259,0,2,3,0,2542,3,750
전라북도,전주시완산구,삼천2동,소계,13996,10842,1206,9588,2,1,18,3,10818,24,3154
전라북도,전주시완산구,,삼천2동제1투,3734,2741,290,2440,0,0,4,0,2734,7,993
전라북도,전주시완산구,,삼천2동제2투,2431,1955,176,1771,0,0,2,2,1951,4,476
전라북도,전주시완산구,,삼천2동제3투,3796,3144,426,2700,1,1,8,0,3136,8,652
전라북도,전주시완산구,,삼천2동제4투,4035,3002,314,2677,1,0,4,1,2997,5,1033
전라북도,전주시완산구,삼천3동,소계,17206,14230,1377,12792,1,10,17,7,14204,26,2976
전라북도,전주시완산구,,삼천3동제1투,3166,2629,253,2370,0,1,2,0,2626,3,537
전라북도,전주시완산구,,삼천3동제2투,1189,872,115,751,0,1,1,1,869,3,317
전라북도,전주시완산구,,삼천3동제3투,3712,3136,266,2854,1,2,5,2,3130,6,576
전라북도,전주시완산구,,삼천3동제4투,3130,2675,228,2438,0,3,3,1,2673,2,455
전라북도,전주시완산구,,삼천3동제5투,2325,1748,224,1507,0,1,5,2,1739,9,577
전라북도,전주시완산구,,삼천3동제6투,3684,3170,291,2872,0,2,1,1,3167,3,514
전라북도,전주시완산구,효자1동,소계,11316,9025,1256,7718,0,6,13,6,8999,26,2291
전라북도,전주시완산구,,효자1동제1투,4019,3284,474,2790,0,1,8,1,3274,10,735
전라북도,전주시완산구,,효자1동제2투,4024,3143,355,2770,0,4,3,5,3137,6,881
전라북도,전주시완산구,,효자1동제3투,3273,2598,427,2158,0,1,2,0,2588,10,675
전라북도,전주시완산구,효자2동,소계,10306,7992,953,7008,0,1,13,4,7979,13,2314
전라북도,전주시완산구,,효자2동제1투,3745,2939,335,2597,0,1,4,1,2938,1,806
전라북도,전주시완산구,,효자2동제2투,2414,1815,261,1546,0,0,3,0,1810,5,599
전라북도,전주시완산구,,효자2동제3투,4147,3238,357,2865,0,0,6,3,3231,7,909
전라북도,전주시완산구,효자3동,소계,13097,11056,1298,9707,0,5,17,5,11032,24,2041
전라북도,전주시완산구,,효자3동제1투,2987,2508,375,2120,0,1,3,1,2500,8,479
전라북도,전주시완산구,,효자3동제2투,3731,3158,374,2769,0,1,6,2,3152,6,573
전라북도,전주시완산구,,효자3동제3투,3477,2914,337,2562,0,2,7,1,2909,5,563
전라북도,전주시완산구,,효자3동제4투,2902,2476,212,2256,0,1,1,1,2471,5,426
전라북도,전주시완산구,효자4동,소계,38997,31358,3545,27708,3,13,35,8,31312,46,7639
전라북도,전주시완산구,,효자4동제1투,2439,2018,314,1697,0,1,3,1,2016,2,421
전라북도,전주시완산구,,효자4동제2투,2355,2038,383,1649,1,0,3,1,2037,1,317
전라북도,전주시완산구,,효자4동제3투,3157,2343,212,2122,0,0,3,1,2338,5,814
전라북도,전주시완산구,,효자4동제4투,3862,3050,280,2758,2,3,1,1,3045,5,812
전라북도,전주시완산구,,효자4동제5투,4031,3301,353,2932,0,1,2,3,3291,10,730
전라북도,전주시완산구,,효자4동제6투,4086,3178,330,2834,0,2,3,1,3170,8,908
전라북도,전주시완산구,,효자4동제7투,3374,2422,273,2145,0,0,3,0,2421,1,952
전라북도,전주시완산구,,효자4동제8투,3467,2569,279,2281,0,3,2,0,2565,4,898
전라북도,전주시완산구,,효자4동제9투,3753,3323,457,2858,0,1,3,0,3319,4,430
전라북도,전주시완산구,,효자4동제10투,3269,2908,247,2652,0,1,6,0,2906,2,361
전라북도,전주시완산구,,효자4동제11투,2582,2203,243,1951,0,1,5,0,2200,3,379
전라북도,전주시완산구,,효자4동제12투,2622,2005,174,1829,0,0,1,0,2004,1,617
전라북도,전주시덕진구,소계,,217955,172431,20283,151196,39,117,268,108,172011,420,45524
전라북도,전주시덕진구,재외투표,,748,527,65,455,0,1,1,0,522,5,221
전라북도,전주시덕진구,국내부재자투표,,6489,5938,1115,4714,7,9,14,16,5875,63,551
전라북도,전주시덕진구,소계,,210718,165966,19103,146027,32,107,253,92,165614,352,44752
전라북도,전주시덕진구,진북동,소계,14146,11116,1705,9362,3,5,17,4,11096,20,3030
전라북도,전주시덕진구,,진북동제1투,2765,1958,249,1700,2,1,1,0,1953,5,807
전라북도,전주시덕진구,,진북동제2투,2768,2244,404,1828,1,2,5,1,2241,3,524
전라북도,전주시덕진구,,진북동제3투,3427,2752,368,2371,0,0,5,1,2745,7,675
전라북도,전주시덕진구,,진북동제4투,3102,2579,420,2153,0,0,3,1,2577,2,523
전라북도,전주시덕진구,,진북동제5투,2084,1583,264,1310,0,2,3,1,1580,3,501
전라북도,전주시덕진구,인후1동,소계,15041,12302,1503,10737,1,10,18,7,12276,26,2739
전라북도,전주시덕진구,,인후1동제1투,4485,3424,406,3004,0,0,5,2,3417,7,1061
전라북도,전주시덕진구,,인후1동제2투,2974,2369,281,2072,0,1,5,2,2361,8,605
전라북도,전주시덕진구,,인후1동제3투,3554,3040,401,2628,1,5,1,0,3036,4,514
전라북도,전주시덕진구,,인후1동제4투,4028,3469,415,3033,0,4,7,3,3462,7,559
전라북도,전주시덕진구,인후2동,소계,10611,7884,967,6885,4,3,9,3,7871,13,2727
전라북도,전주시덕진구,,인후2동제1투,2673,2010,240,1762,0,2,1,2,2007,3,663
전라북도,전주시덕진구,,인후2동제2투,2327,1656,196,1451,3,0,2,1,1653,3,671
전라북도,전주시덕진구,,인후2동제3투,2548,1841,225,1607,1,0,4,0,1837,4,707
전라북도,전주시덕진구,,인후2동제4투,3063,2377,306,2065,0,1,2,0,2374,3,686
전라북도,전주시덕진구,인후3동,소계,26405,20530,2063,18395,4,10,19,8,20499,31,5875
전라북도,전주시덕진구,,인후3동제1투,3908,2644,291,2341,0,1,2,2,2637,7,1264
전라북도,전주시덕진구,,인후3동제2투,3709,2917,275,2634,0,1,1,2,2913,4,792
전라북도,전주시덕진구,,인후3동제3투,3790,3009,283,2715,1,1,6,1,3007,2,781
전라북도,전주시덕진구,,인후3동제4투,3607,3112,403,2697,0,1,5,2,3108,4,495
전라북도,전주시덕진구,,인후3동제5투,4357,3610,320,3280,2,2,2,1,3607,3,747
전라북도,전주시덕진구,,인후3동제6투,3965,3247,297,2940,1,2,1,0,3241,6,718
전라북도,전주시덕진구,,인후3동제7투,3069,1991,194,1788,0,2,2,0,1986,5,1078
전라북도,전주시덕진구,덕진동,소계,13704,10534,1280,9211,1,4,16,2,10514,20,3170
전라북도,전주시덕진구,,덕진동제1투,3295,2360,316,2039,0,0,2,0,2357,3,935
전라북도,전주시덕진구,,덕진동제2투,2874,2155,295,1850,0,0,3,2,2150,5,719
전라북도,전주시덕진구,,덕진동제3투,3658,2916,362,2537,0,4,7,0,2910,6,742
전라북도,전주시덕진구,,덕진동제4투,3877,3103,307,2785,1,0,4,0,3097,6,774
전라북도,전주시덕진구,금암1동,소계,6607,4796,670,4104,2,2,5,5,4788,8,1811
전라북도,전주시덕진구,,금암1동제1투,3022,2190,353,1823,2,2,2,4,2186,4,832
전라북도,전주시덕진구,,금암1동제2투,3585,2606,317,2281,0,0,3,1,2602,4,979
전라북도,전주시덕진구,금암2동,소계,9702,7548,1048,6463,1,3,13,4,7532,16,2154
전라북도,전주시덕진구,,금암2동제1투,3170,2372,298,2056,0,3,6,3,2366,6,798
전라북도,전주시덕진구,,금암2동제2투,3369,2706,420,2273,1,0,4,0,2698,8,663
전라북도,전주시덕진구,,금암2동제3투,3163,2470,330,2134,0,0,3,1,2468,2,693
전라북도,전주시덕진구,팔복동,소계,8896,6504,714,5746,3,7,10,8,6488,16,2392
전라북도,전주시덕진구,,팔복동제1투,3447,2514,282,2215,1,2,5,3,2508,6,933
전라북도,전주시덕진구,,팔복동제2투,3676,2717,278,2417,2,5,4,4,2710,7,959
전라북도,전주시덕진구,,팔복동제3투,1773,1273,154,1114,0,0,1,1,1270,3,500
전라북도,전주시덕진구,우아1동,소계,9974,7370,938,6396,0,4,13,3,7354,16,2604
전라북도,전주시덕진구,,우아1동제1투,3371,2527,357,2157,0,1,4,1,2520,7,844
전라북도,전주시덕진구,,우아1동제2투,3168,2391,242,2139,0,1,4,2,2388,3,777
전라북도,전주시덕진구,,우아1동제3투,3435,2452,339,2100,0,2,5,0,2446,6,983
전라북도,전주시덕진구,우아2동,소계,11719,8799,934,7826,1,8,14,7,8790,9,2920
전라북도,전주시덕진구,,우아2동제1투,2796,2312,210,2091,0,2,6,0,2309,3,484
전라북도,전주시덕진구,,우아2동제2투,3993,2936,362,2561,1,3,4,2,2933,3,1057
전라북도,전주시덕진구,,우아2동제3투,821,620,78,534,0,1,2,4,619,1,201
전라북도,전주시덕진구,,우아2동제4투,4109,2931,284,2640,0,2,2,1,2929,2,1178
전라북도,전주시덕진구,호성동,소계,17403,14595,1621,12898,3,16,17,3,14558,37,2808
전라북도,전주시덕진구,,호성동제1투,1371,1056,140,897,1,1,2,0,1041,15,315
전라북도,전주시덕진구,,호성동제2투,3809,3095,272,2807,0,4,5,0,3088,7,714
전라북도,전주시덕진구,,호성동제3투,3342,2860,265,2585,1,4,1,0,2856,4,482
전라북도,전주시덕진구,,호성동제4투,3843,3263,348,2896,1,3,6,2,3256,7,580
전라북도,전주시덕진구,,호성동제5투,5038,4321,596,3713,0,4,3,1,4317,4,717
전라북도,전주시덕진구,송천1동,소계,25086,20879,2238,18537,2,10,31,9,20827,52,4207
전라북도,전주시덕진구,,송천1동제1투,3205,2565,290,2260,0,2,4,1,2557,8,640
전라북도,전주시덕진구,,송천1동제2투,3133,2482,245,2223,0,2,3,2,2475,7,651
전라북도,전주시덕진구,,송천1동제3투,3711,2920,300,2609,0,2,1,1,2913,7,791
전라북도,전주시덕진구,,송천1동제4투,4539,3844,430,3397,0,2,7,1,3837,7,695
전라북도,전주시덕진구,,송천1동제5투,3292,2873,259,2599,0,1,6,2,2867,6,419
전라북도,전주시덕진구,,송천1동제6투,3809,3282,346,2926,0,0,4,1,3277,5,527
전라북도,전주시덕진구,,송천1동제7투,3397,2913,368,2523,2,1,6,1,2901,12,484
전라북도,전주시덕진구,송천2동,소계,19965,16516,1710,14729,1,10,31,6,16487,29,3449
전라북도,전주시덕진구,,송천2동제1투,2692,2140,220,1912,0,0,4,1,2137,3,552
전라북도,전주시덕진구,,송천2동제2투,3028,2585,241,2333,0,0,4,3,2581,4,443
전라북도,전주시덕진구,,송천2동제3투,2608,2157,193,1953,0,3,4,0,2153,4,451
전라북도,전주시덕진구,,송천2동제4투,3309,2722,297,2410,0,2,5,1,2715,7,587
전라북도,전주시덕진구,,송천2동제5투,4467,3777,458,3306,0,2,7,0,3773,4,690
전라북도,전주시덕진구,,송천2동제6투,1272,965,83,872,1,3,3,0,962,3,307
전라북도,전주시덕진구,,송천2동제7투,2589,2170,218,1943,0,0,4,1,2166,4,419
전라북도,전주시덕진구,조촌동,소계,8394,6421,634,5701,4,5,23,14,6381,40,1973
전라북도,전주시덕진구,,조촌동제1투,2925,2389,198,2174,0,3,6,2,2383,6,536
전라북도,전주시덕진구,,조촌동제2투,3212,2313,263,2039,1,1,3,3,2310,3,899
전라북도,전주시덕진구,,조촌동제3투,2257,1719,173,1488,3,1,14,9,1688,31,538
전라북도,전주시덕진구,동산동,소계,13065,10172,1078,9037,2,10,17,9,10153,19,2893
전라북도,전주시덕진구,,동산동제1투,3400,2558,274,2269,1,0,7,1,2552,6,842
전라북도,전주시덕진구,,동산동제2투,3539,2877,331,2530,0,3,5,5,2874,3,662
전라북도,전주시덕진구,,동산동제3투,3730,2888,285,2586,1,5,5,1,2883,5,842
전라북도,전주시덕진구,,동산동제4투,2396,1849,188,1652,0,2,0,2,1844,5,547
전라북도,군산시,소계,,218605,164176,24862,138173,57,68,312,162,163634,542,54429
전라북도,군산시,재외투표,,647,468,83,382,0,1,0,0,466,2,179
전라북도,군산시,국내부재자투표,,6756,6170,1134,4886,6,7,17,17,6067,103,586
전라북도,군산시,소계,,211202,157538,23645,132905,51,60,295,145,157101,437,53664
전라북도,군산시,옥구읍,소계,3263,2486,409,2049,2,0,5,5,2470,16,777
전라북도,군산시,,옥구읍투표소,3263,2486,409,2049,2,0,5,5,2470,16,777
전라북도,군산시,옥산면,소계,2400,1780,266,1500,1,2,5,1,1775,5,620
전라북도,군산시,,옥산면투표소,2400,1780,266,1500,1,2,5,1,1775,5,620
전라북도,군산시,회현면,소계,3050,2354,352,1959,2,3,11,9,2336,18,696
전라북도,군산시,,회현면투표소,3050,2354,352,1959,2,3,11,9,2336,18,696
전라북도,군산시,임피면,소계,2824,2094,276,1792,2,2,10,4,2086,8,730
전라북도,군산시,,임피면투표소,2824,2094,276,1792,2,2,10,4,2086,8,730
전라북도,군산시,서수면,소계,2625,1884,274,1580,1,1,10,6,1872,12,741
전라북도,군산시,,서수면투표소,2625,1884,274,1580,1,1,10,6,1872,12,741
전라북도,군산시,대야면,소계,5330,3973,638,3289,2,3,18,10,3960,13,1357
전라북도,군산시,,대야면제1투,2612,1934,275,1635,2,0,6,8,1926,8,678
전라북도,군산시,,대야면제2투,2718,2039,363,1654,0,3,12,2,2034,5,679
전라북도,군산시,개정면,소계,3229,2353,373,1965,0,3,6,2,2349,4,876
전라북도,군산시,,개정면투표소,3229,2353,373,1965,0,3,6,2,2349,4,876
전라북도,군산시,성산면,소계,2876,2143,359,1766,0,1,6,2,2134,9,733
전라북도,군산시,,성산면투표소,2876,2143,359,1766,0,1,6,2,2134,9,733
전라북도,군산시,나포면,소계,2350,1754,266,1452,4,2,10,9,1743,11,596
전라북도,군산시,,나포면투표소,2350,1754,266,1452,4,2,10,9,1743,11,596
전라북도,군산시,옥도면,소계,3347,1603,275,1307,2,1,3,6,1594,9,1744
전라북도,군산시,,옥도면제1투,717,305,39,260,0,0,1,2,302,3,412
전라북도,군산시,,옥도면제2투,156,69,8,58,0,1,1,0,68,1,87
전라북도,군산시,,옥도면제3투,316,132,32,100,0,0,0,0,132,0,184
전라북도,군산시,,옥도면제4투,250,159,14,144,0,0,0,0,158,1,91
전라북도,군산시,,옥도면제5투,299,187,33,151,0,0,1,2,187,0,112
전라북도,군산시,,옥도면제6투,942,446,83,356,2,0,0,1,442,4,496
전라북도,군산시,,옥도면제7투,88,45,8,36,0,0,0,1,45,0,43
전라북도,군산시,,옥도면제8투,199,84,10,74,0,0,0,0,84,0,115
전라북도,군산시,,옥도면제9투,55,33,4,29,0,0,0,0,33,0,22
전라북도,군산시,,옥도면제10투,325,143,44,99,0,0,0,0,143,0,182
전라북도,군산시,옥서면,소계,3925,2828,423,2373,1,2,6,7,2812,16,1097
전라북도,군산시,,옥서면투표소,3925,2828,423,2373,1,2,6,7,2812,16,1097
전라북도,군산시,해신동,소계,2470,1684,282,1390,0,0,3,2,1677,7,786
전라북도,군산시,,해신동투표소,2470,1684,282,1390,0,0,3,2,1677,7,786
전라북도,군산시,월명동,소계,6817,4751,833,3895,0,3,3,6,4740,11,2066
전라북도,군산시,,월명동제1투,1623,972,212,757,0,0,1,1,971,1,651
전라북도,군산시,,월명동제2투,2072,1536,282,1247,0,1,1,1,1532,4,536
전라북도,군산시,,월명동제3투,3122,2243,339,1891,0,2,1,4,2237,6,879
전라북도,군산시,삼학동,소계,6225,4604,796,3782,0,1,9,5,4593,11,1621
전라북도,군산시,,삼학동제1투,2059,1497,317,1169,0,1,6,1,1494,3,562
전라북도,군산시,,삼학동제2투,1748,1277,190,1081,0,0,1,3,1275,2,471
전라북도,군산시,,삼학동제3투,2418,1830,289,1532,0,0,2,1,1824,6,588
전라북도,군산시,신풍동,소계,6999,5306,879,4380,2,1,22,4,5288,18,1693
전라북도,군산시,,신풍동제1투,2359,1723,315,1392,1,0,5,2,1715,8,636
전라북도,군산시,,신풍동제2투,2027,1471,256,1197,1,1,7,1,1463,8,556
전라북도,군산시,,신풍동제3투,2613,2112,308,1791,0,0,10,1,2110,2,501
전라북도,군산시,중앙동,소계,3572,2460,403,2036,0,0,10,3,2452,8,1112
전라북도,군산시,,중앙동투표소,3572,2460,403,2036,0,0,10,3,2452,8,1112
전라북도,군산시,흥남동,소계,8985,6735,1034,5666,1,4,6,5,6716,19,2250
전라북도,군산시,,흥남동제1투,1284,832,157,671,0,0,0,0,828,4,452
전라북도,군산시,,흥남동제2투,3565,2707,398,2297,0,2,4,2,2703,4,858
전라북도,군산시,,흥남동제3투,1993,1560,238,1309,1,1,1,3,1553,7,433
전라북도,군산시,,흥남동제4투,2143,1636,241,1389,0,1,1,0,1632,4,507
전라북도,군산시,조촌동,소계,12015,8967,1266,7663,2,1,10,6,8948,19,3048
전라북도,군산시,,조촌동제1투,2750,2004,262,1738,1,0,0,2,2003,1,746
전라북도,군산시,,조촌동제2투,4099,3040,406,2619,0,0,6,1,3032,8,1059
전라북도,군산시,,조촌동제3투,2474,1797,337,1449,1,1,1,3,1792,5,677
전라북도,군산시,,조촌동제4투,2692,2126,261,1857,0,0,3,0,2121,5,566
전라북도,군산시,경암동,소계,6944,5108,800,4280,0,1,5,7,5093,15,1836
전라북도,군산시,,경암동제1투,2457,1743,284,1446,0,0,3,5,1738,5,714
전라북도,군산시,,경암동제2투,2639,1959,261,1689,0,0,1,2,1953,6,680
전라북도,군산시,,경암동제3투,1848,1406,255,1145,0,1,1,0,1402,4,442
전라북도,군산시,구암동,소계,5335,4128,599,3507,2,0,7,3,4118,10,1207
전라북도,군산시,,구암동제1투,2627,1950,301,1641,0,0,2,0,1944,6,677
전라북도,군산시,,구암동제2투,2708,2178,298,1866,2,0,5,3,2174,4,530
전라북도,군산시,개정동,소계,2742,2113,311,1787,1,2,5,2,2108,5,629
전라북도,군산시,,개정동투표소,2742,2113,311,1787,1,2,5,2,2108,5,629
전라북도,군산시,수송동,소계,29084,23276,3415,19758,6,8,31,12,23230,46,5808
전라북도,군산시,,수송동제1투,3358,2595,419,2169,0,1,1,1,2591,4,763
전라북도,군산시,,수송동제2투,3012,2407,295,2101,1,0,3,4,2404,3,605
전라북도,군산시,,수송동제3투,2157,1663,235,1420,0,2,2,1,1660,3,494
전라북도,군산시,,수송동제4투,2955,2283,311,1951,0,2,10,0,2274,9,672
전라북도,군산시,,수송동제5투,4753,3528,518,2998,0,0,3,2,3521,7,1225
전라북도,군산시,,수송동제6투,4472,3699,521,3165,0,1,2,2,3691,8,773
전라북도,군산시,,수송동제7투,4193,3589,551,3022,2,2,5,0,3582,7,604
전라북도,군산시,,수송동제8투,4184,3512,565,2932,3,0,5,2,3507,5,672
전라북도,군산시,나운1동,소계,13029,9654,1424,8185,5,2,11,6,9633,21,3375
전라북도,군산시,,나운1동제1투,3309,2491,374,2105,3,1,4,0,2487,4,818
전라북도,군산시,,나운1동제2투,4101,3092,459,2622,1,1,1,2,3086,6,1009
전라북도,군산시,,나운1동제3투,3305,2541,365,2165,0,0,3,2,2535,6,764
전라북도,군산시,,나운1동제4투,2314,1530,226,1293,1,0,3,2,1525,5,784
전라북도,군산시,나운2동,소계,19788,15884,2307,13473,5,9,33,9,15836,48,3904
전라북도,군산시,,나운2동제1투,3452,2849,471,2365,0,1,4,1,2842,7,603
전라북도,군산시,,나운2동제2투,2719,1961,367,1553,2,1,11,5,1939,22,758
전라북도,군산시,,나운2동제3투,2735,2153,278,1862,0,1,2,2,2145,8,582
전라북도,군산시,,나운2동제4투,3934,3266,408,2846,0,1,5,0,3260,6,668
전라북도,군산시,,나운2동제5투,3777,3108,439,2656,3,4,3,1,3106,2,669
전라북도,군산시,,나운2동제6투,3171,2547,344,2191,0,1,8,0,2544,3,624
전라북도,군산시,나운3동,소계,26856,20531,2894,17562,2,5,27,7,20497,34,6325
전라북도,군산시,,나운3동제1투,3622,2790,347,2437,0,0,3,0,2787,3,832
전라북도,군산시,,나운3동제2투,2403,1962,334,1620,1,1,2,0,1958,4,441
전라북도,군산시,,나운3동제3투,3276,2578,294,2276,1,0,4,0,2575,3,698
전라북도,군산시,,나운3동제4투,3024,2283,284,1989,0,0,2,1,2276,7,741
전라북도,군산시,,나운3동제5투,2439,1858,333,1515,0,0,6,2,1856,2,581
전라북도,군산시,,나운3동제6투,3074,1898,262,1631,0,2,1,0,1896,2,1176
전라북도,군산시,,나운3동제7투,2942,2281,254,2019,0,2,2,2,2279,2,661
전라북도,군산시,,나운3동제8투,2413,1960,285,1668,0,0,2,1,1956,4,453
전라북도,군산시,,나운3동제9투,3663,2921,501,2407,0,0,5,1,2914,7,742
전라북도,군산시,소룡동,소계,14966,10342,1516,8785,2,0,13,3,10319,23,4624
전라북도,군산시,,소룡동제1투,3184,2212,361,1843,0,0,3,1,2208,4,972
전라북도,군산시,,소룡동제2투,2563,1852,265,1579,0,0,3,1,1848,4,711
전라북도,군산시,,소룡동제3투,3333,2309,298,2002,1,0,2,1,2304,5,1024
전라북도,군산시,,소룡동제4투,4543,3271,440,2817,1,0,4,0,3262,9,1272
전라북도,군산시,,소룡동제5투,1343,698,152,544,0,0,1,0,697,1,645
전라북도,군산시,미성동,소계,10156,6743,975,5724,6,3,10,4,6722,21,3413
전라북도,군산시,,미성동제1투,2687,1725,229,1481,3,1,5,1,1720,5,962
전라북도,군산시,,미성동제2투,3163,2307,342,1953,0,1,1,0,2297,10,856
전라북도,군산시,,미성동제3투,984,725,101,619,0,1,2,0,723,2,259
전라북도,군산시,,미성동제4투,3322,1986,303,1671,3,0,2,3,1982,4,1336
전라북도,익산시,소계,,240817,182350,24639,156065,99,82,304,189,181378,972,58467
전라북도,익산시,재외투표,,776,549,93,449,0,0,3,1,546,3,227
전라북도,익산시,국내부재자투표,,7474,6721,1418,5150,8,12,19,20,6627,94,753
전라북도,익산시,소계,,232567,175080,23128,150466,91,70,282,168,174205,875,57487
전라북도,익산시,함열읍,소계,6706,4871,707,4118,2,2,10,11,4850,21,1835
전라북도,익산시,,함열읍제1투,3695,2675,376,2274,0,1,7,7,2665,10,1020
전라북도,익산시,,함열읍제2투,3011,2196,331,1844,2,1,3,4,2185,11,815
전라북도,익산시,오산면,소계,7280,5423,674,4701,1,3,7,7,5393,30,1857
전라북도,익산시,,오산면제1투,2453,1787,233,1534,0,0,1,5,1773,14,666
전라북도,익산시,,오산면제2투,3343,2476,279,2185,1,1,1,2,2469,7,867
전라북도,익산시,,오산면제3투,1484,1160,162,982,0,2,5,0,1151,9,324
전라북도,익산시,황등면,소계,7251,5290,674,4565,2,2,7,9,5259,31,1961
전라북도,익산시,,황등면제1투,2707,1936,251,1665,1,0,4,3,1924,12,771
전라북도,익산시,,황등면제2투,3544,2613,339,2252,1,1,3,4,2600,13,931
전라북도,익산시,,황등면제3투,1000,741,84,648,0,1,0,2,735,6,259
전라북도,익산시,함라면,소계,2192,1680,277,1372,1,0,8,6,1664,16,512
전라북도,익산시,,함라면투표소,2192,1680,277,1372,1,0,8,6,1664,16,512
전라북도,익산시,웅포면,소계,1655,1274,163,1100,0,0,2,6,1271,3,381
전라북도,익산시,,웅포면투표소,1655,1274,163,1100,0,0,2,6,1271,3,381
전라북도,익산시,성당면,소계,2022,1449,251,1181,1,0,7,3,1443,6,573
전라북도,익산시,,성당면투표소,2022,1449,251,1181,1,0,7,3,1443,6,573
전라북도,익산시,용안면,소계,2691,2014,395,1581,2,1,5,10,1994,20,677
전라북도,익산시,,용안면투표소,2691,2014,395,1581,2,1,5,10,1994,20,677
전라북도,익산시,낭산면,소계,3075,2336,336,1984,0,1,3,3,2327,9,739
전라북도,익산시,,낭산면투표소,3075,2336,336,1984,0,1,3,3,2327,9,739
전라북도,익산시,망성면,소계,3160,2262,550,1687,3,1,4,5,2250,12,898
전라북도,익산시,,망성면투표소,3160,2262,550,1687,3,1,4,5,2250,12,898
전라북도,익산시,여산면,소계,3174,2337,452,1860,2,0,8,5,2327,10,837
전라북도,익산시,,여산면투표소,3174,2337,452,1860,2,0,8,5,2327,10,837
전라북도,익산시,금마면,소계,4151,3034,626,2370,2,1,5,4,3008,26,1117
전라북도,익산시,,금마면제1투,2614,1885,406,1451,2,1,3,3,1866,19,729
전라북도,익산시,,금마면제2투,1537,1149,220,919,0,0,2,1,1142,7,388
전라북도,익산시,왕궁면,소계,4955,3763,688,3037,1,1,9,6,3742,21,1192
전라북도,익산시,,왕궁면제1투,2417,1771,231,1522,0,1,5,2,1761,10,646
전라북도,익산시,,왕궁면제2투,1468,1113,164,938,1,0,4,1,1108,5,355
전라북도,익산시,,왕궁면제3투,1070,879,293,577,0,0,0,3,873,6,191
전라북도,익산시,춘포면,소계,4569,3372,429,2899,2,5,7,4,3346,26,1197
전라북도,익산시,,춘포면제1투,1626,1235,145,1069,1,2,2,2,1221,14,391
전라북도,익산시,,춘포면제2투,1463,1056,136,907,0,1,3,2,1049,7,407
전라북도,익산시,,춘포면제3투,1480,1081,148,923,1,2,2,0,1076,5,399
전라북도,익산시,삼기면,소계,2597,1929,252,1636,1,2,10,4,1905,24,668
전라북도,익산시,,삼기면투표소,2597,1929,252,1636,1,2,10,4,1905,24,668
전라북도,익산시,용동면,소계,1653,1244,222,1007,1,2,4,2,1238,6,409
전라북도,익산시,,용동면투표소,1653,1244,222,1007,1,2,4,2,1238,6,409
전라북도,익산시,중앙동,소계,3974,2693,488,2166,5,0,7,3,2669,24,1281
전라북도,익산시,,중앙동제1투,1846,1182,205,958,4,0,2,2,1171,11,664
전라북도,익산시,,중앙동제2투,2128,1511,283,1208,1,0,5,1,1498,13,617
전라북도,익산시,평화동,소계,4597,3459,457,2950,13,1,8,4,3433,26,1138
전라북도,익산시,,평화동제1투,2997,2313,312,1977,7,0,4,2,2302,11,684
전라북도,익산시,,평화동제2투,1600,1146,145,973,6,1,4,2,1131,15,454
전라북도,익산시,인화동,소계,6602,4820,666,4098,17,1,5,2,4789,31,1782
전라북도,익산시,,인화동제1투,3072,2216,292,1902,7,0,3,2,2206,10,856
전라북도,익산시,,인화동제2투,3530,2604,374,2196,10,1,2,0,2583,21,926
전라북도,익산시,동산동,소계,19224,14231,1522,12591,4,7,28,9,14161,70,4993
전라북도,익산시,,동산동제1투,2928,2153,244,1894,2,0,6,2,2148,5,775
전라북도,익산시,,동산동제2투,2529,1824,208,1604,0,1,2,1,1816,8,705
전라북도,익산시,,동산동제3투,3957,2898,345,2525,0,1,10,3,2884,14,1059
전라북도,익산시,,동산동제4투,3487,2600,251,2328,1,2,4,0,2586,14,887
전라북도,익산시,,동산동제5투,2879,2071,198,1849,1,2,5,1,2056,15,808
전라북도,익산시,,동산동제6투,3444,2685,276,2391,0,1,1,2,2671,14,759
전라북도,익산시,마동,소계,9304,6692,803,5829,7,2,13,2,6656,36,2612
전라북도,익산시,,마동제1투,2202,1457,158,1288,1,0,1,0,1448,9,745
전라북도,익산시,,마동제2투,3467,2495,300,2172,0,2,6,1,2481,14,972
전라북도,익산시,,마동제3투,3635,2740,345,2369,6,0,6,1,2727,13,895
전라북도,익산시,남중동,소계,11835,8736,1390,7287,1,1,16,4,8699,37,3099
전라북도,익산시,,남중동제1투,3105,2261,343,1906,1,0,3,0,2253,8,844
전라북도,익산시,,남중동제2투,2983,2265,378,1872,0,1,3,2,2256,9,718
전라북도,익산시,,남중동제3투,2864,2016,329,1674,0,0,3,1,2007,9,848
전라북도,익산시,,남중동제4투,2883,2194,340,1835,0,0,7,1,2183,11,689
전라북도,익산시,모현동,소계,22917,17814,2241,15480,8,8,21,7,17765,49,5103
전라북도,익산시,,모현동제1투,3061,2185,276,1899,0,1,1,2,2179,6,876
전라북도,익산시,,모현동제2투,3003,2420,361,2044,0,1,7,0,2413,7,583
전라북도,익산시,,모현동제3투,3269,2572,303,2260,2,0,0,0,2565,7,697
전라북도,익산시,,모현동제4투,2142,1761,200,1550,1,1,2,0,1754,7,381
전라북도,익산시,,모현동제5투,3512,2779,394,2365,3,3,6,1,2772,7,733
전라북도,익산시,,모현동제6투,4583,3552,396,3141,1,2,4,3,3547,5,1031
전라북도,익산시,,모현동제7투,3347,2545,311,2221,1,0,1,1,2535,10,802
전라북도,익산시,송학동,소계,6393,4910,569,4317,1,0,8,2,4897,13,1483
전라북도,익산시,,송학동제1투,1997,1466,176,1281,0,0,4,1,1462,4,531
전라북도,익산시,,송학동제2투,2177,1789,212,1570,1,0,2,1,1786,3,388
전라북도,익산시,,송학동제3투,2219,1655,181,1466,0,0,2,0,1649,6,564
전라북도,익산시,신동,소계,12790,9078,1256,7759,1,5,10,9,9040,38,3712
전라북도,익산시,,신동제1투,3749,2686,396,2275,0,1,2,3,2677,9,1063
전라북도,익산시,,신동제2투,3543,2510,325,2177,0,0,2,0,2504,6,1033
전라북도,익산시,,신동제3투,2828,2052,278,1758,0,1,4,4,2045,7,776
전라북도,익산시,,신동제4투,2670,1830,257,1549,1,3,2,2,1814,16,840
전라북도,익산시,영등1동,소계,20594,16174,1947,14139,0,2,24,10,16122,52,4420
전라북도,익산시,,영등1동제1투,3142,2518,370,2139,0,0,2,0,2511,7,624
전라북도,익산시,,영등1동제2투,2832,2116,275,1830,0,0,3,2,2110,6,716
전라북도,익산시,,영등1동제3투,3457,2514,317,2178,0,1,3,3,2502,12,943
전라북도,익산시,,영등1동제4투,2936,2340,243,2090,0,0,2,0,2335,5,596
전라북도,익산시,,영등1동제5투,2021,1589,148,1424,0,0,1,2,1575,14,432
전라북도,익산시,,영등1동제6투,3089,2525,305,2207,0,0,8,2,2522,3,564
전라북도,익산시,,영등1동제7투,3117,2572,289,2271,0,1,5,1,2567,5,545
전라북도,익산시,영등2동,소계,10893,8796,886,7879,2,4,9,3,8783,13,2097
전라북도,익산시,,영등2동제1투,4145,3424,319,3097,0,0,1,3,3420,4,721
전라북도,익산시,,영등2동제2투,3199,2630,315,2304,1,3,2,0,2625,5,569
전라북도,익산시,,영등2동제3투,3549,2742,252,2478,1,1,6,0,2738,4,807
전라북도,익산시,어양동,소계,16762,12774,1436,11283,4,4,11,5,12743,31,3988
전라북도,익산시,,어양동제1투,3357,2423,264,2146,1,2,4,0,2417,6,934
전라북도,익산시,,어양동제2투,3355,2454,262,2180,1,1,1,1,2446,8,901
전라북도,익산시,,어양동제3투,3375,2700,385,2307,1,0,1,1,2695,5,675
전라북도,익산시,,어양동제4투,1994,1481,129,1344,1,1,2,1,1478,3,513
전라북도,익산시,,어양동제5투,2519,1976,210,1759,0,0,0,2,1971,5,543
전라북도,익산시,,어양동제6투,2162,1740,186,1547,0,0,3,0,1736,4,422
전라북도,익산시,팔봉동,소계,5551,4101,549,3395,5,6,10,12,3977,124,1450
전라북도,익산시,,팔봉동제1투,4078,3038,415,2493,3,5,8,9,2933,105,1040
전라북도,익산시,,팔봉동제2투,1473,1063,134,902,2,1,2,3,1044,19,410
전라북도,익산시,삼성동,소계,24000,18524,2222,16195,2,8,16,11,18454,70,5476
전라북도,익산시,,삼성동제1투,2923,2393,268,2115,0,0,2,0,2385,8,530
전라북도,익산시,,삼성동제2투,3213,2182,283,1869,1,1,4,3,2161,21,1031
전라북도,익산시,,삼성동제3투,3593,2676,394,2273,1,0,0,2,2670,6,917
전라북도,익산시,,삼성동제4투,3389,2690,308,2368,0,3,3,2,2684,6,699
전라북도,익산시,,삼성동제5투,3664,2790,320,2456,0,0,1,2,2779,11,874
전라북도,익산시,,삼성동제6투,2658,2227,192,2026,0,3,0,1,2222,5,431
전라북도,익산시,,삼성동제7투,1376,1056,135,905,0,0,6,1,1047,9,320
전라북도,익산시,,삼성동제8투,3184,2510,322,2183,0,1,0,0,2506,4,674
전라북도,익산시,잘못 투입·구분된 투표지,,0,0,0,0,0,0,0,0,0,0,0
전라북도,정읍시,소계,,96742,73237,8479,63828,26,33,252,153,72771,466,23505
전라북도,정읍시,재외투표,,264,195,50,144,0,0,0,0,194,1,69
전라북도,정읍시,국내부재자투표,,3213,2872,446,2373,5,2,4,4,2834,38,341
전라북도,정읍시,소계,,93265,70170,7983,61311,21,31,248,149,69743,427,23095
전라북도,정읍시,신태인읍,소계,5593,4103,530,3512,1,1,14,10,4068,35,1490
전라북도,정읍시,,신태인읍제1투,2605,1887,218,1648,0,0,5,1,1872,15,718
전라북도,정읍시,,신태인읍제2투,1863,1362,177,1163,1,1,5,5,1352,10,501
전라북도,정읍시,,신태인읍제3투,1125,854,135,701,0,0,4,4,844,10,271
전라북도,정읍시,북면,소계,4114,2990,284,2653,0,1,12,12,2962,28,1124
전라북도,정읍시,,북면제1투,2097,1497,158,1321,0,0,1,3,1483,14,600
전라북도,정읍시,,북면제2투,2017,1493,126,1332,0,1,11,9,1479,14,524
전라북도,정읍시,입암면,소계,2955,2224,213,1971,0,0,15,8,2207,17,731
전라북도,정읍시,,입암면제1투,1490,1133,102,1007,0,0,11,4,1124,9,357
전라북도,정읍시,,입암면제2투,1465,1091,111,964,0,0,4,4,1083,8,374
전라북도,정읍시,소성면,소계,2223,1713,164,1515,0,0,7,9,1695,18,510
전라북도,정읍시,,소성면제1투,1167,903,91,799,0,0,4,3,897,6,264
전라북도,정읍시,,소성면제2투,1056,810,73,716,0,0,3,6,798,12,246
전라북도,정읍시,고부면,소계,2993,2188,261,1870,1,3,11,12,2158,30,805
전라북도,정읍시,,고부면제1투,2085,1495,169,1283,1,2,7,8,1470,25,590
전라북도,정읍시,,고부면제2투,908,693,92,587,0,1,4,4,688,5,215
전라북도,정읍시,영원면,소계,1883,1420,157,1238,0,0,10,3,1408,12,463
전라북도,정읍시,,영원면제1투,1284,972,103,855,0,0,6,1,965,7,312
전라북도,정읍시,,영원면제2투,599,448,54,383,0,0,4,2,443,5,151
전라북도,정읍시,덕천면,소계,1857,1414,151,1245,0,1,2,4,1403,11,443
전라북도,정읍시,,덕천면제1투,1011,776,81,688,0,0,1,3,773,3,235
전라북도,정읍시,,덕천면제2투,846,638,70,557,0,1,1,1,630,8,208
전라북도,정읍시,이평면,소계,2378,1717,199,1490,3,1,4,4,1701,16,661
전라북도,정읍시,,이평면제1투,1495,1083,136,926,3,1,2,4,1072,11,412
전라북도,정읍시,,이평면제2투,883,634,63,564,0,0,2,0,629,5,249
전라북도,정읍시,정우면,소계,2692,2033,254,1734,2,0,13,9,2012,21,659
전라북도,정읍시,,정우면제1투,1937,1459,175,1253,2,0,9,6,1445,14,478
전라북도,정읍시,,정우면제2투,755,574,79,481,0,0,4,3,567,7,181
전라북도,정읍시,태인면,소계,3666,2664,302,2332,1,2,11,3,2651,13,1002
전라북도,정읍시,,태인면제1투,2439,1765,208,1538,0,1,8,3,1758,7,674
전라북도,정읍시,,태인면제2투,1227,899,94,794,1,1,3,0,893,6,328
전라북도,정읍시,감곡면,소계,2965,2190,294,1835,3,2,14,6,2154,36,775
전라북도,정읍시,,감곡면투표소,2965,2190,294,1835,3,2,14,6,2154,36,775
전라북도,정읍시,옹동면,소계,1746,1321,169,1115,0,1,11,6,1302,19,425
전라북도,정읍시,,옹동면투표소,1746,1321,169,1115,0,1,11,6,1302,19,425
전라북도,정읍시,칠보면,소계,2324,1778,203,1541,0,4,8,6,1762,16,546
전라북도,정읍시,,칠보면제1투,1769,1327,160,1142,0,3,4,5,1314,13,442
전라북도,정읍시,,칠보면제2투,555,451,43,399,0,1,4,1,448,3,104
전라북도,정읍시,산내면,소계,1305,951,117,804,0,2,14,5,942,9,354
전라북도,정읍시,,산내면투표소,1305,951,117,804,0,2,14,5,942,9,354
전라북도,정읍시,산외면,소계,2188,1642,229,1378,1,0,14,10,1632,10,546
전라북도,정읍시,,산외면투표소,2188,1642,229,1378,1,0,14,10,1632,10,546
전라북도,정읍시,수성동,소계,12942,9785,998,8719,3,5,22,7,9754,31,3157
전라북도,정읍시,,수성동제1투,2035,1399,192,1198,1,1,3,2,1397,2,636
전라북도,정읍시,,수성동제2투,2192,1706,179,1512,0,0,6,0,1697,9,486
전라북도,정읍시,,수성동제3투,2550,1856,174,1657,2,1,8,2,1844,12,694
전라북도,정읍시,,수성동제4투,3059,2444,225,2212,0,2,2,1,2442,2,615
전라북도,정읍시,,수성동제5투,3106,2380,228,2140,0,1,3,2,2374,6,726
전라북도,정읍시,장명동,소계,2870,2122,243,1857,0,0,5,6,2111,11,748
전라북도,정읍시,,장명동투표소,2870,2122,243,1857,0,0,5,6,2111,11,748
전라북도,정읍시,내장상동,소계,14758,11526,1287,10165,3,4,21,9,11489,37,3232
전라북도,정읍시,,내장상동제1투,3018,2363,218,2130,1,1,2,1,2353,10,655
전라북도,정읍시,,내장상동제2투,3057,2420,275,2135,0,0,4,0,2414,6,637
전라북도,정읍시,,내장상동제3투,2228,1821,215,1596,0,1,3,0,1815,6,407
전라북도,정읍시,,내장상동제4투,2425,1875,232,1626,1,0,3,4,1866,9,550
전라북도,정읍시,,내장상동제5투,1617,1231,176,1038,1,2,6,4,1227,4,386
전라북도,정읍시,,내장상동제6투,2413,1816,171,1640,0,0,3,0,1814,2,597
전라북도,정읍시,시기동,소계,3552,2661,343,2305,0,0,4,4,2656,5,891
전라북도,정읍시,,시기동제1투,2279,1720,235,1475,0,0,4,1,1715,5,559
전라북도,정읍시,,시기동제2투,1273,941,108,830,0,0,0,3,941,0,332
전라북도,정읍시,초산동,소계,6356,4905,563,4319,1,1,12,1,4897,8,1451
전라북도,정읍시,,초산동제1투,2054,1496,129,1363,0,0,1,0,1493,3,558
전라북도,정읍시,,초산동제2투,2101,1634,234,1387,1,1,9,1,1633,1,467
전라북도,정읍시,,초산동제3투,2201,1775,200,1569,0,0,2,0,1771,4,426
전라북도,정읍시,연지동,소계,4401,3267,371,2874,0,2,8,3,3258,9,1134
전라북도,정읍시,,연지동제1투,2181,1610,203,1398,0,2,2,1,1606,4,571
전라북도,정읍시,,연지동제2투,2220,1657,168,1476,0,0,6,2,1652,5,563
전라북도,정읍시,농소동,소계,3939,2953,333,2591,0,1,5,4,2934,19,986
전라북도,정읍시,,농소동제1투,1757,1300,149,1140,0,0,3,0,1292,8,457
전라북도,정읍시,,농소동제2투,2182,1653,184,1451,0,1,2,4,1642,11,529
전라북도,정읍시,상교동,소계,3565,2603,318,2248,2,0,11,8,2587,16,962
전라북도,정읍시,,상교동제1투,1966,1412,160,1228,1,0,9,5,1403,9,554
전라북도,정읍시,,상교동제2투,1599,1191,158,1020,1,0,2,3,1184,7,408
전라북도,남원시,소계,,70067,54221,6583,46681,57,54,205,138,53718,503,15846
전라북도,남원시,재외투표,,188,148,33,114,0,0,0,0,147,1,40
전라북도,남원시,국내부재자투표,,2790,2437,377,1998,7,5,3,9,2399,38,353
전라북도,남원시,소계,,67089,51636,6173,44569,50,49,202,129,51172,464,15453
전라북도,남원시,운봉읍,소계,3499,2634,297,2290,3,1,10,7,2608,26,865
전라북도,남원시,,운봉읍제1투,1647,1234,125,1081,1,1,4,5,1217,17,413
전라북도,남원시,,운봉읍제2투,1852,1400,172,1209,2,0,6,2,1391,9,452
전라북도,남원시,주천면,소계,2105,1611,214,1358,1,2,6,9,1590,21,494
전라북도,남원시,,주천면제1투,1845,1412,181,1200,1,2,4,6,1394,18,433
전라북도,남원시,,주천면제2투,260,199,33,158,0,0,2,3,196,3,61
전라북도,남원시,수지면,소계,1129,858,126,715,0,1,3,3,848,10,271
전라북도,남원시,,수지면투표소,1129,858,126,715,0,1,3,3,848,10,271
전라북도,남원시,송동면,소계,2001,1537,161,1330,0,6,15,12,1524,13,464
전라북도,남원시,,송동면투표소,2001,1537,161,1330,0,6,15,12,1524,13,464
전라북도,남원시,주생면,소계,1739,1356,168,1149,1,2,11,4,1335,21,383
전라북도,남원시,,주생면투표소,1739,1356,168,1149,1,2,11,4,1335,21,383
전라북도,남원시,금지면,소계,2302,1794,214,1536,0,3,13,7,1773,21,508
전라북도,남원시,,금지면투표소,2302,1794,214,1536,0,3,13,7,1773,21,508
전라북도,남원시,대강면,소계,1723,1287,169,1078,2,2,12,14,1277,10,436
전라북도,남원시,,대강면투표소,1723,1287,169,1078,2,2,12,14,1277,10,436
전라북도,남원시,대산면,소계,1551,1123,168,916,1,3,8,5,1101,22,428
전라북도,남원시,,대산면투표소,1551,1123,168,916,1,3,8,5,1101,22,428
전라북도,남원시,사매면,소계,1526,1180,129,1020,3,1,8,4,1165,15,346
전라북도,남원시,,사매면투표소,1526,1180,129,1020,3,1,8,4,1165,15,346
전라북도,남원시,덕과면,소계,917,729,99,614,0,0,5,4,722,7,188
전라북도,남원시,,덕과면투표소,917,729,99,614,0,0,5,4,722,7,188
전라북도,남원시,보절면,소계,1485,1122,136,946,2,2,15,5,1106,16,363
전라북도,남원시,,보절면투표소,1485,1122,136,946,2,2,15,5,1106,16,363
전라북도,남원시,산동면,소계,1671,1299,135,1133,0,1,11,8,1288,11,372
전라북도,남원시,,산동면투표소,1671,1299,135,1133,0,1,11,8,1288,11,372
전라북도,남원시,이백면,소계,2063,1615,148,1422,1,2,13,5,1591,24,448
전라북도,남원시,,이백면투표소,2063,1615,148,1422,1,2,13,5,1591,24,448
전라북도,남원시,인월면,소계,2446,1805,245,1532,0,3,7,7,1794,11,641
전라북도,남원시,,인월면투표소,2446,1805,245,1532,0,3,7,7,1794,11,641
전라북도,남원시,아영면,소계,1762,1321,155,1130,3,2,11,4,1305,16,441
전라북도,남원시,,아영면투표소,1762,1321,155,1130,3,2,11,4,1305,16,441
전라북도,남원시,산내면,소계,1736,1299,162,1112,1,7,5,3,1290,9,437
전라북도,남원시,,산내면투표소,1736,1299,162,1112,1,7,5,3,1290,9,437
전라북도,남원시,동충동,소계,3049,2364,364,1971,0,0,8,1,2344,20,685
전라북도,남원시,,동충동투표소,3049,2364,364,1971,0,0,8,1,2344,20,685
전라북도,남원시,죽항동,소계,3495,2592,339,2235,0,0,4,0,2578,14,903
전라북도,남원시,,죽항동투표소,3495,2592,339,2235,0,0,4,0,2578,14,903
전라북도,남원시,노암동,소계,3973,3046,377,2627,1,1,8,3,3017,29,927
전라북도,남원시,,노암동제1투,1426,1080,123,939,0,0,4,2,1068,12,346
전라북도,남원시,,노암동제2투,2547,1966,254,1688,1,1,4,1,1949,17,581
전라북도,남원시,금동,소계,5254,4103,451,3605,2,1,8,4,4071,32,1151
전라북도,남원시,,금동제1투,2234,1705,189,1495,1,1,0,2,1688,17,529
전라북도,남원시,,금동제2투,3020,2398,262,2110,1,0,8,2,2383,15,622
전라북도,남원시,왕정동,소계,3683,2910,355,2515,0,2,4,5,2881,29,773
전라북도,남원시,,왕정동제1투,2046,1608,174,1407,0,2,3,5,1591,17,438
전라북도,남원시,,왕정동제2투,1637,1302,181,1108,0,0,1,0,1290,12,335
전라북도,남원시,향교동,소계,6606,4905,673,4161,13,3,9,8,4867,38,1701
전라북도,남원시,,향교동제1투,3655,2767,352,2382,5,1,5,1,2746,21,888
전라북도,남원시,,향교동제2투,1747,1261,169,1072,4,2,2,2,1251,10,486
전라북도,남원시,,향교동제3투,1204,877,152,707,4,0,2,5,870,7,327
전라북도,남원시,도통동,소계,11374,9146,888,8174,16,4,8,7,9097,49,2228
전라북도,남원시,,도통동제1투,3037,2591,246,2325,5,1,3,1,2581,10,446
전라북도,남원시,,도통동제2투,2474,1919,210,1691,6,0,2,1,1910,9,555
전라북도,남원시,,도통동제3투,3027,2403,234,2143,1,0,1,4,2383,20,624
전라북도,남원시,,도통동제4투,2836,2233,198,2015,4,3,2,1,2223,10,603
전라북도,김제시,소계,,77521,58323,8185,49430,32,25,161,106,57939,384,19198
전라북도,김제시,재외투표,,247,164,38,125,0,0,1,0,164,0,83
전라북도,김제시,국내부재자투표,,2410,2138,386,1681,1,2,5,7,2082,56,272
전라북도,김제시,소계,,74864,56021,7761,47624,31,23,155,99,55693,328,18843
전라북도,김제시,만경읍,소계,2906,2174,391,1754,2,1,4,7,2159,15,732
전라북도,김제시,,만경읍제1투,1293,960,173,777,0,0,1,4,955,5,333
전라북도,김제시,,만경읍제2투,1613,1214,218,977,2,1,3,3,1204,10,399
전라북도,김제시,죽산면,소계,2833,2043,295,1719,0,1,7,2,2024,19,790
전라북도,김제시,,죽산면투표소,2833,2043,295,1719,0,1,7,2,2024,19,790
전라북도,김제시,백산면,소계,2592,1953,222,1711,0,0,4,4,1941,12,639
전라북도,김제시,,백산면제1투,1441,1070,122,937,0,0,2,3,1064,6,371
전라북도,김제시,,백산면제2투,1151,883,100,774,0,0,2,1,877,6,268
전라북도,김제시,용지면,소계,3904,2903,414,2448,3,1,6,7,2879,24,1001
전라북도,김제시,,용지면제1투,1993,1457,223,1217,0,1,2,6,1449,8,536
전라북도,김제시,,용지면제2투,1911,1446,191,1231,3,0,4,1,1430,16,465
전라북도,김제시,백구면,소계,3983,2971,405,2532,3,1,8,5,2954,17,1012
전라북도,김제시,,백구면제1투,2030,1524,221,1283,2,1,3,3,1513,11,506
전라북도,김제시,,백구면제2투,1953,1447,184,1249,1,0,5,2,1441,6,506
전라북도,김제시,부량면,소계,1452,1106,179,908,1,1,7,3,1099,7,346
전라북도,김제시,,부량면투표소,1452,1106,179,908,1,1,7,3,1099,7,346
전라북도,김제시,공덕면,소계,2591,2012,273,1711,1,0,8,7,2000,12,579
전라북도,김제시,,공덕면투표소,2591,2012,273,1711,1,0,8,7,2000,12,579
전라북도,김제시,청하면,소계,1916,1434,171,1238,1,0,4,3,1417,17,482
전라북도,김제시,,청하면투표소,1916,1434,171,1238,1,0,4,3,1417,17,482
전라북도,김제시,성덕면,소계,1931,1418,197,1202,1,1,6,3,1410,8,513
전라북도,김제시,,성덕면투표소,1931,1418,197,1202,1,1,6,3,1410,8,513
전라북도,김제시,진봉면,소계,2933,2289,258,1996,0,0,13,5,2272,17,644
전라북도,김제시,,진봉면제1투,2045,1602,182,1396,0,0,7,4,1589,13,443
전라북도,김제시,,진봉면제2투,888,687,76,600,0,0,6,1,683,4,201
전라북도,김제시,금구면,소계,4341,3343,434,2857,2,2,11,8,3314,29,998
전라북도,김제시,,금구면제1투,2331,1814,235,1551,2,2,4,4,1798,16,517
전라북도,김제시,,금구면제2투,745,570,79,484,0,0,3,1,567,3,175
전라북도,김제시,,금구면제3투,1265,959,120,822,0,0,4,3,949,10,306
전라북도,김제시,봉남면,소계,2479,1838,265,1552,2,1,6,3,1829,9,641
전라북도,김제시,,봉남면투표소,2479,1838,265,1552,2,1,6,3,1829,9,641
전라북도,김제시,황산면,소계,2022,1545,192,1330,4,0,2,4,1532,13,477
전라북도,김제시,,황산면투표소,2022,1545,192,1330,4,0,2,4,1532,13,477
전라북도,김제시,금산면,소계,4624,3437,461,2931,1,0,16,6,3415,22,1187
전라북도,김제시,,금산면제1투,2347,1672,235,1410,0,0,10,3,1658,14,675
전라북도,김제시,,금산면제2투,2277,1765,226,1521,1,0,6,3,1757,8,512
전라북도,김제시,광활면,소계,1435,1059,138,910,1,0,0,7,1056,3,376
전라북도,김제시,,광활면투표소,1435,1059,138,910,1,0,0,7,1056,3,376
전라북도,김제시,요촌동,소계,8503,6346,957,5336,2,4,12,8,6319,27,2157
전라북도,김제시,,요촌동제1투,2875,2040,304,1724,0,1,4,1,2034,6,835
전라북도,김제시,,요촌동제2투,2012,1522,262,1252,0,0,2,2,1518,4,490
전라북도,김제시,,요촌동제3투,2665,2082,286,1781,1,1,4,3,2076,6,583
전라북도,김제시,,요촌동제4투,951,702,105,579,1,2,2,2,691,11,249
전라북도,김제시,신풍동,소계,10862,8182,1144,6976,0,3,17,7,8147,35,2680
전라북도,김제시,,신풍동제1투,1843,1341,226,1108,0,0,1,2,1337,4,502
전라북도,김제시,,신풍동제2투,2378,1783,288,1484,0,0,7,0,1779,4,595
전라북도,김제시,,신풍동제3투,2816,2115,294,1809,0,0,2,1,2106,9,701
전라북도,김제시,,신풍동제4투,2013,1577,171,1396,0,1,3,0,1571,6,436
전라북도,김제시,,신풍동제5투,909,687,90,586,0,1,2,0,679,8,222
전라북도,김제시,,신풍동제6투,903,679,75,593,0,1,2,4,675,4,224
전라북도,김제시,검산동,소계,7512,5606,712,4846,6,3,9,6,5582,24,1906
전라북도,김제시,,검산동제1투,3203,2351,300,2034,3,2,4,3,2346,5,852
전라북도,김제시,,검산동제2투,2026,1536,220,1291,3,0,3,3,1520,16,490
전라북도,김제시,,검산동제3투,2283,1719,192,1521,0,1,2,0,1716,3,564
전라북도,김제시,교월동,소계,6045,4362,653,3667,1,4,15,4,4344,18,1683
전라북도,김제시,,교월동제1투,2129,1474,223,1243,0,1,4,0,1471,3,655
전라북도,김제시,,교월동제2투,1864,1388,189,1181,0,3,6,2,1381,7,476
전라북도,김제시,,교월동제3투,2052,1500,241,1243,1,0,5,2,1492,8,552
전라북도,완주군,소계,,68634,53018,6926,45422,15,68,175,118,52724,294,15616
전라북도,완주군,재외투표,,222,158,26,132,0,0,0,0,158,0,64
전라북도,완주군,국내부재자투표,,1592,1478,265,1148,3,3,6,8,1433,45,114
전라북도,완주군,소계,,66820,51382,6635,44142,12,65,169,110,51133,249,15438
전라북도,완주군,삼례읍,소계,12182,9074,1221,7775,2,8,24,11,9041,33,3108
전라북도,완주군,,삼례읍제1투,3373,2456,357,2082,0,1,6,1,2447,9,917
전라북도,완주군,,삼례읍제2투,3140,2293,325,1959,1,1,2,1,2289,4,847
전라북도,완주군,,삼례읍제3투,3377,2588,310,2250,1,3,9,6,2579,9,789
전라북도,완주군,,삼례읍제4투,2292,1737,229,1484,0,3,7,3,1726,11,555
전라북도,완주군,봉동읍,소계,17790,14021,1636,12263,4,29,32,20,13984,37,3769
전라북도,완주군,,봉동읍제1투,3746,2858,373,2461,2,3,6,4,2849,9,888
전라북도,완주군,,봉동읍제2투,3855,2991,307,2655,0,5,11,2,2980,11,864
전라북도,완주군,,봉동읍제3투,1355,1050,97,939,1,1,6,2,1046,4,305
전라북도,완주군,,봉동읍제4투,1987,1486,187,1276,1,10,3,6,1483,3,501
전라북도,완주군,,봉동읍제5투,3516,2954,361,2579,0,3,2,2,2947,7,562
전라북도,완주군,,봉동읍제6투,3331,2682,311,2353,0,7,4,4,2679,3,649
전라북도,완주군,용진면,소계,6133,4742,621,4068,2,2,20,9,4722,20,1391
전라북도,완주군,,용진면제1투,1090,845,110,721,0,0,3,5,839,6,245
전라북도,완주군,,용진면제2투,1301,1032,131,889,1,0,4,2,1027,5,269
전라북도,완주군,,용진면제3투,1388,1065,138,913,0,1,9,0,1061,4,323
전라북도,완주군,,용진면제4투,2354,1800,242,1545,1,1,4,2,1795,5,554
전라북도,완주군,상관면,소계,3767,2929,417,2483,0,5,3,7,2915,14,838
전라북도,완주군,,상관면제1투,2951,2283,328,1934,0,4,2,5,2273,10,668
전라북도,완주군,,상관면제2투,816,646,89,549,0,1,1,2,642,4,170
전라북도,완주군,이서면,소계,4820,3677,444,3196,0,3,13,7,3663,14,1143
전라북도,완주군,,이서면제1투,2173,1631,215,1400,0,1,8,4,1628,3,542
전라북도,완주군,,이서면제2투,2647,2046,229,1796,0,2,5,3,2035,11,601
전라북도,완주군,소양면,소계,5380,4073,506,3483,2,9,16,14,4030,43,1307
전라북도,완주군,,소양면제1투,1596,1187,138,1028,1,2,6,3,1178,9,409
전라북도,완주군,,소양면제2투,1308,1045,111,919,0,1,7,3,1041,4,263
전라북도,완주군,,소양면제3투,1131,813,140,635,1,5,3,4,788,25,318
전라북도,완주군,,소양면제4투,1345,1028,117,901,0,1,0,4,1023,5,317
전라북도,완주군,구이면,소계,4683,3635,451,3133,1,3,13,4,3605,30,1048
전라북도,완주군,,구이면제1투,1770,1376,200,1163,0,1,4,1,1369,7,394
전라북도,완주군,,구이면제2투,1577,1255,133,1106,1,0,4,1,1245,10,322
전라북도,완주군,,구이면제3투,1336,1004,118,864,0,2,5,2,991,13,332
전라북도,완주군,고산면,소계,4021,3070,347,2688,0,3,9,7,3054,16,951
전라북도,완주군,,고산면제1투,2763,2059,246,1792,0,1,6,3,2048,11,704
전라북도,완주군,,고산면제2투,1258,1011,101,896,0,2,3,4,1006,5,247
전라북도,완주군,비봉면,소계,1764,1347,150,1171,0,0,10,6,1337,10,417
전라북도,완주군,,비봉면제1투,1260,976,113,845,0,0,7,4,969,7,284
전라북도,완주군,,비봉면제2투,504,371,37,326,0,0,3,2,368,3,133
전라북도,완주군,운주면,소계,1806,1360,327,1001,0,3,7,12,1350,10,446
전라북도,완주군,,운주면투표소,1806,1360,327,1001,0,3,7,12,1350,10,446
전라북도,완주군,화산면,소계,2530,1936,269,1634,0,0,11,6,1920,16,594
전라북도,완주군,,화산면투표소,2530,1936,269,1634,0,0,11,6,1920,16,594
전라북도,완주군,동상면,소계,1015,788,128,646,1,0,7,3,785,3,227
전라북도,완주군,,동상면투표소,1015,788,128,646,1,0,7,3,785,3,227
전라북도,완주군,경천면,소계,929,730,118,601,0,0,4,4,727,3,199
전라북도,완주군,,경천면투표소,929,730,118,601,0,0,4,4,727,3,199
전라북도,진안군,소계,,22860,17388,2764,14262,11,15,105,80,17237,151,5472
전라북도,진안군,재외투표,,72,51,20,31,0,0,0,0,51,0,21
전라북도,진안군,국내부재자투표,,1004,879,150,695,2,2,4,3,856,23,125
전라북도,진안군,소계,,21784,16458,2594,13536,9,13,101,77,16330,128,5326
전라북도,진안군,진안읍,소계,8301,6083,955,5040,2,5,32,14,6048,35,2218
전라북도,진안군,,진안읍제1투,2412,1745,288,1432,1,2,10,4,1737,8,667
전라북도,진안군,,진안읍제2투,2992,2270,339,1898,0,0,14,5,2256,14,722
전라북도,진안군,,진안읍제3투,2897,2068,328,1710,1,3,8,5,2055,13,829
전라북도,진안군,용담면,소계,772,594,130,449,1,1,3,3,587,7,178
전라북도,진안군,,용담면투표소,772,594,130,449,1,1,3,3,587,7,178
전라북도,진안군,안천면,소계,932,738,150,567,0,0,10,6,733,5,194
전라북도,진안군,,안천면투표소,932,738,150,567,0,0,10,6,733,5,194
전라북도,진안군,동향면,소계,1319,1014,145,839,1,1,6,8,1000,14,305
전라북도,진안군,,동향면투표소,1319,1014,145,839,1,1,6,8,1000,14,305
전라북도,진안군,상전면,소계,760,555,118,423,1,0,2,6,550,5,205
전라북도,진안군,,상전면투표소,760,555,118,423,1,0,2,6,550,5,205
전라북도,진안군,백운면,소계,1724,1316,143,1152,1,0,7,1,1304,12,408
전라북도,진안군,,백운면투표소,1724,1316,143,1152,1,0,7,1,1304,12,408
전라북도,진안군,성수면,소계,1625,1214,126,1050,1,3,10,9,1199,15,411
전라북도,진안군,,성수면투표소,1625,1214,126,1050,1,3,10,9,1199,15,411
전라북도,진안군,마령면,소계,1754,1339,229,1079,1,1,7,7,1324,15,415
전라북도,진안군,,마령면투표소,1754,1339,229,1079,1,1,7,7,1324,15,415
전라북도,진안군,부귀면,소계,2278,1791,260,1503,1,0,10,9,1783,8,487
전라북도,진안군,,부귀면투표소,2278,1791,260,1503,1,0,10,9,1783,8,487
전라북도,진안군,정천면,소계,923,732,98,619,0,1,6,4,728,4,191
전라북도,진안군,,정천면투표소,923,732,98,619,0,1,6,4,728,4,191
전라북도,진안군,주천면,소계,1396,1082,240,815,0,1,8,10,1074,8,314
전라북도,진안군,,주천면투표소,1396,1082,240,815,0,1,8,10,1074,8,314
전라북도,무주군,소계,,21335,16095,3470,12290,13,10,90,73,15946,149,5240
전라북도,무주군,재외투표,,58,37,14,23,0,0,0,0,37,0,21
전라북도,무주군,국내부재자투표,,752,672,156,499,2,1,1,2,661,11,80
전라북도,무주군,소계,,20525,15386,3300,11768,11,9,89,71,15248,138,5139
전라북도,무주군,무주읍,소계,7113,5359,1229,4043,3,4,17,12,5308,51,1754
전라북도,무주군,,무주읍제1투,2824,2141,507,1600,3,2,5,4,2121,20,683
전라북도,무주군,,무주읍제2투,2419,1860,402,1438,0,0,4,3,1847,13,559
전라북도,무주군,,무주읍제3투,1870,1358,320,1005,0,2,8,5,1340,18,512
전라북도,무주군,무풍면,소계,2050,1505,407,1066,4,1,8,7,1493,12,545
전라북도,무주군,,무풍면제1투,1833,1346,368,948,4,1,7,6,1334,12,487
전라북도,무주군,,무풍면제2투,217,159,39,118,0,0,1,1,159,0,58
전라북도,무주군,설천면,소계,3634,2744,631,2061,0,0,19,11,2722,22,890
전라북도,무주군,,설천면제1투,2408,1852,447,1362,0,0,16,9,1834,18,556
전라북도,무주군,,설천면제2투,1226,892,184,699,0,0,3,2,888,4,334
전라북도,무주군,적상면,소계,2408,1799,362,1385,1,0,16,14,1778,21,609
전라북도,무주군,,적상면제1투,1205,901,189,683,0,0,9,8,889,12,304
전라북도,무주군,,적상면제2투,450,329,72,252,0,0,1,1,326,3,121
전라북도,무주군,,적상면제3투,753,569,101,450,1,0,6,5,563,6,184
전라북도,무주군,안성면,소계,4005,2982,454,2469,2,4,19,10,2958,24,1023
전라북도,무주군,,안성면제1투,2013,1502,241,1239,0,2,6,4,1492,10,511
전라북도,무주군,,안성면제2투,1992,1480,213,1230,2,2,13,6,1466,14,512
전라북도,무주군,부남면,소계,1315,997,217,744,1,0,10,17,989,8,318
전라북도,무주군,,부남면투표소,1315,997,217,744,1,0,10,17,989,8,318
전라북도,장수군,소계,,19525,15113,2236,12567,6,19,82,64,14974,139,4412
전라북도,장수군,재외투표,,78,47,15,32,0,0,0,0,47,0,31
전라북도,장수군,국내부재자투표,,890,822,117,689,1,2,0,2,811,11,68
전라북도,장수군,소계,,18557,14244,2104,11846,5,17,82,62,14116,128,4313
전라북도,장수군,장수읍,소계,5439,4116,657,3386,2,5,17,13,4080,36,1323
전라북도,장수군,,장수읍제1투,1780,1326,228,1077,0,1,6,3,1315,11,454
전라북도,장수군,,장수읍제2투,1384,1043,160,853,1,3,5,6,1028,15,341
전라북도,장수군,,장수읍제3투,2275,1747,269,1456,1,1,6,4,1737,10,528
전라북도,장수군,산서면,소계,2087,1613,165,1411,1,4,12,8,1601,12,474
전라북도,장수군,,산서면투표소,2087,1613,165,1411,1,4,12,8,1601,12,474
전라북도,장수군,번암면,소계,2179,1659,232,1386,1,2,9,9,1639,20,520
전라북도,장수군,,번암면제1투,1577,1206,187,991,1,1,7,5,1192,14,371
전라북도,장수군,,번암면제2투,602,453,45,395,0,1,2,4,447,6,149
전라북도,장수군,장계면,소계,3660,2840,456,2334,0,1,15,11,2817,23,820
전라북도,장수군,,장계면제1투,2108,1633,264,1341,0,0,10,7,1622,11,475
전라북도,장수군,,장계면제2투,1552,1207,192,993,0,1,5,4,1195,12,345
전라북도,장수군,천천면,소계,1933,1453,205,1213,0,2,9,10,1439,14,480
전라북도,장수군,,천천면투표소,1933,1453,205,1213,0,2,9,10,1439,14,480
전라북도,장수군,계남면,소계,1877,1473,202,1243,0,2,6,7,1460,13,404
전라북도,장수군,,계남면투표소,1877,1473,202,1243,0,2,6,7,1460,13,404
전라북도,장수군,계북면,소계,1382,1090,187,873,1,1,14,4,1080,10,292
전라북도,장수군,,계북면투표소,1382,1090,187,873,1,1,14,4,1080,10,292
전라북도,임실군,소계,,25881,19695,2386,16884,14,12,140,83,19519,176,6186
전라북도,임실군,재외투표,,76,49,19,29,0,0,0,0,48,1,27
전라북도,임실군,국내부재자투표,,1078,995,170,792,4,0,3,5,974,21,83
전라북도,임실군,소계,,24727,18651,2197,16063,10,12,137,78,18497,154,6076
전라북도,임실군,임실읍,소계,5153,3888,543,3279,3,2,16,15,3858,30,1265
전라북도,임실군,,임실읍제1투,1323,983,164,802,2,0,4,2,974,9,340
전라북도,임실군,,임실읍제2투,2211,1720,191,1507,1,1,4,4,1708,12,491
전라북도,임실군,,임실읍제3투,1619,1185,188,970,0,1,8,9,1176,9,434
전라북도,임실군,청웅면,소계,1341,1015,147,847,0,0,8,5,1007,8,326
전라북도,임실군,,청웅면투표소,1341,1015,147,847,0,0,8,5,1007,8,326
전라북도,임실군,운암면,소계,1586,1192,138,1027,1,1,10,4,1181,11,394
전라북도,임실군,,운암면제1투,537,397,68,318,1,0,3,2,392,5,140
전라북도,임실군,,운암면제2투,391,301,19,273,0,0,4,1,297,4,90
전라북도,임실군,,운암면제3투,658,494,51,436,0,1,3,1,492,2,164
전라북도,임실군,신평면,소계,1512,1141,149,968,1,0,13,3,1134,7,371
전라북도,임실군,,신평면투표소,1512,1141,149,968,1,0,13,3,1134,7,371
전라북도,임실군,성수면,소계,1599,1227,126,1071,1,1,9,6,1214,13,372
전라북도,임실군,,성수면제1투,1123,853,93,742,1,0,6,4,846,7,270
전라북도,임실군,,성수면제2투,476,374,33,329,0,1,3,2,368,6,102
전라북도,임실군,오수면,소계,3766,2868,268,2559,1,2,11,10,2851,17,898
전라북도,임실군,,오수면제1투,1994,1501,131,1351,1,2,7,5,1497,4,493
전라북도,임실군,,오수면제2투,1772,1367,137,1208,0,0,4,5,1354,13,405
전라북도,임실군,신덕면,소계,1231,958,87,834,0,1,18,6,946,12,273
전라북도,임실군,,신덕면투표소,1231,958,87,834,0,1,18,6,946,12,273
전라북도,임실군,삼계면,소계,1482,1095,130,934,0,2,8,8,1082,13,387
전라북도,임실군,,삼계면투표소,1482,1095,130,934,0,2,8,8,1082,13,387
전라북도,임실군,관촌면,소계,3191,2372,259,2070,1,3,13,4,2350,22,819
전라북도,임실군,,관촌면투표소,3191,2372,259,2070,1,3,13,4,2350,22,819
전라북도,임실군,강진면,소계,1535,1108,162,915,1,0,17,7,1102,6,427
전라북도,임실군,,강진면투표소,1535,1108,162,915,1,0,17,7,1102,6,427
전라북도,임실군,덕치면,소계,1081,816,85,710,0,0,8,6,809,7,265
전라북도,임실군,,덕치면제1투,666,507,47,450,0,0,3,3,503,4,159
전라북도,임실군,,덕치면제2투,415,309,38,260,0,0,5,3,306,3,106
전라북도,임실군,지사면,소계,1250,971,103,849,1,0,6,4,963,8,279
전라북도,임실군,,지사면투표소,1250,971,103,849,1,0,6,4,963,8,279
전라북도,순창군,소계,,25003,19314,2093,16797,10,27,124,69,19120,194,5689
전라북도,순창군,재외투표,,96,61,24,37,0,0,0,0,61,0,35
전라북도,순창군,국내부재자투표,,1362,1239,166,1010,3,4,3,5,1191,48,123
전라북도,순창군,소계,,23545,18014,1903,15750,7,23,121,64,17868,146,5531
전라북도,순창군,순창읍,소계,7232,5605,636,4915,0,4,15,9,5579,26,1627
전라북도,순창군,,순창읍제1투,2054,1594,175,1401,0,2,6,4,1588,6,460
전라북도,순창군,,순창읍제2투,2497,1932,221,1693,0,1,2,4,1921,11,565
전라북도,순창군,,순창읍제3투,2681,2079,240,1821,0,1,7,1,2070,9,602
전라북도,순창군,인계면,소계,1455,1120,79,1017,0,1,7,7,1111,9,335
전라북도,순창군,,인계면투표소,1455,1120,79,1017,0,1,7,7,1111,9,335
전라북도,순창군,동계면,소계,1933,1432,140,1246,1,9,16,5,1417,15,501
전라북도,순창군,,동계면제1투,1264,943,84,832,0,8,7,2,933,10,321
전라북도,순창군,,동계면제2투,669,489,56,414,1,1,9,3,484,5,180
전라북도,순창군,적성면,소계,1187,911,120,770,0,0,7,3,900,11,276
전라북도,순창군,,적성면투표소,1187,911,120,770,0,0,7,3,900,11,276
전라북도,순창군,유등면,소계,1088,823,88,715,2,1,4,4,814,9,265
전라북도,순창군,,유등면투표소,1088,823,88,715,2,1,4,4,814,9,265
전라북도,순창군,풍산면,소계,1628,1273,115,1119,2,2,14,8,1260,13,355
전라북도,순창군,,풍산면제1투,857,665,51,594,1,2,8,3,659,6,192
전라북도,순창군,,풍산면제2투,771,608,64,525,1,0,6,5,601,7,163
전라북도,순창군,금과면,소계,1548,1169,115,1035,1,1,4,6,1162,7,379
전라북도,순창군,,금과면투표소,1548,1169,115,1035,1,1,4,6,1162,7,379
전라북도,순창군,팔덕면,소계,1400,1086,121,942,1,0,6,5,1075,11,314
전라북도,순창군,,팔덕면투표소,1400,1086,121,942,1,0,6,5,1075,11,314
전라북도,순창군,복흥면,소계,1998,1525,167,1321,0,0,15,8,1511,14,473
전라북도,순창군,,복흥면제1투,1379,1042,110,909,0,0,9,7,1035,7,337
전라북도,순창군,,복흥면제2투,619,483,57,412,0,0,6,1,476,7,136
전라북도,순창군,쌍치면,소계,1842,1381,154,1198,0,3,11,1,1367,14,461
전라북도,순창군,,쌍치면제1투,1052,777,89,673,0,1,6,1,770,7,275
전라북도,순창군,,쌍치면제2투,790,604,65,525,0,2,5,0,597,7,186
전라북도,순창군,구림면,소계,2234,1689,168,1472,0,2,22,8,1672,17,545
전라북도,순창군,,구림면제1투,1574,1189,112,1042,0,2,16,6,1178,11,385
전라북도,순창군,,구림면제2투,660,500,56,430,0,0,6,2,494,6,160
전라북도,고창군,소계,,50439,37846,4328,32729,23,31,309,122,37542,304,12593
전라북도,고창군,재외투표,,112,78,18,59,0,0,0,0,77,1,34
전라북도,고창군,국내부재자투표,,2029,1836,277,1530,0,2,3,4,1816,20,193
전라북도,고창군,소계,,48298,35932,4033,31140,23,29,306,118,35649,283,12366
전라북도,고창군,고창읍,소계,15210,11558,1325,10147,5,3,25,12,11517,41,3652
전라북도,고창군,,고창읍제1투,4086,3098,338,2743,0,1,2,3,3087,11,988
전라북도,고창군,,고창읍제2투,1484,1118,131,977,0,0,5,3,1116,2,366
전라북도,고창군,,고창읍제3투,1264,933,113,815,2,0,1,0,931,2,331
전라북도,고창군,,고창읍제4투,1641,1245,148,1081,1,0,8,2,1240,5,396
전라북도,고창군,,고창읍제5투,1452,1080,136,931,0,2,3,0,1072,8,372
전라북도,고창군,,고창읍제6투,2016,1567,163,1388,2,0,4,2,1559,8,449
전라북도,고창군,,고창읍제7투,3267,2517,296,2212,0,0,2,2,2512,5,750
전라북도,고창군,고수면,소계,2218,1655,147,1462,1,4,13,11,1638,17,563
전라북도,고창군,,고수면제1투,965,699,57,619,0,3,8,7,694,5,266
전라북도,고창군,,고수면제2투,1253,956,90,843,1,1,5,4,944,12,297
전라북도,고창군,아산면,소계,2614,1934,226,1665,2,0,20,9,1922,12,680
전라북도,고창군,,아산면제1투,1764,1298,132,1141,2,0,12,6,1293,5,466
전라북도,고창군,,아산면제2투,850,636,94,524,0,0,8,3,629,7,214
전라북도,고창군,무장면,소계,2838,2029,236,1741,0,1,22,7,2007,22,809
전라북도,고창군,,무장면제1투,1277,922,128,769,0,1,11,4,913,9,355
전라북도,고창군,,무장면제2투,1561,1107,108,972,0,0,11,3,1094,13,454
전라북도,고창군,공음면,소계,2534,1867,181,1641,0,1,24,4,1851,16,667
전라북도,고창군,,공음면제1투,1456,1055,83,943,0,0,16,3,1045,10,401
전라북도,고창군,,공음면제2투,1078,812,98,698,0,1,8,1,806,6,266
전라북도,고창군,상하면,소계,2380,1760,172,1517,7,3,25,4,1728,32,620
전라북도,고창군,,상하면제1투,1041,790,80,677,3,1,9,1,771,19,251
전라북도,고창군,,상하면제2투,1339,970,92,840,4,2,16,3,957,13,369
전라북도,고창군,해리면,소계,2834,2048,248,1724,0,3,31,17,2023,25,786
전라북도,고창군,,해리면제1투,1733,1262,155,1059,0,2,21,11,1248,14,471
전라북도,고창군,,해리면제2투,1101,786,93,665,0,1,10,6,775,11,315
전라북도,고창군,성송면,소계,1845,1353,136,1172,1,0,21,13,1343,10,492
전라북도,고창군,,성송면제1투,1145,848,92,722,0,0,14,11,839,9,297
전라북도,고창군,,성송면제2투,700,505,44,450,1,0,7,2,504,1,195
전라북도,고창군,대산면,소계,3537,2611,260,2296,0,1,24,5,2586,25,926
전라북도,고창군,,대산면제1투,2218,1635,171,1437,0,1,13,2,1624,11,583
전라북도,고창군,,대산면제2투,1319,976,89,859,0,0,11,3,962,14,343
전라북도,고창군,심원면,소계,2440,1750,197,1501,3,3,20,7,1731,19,690
전라북도,고창군,,심원면제1투,1286,893,105,768,0,2,8,2,885,8,393
전라북도,고창군,,심원면제2투,1154,857,92,733,3,1,12,5,846,11,297
전라북도,고창군,흥덕면,소계,3039,2280,299,1933,0,1,17,8,2258,22,759
전라북도,고창군,,흥덕면제1투,1612,1230,176,1025,0,1,11,6,1219,11,382
전라북도,고창군,,흥덕면제2투,1427,1050,123,908,0,0,6,2,1039,11,377
전라북도,고창군,성내면,소계,2011,1503,206,1266,1,2,12,4,1491,12,508
전라북도,고창군,,성내면제1투,1152,865,125,722,1,1,6,3,858,7,287
전라북도,고창군,,성내면제2투,859,638,81,544,0,1,6,1,633,5,221
전라북도,고창군,신림면,소계,2130,1614,176,1387,2,1,23,9,1598,16,516
전라북도,고창군,,신림면제1투,1257,920,103,789,2,0,13,3,910,10,337
전라북도,고창군,,신림면제2투,873,694,73,598,0,1,10,6,688,6,179
전라북도,고창군,부안면,소계,2668,1970,224,1688,1,6,29,8,1956,14,698
전라북도,고창군,,부안면제1투,1572,1194,122,1041,1,6,13,5,1188,6,378
전라북도,고창군,,부안면제2투,1096,776,102,647,0,0,16,3,768,8,320
전라북도,부안군,소계,,49768,36622,5986,30003,30,25,177,109,36330,292,13146
전라북도,부안군,재외투표,,122,84,20,64,0,0,0,0,84,0,38
전라북도,부안군,국내부재자투표,,1960,1811,311,1453,5,1,7,5,1782,29,149
전라북도,부안군,소계,,47686,34727,5655,28486,25,24,170,104,34464,263,12959
전라북도,부안군,부안읍,소계,15665,11564,1865,9614,5,3,19,16,11522,42,4101
전라북도,부안군,,부안읍제1투,1807,1238,263,969,0,0,1,1,1234,4,569
전라북도,부안군,,부안읍제2투,1522,1105,212,887,0,0,1,0,1100,5,417
전라북도,부안군,,부안읍제3투,2635,1963,295,1656,0,1,3,3,1958,5,672
전라북도,부안군,,부안읍제4투,2290,1702,294,1396,1,1,3,2,1697,5,588
전라북도,부안군,,부안읍제5투,2971,2189,316,1853,2,0,8,2,2181,8,782
전라북도,부안군,,부안읍제6투,3157,2429,356,2064,0,1,1,1,2423,6,728
전라북도,부안군,,부안읍제7투,1283,938,129,789,2,0,2,7,929,9,345
전라북도,부안군,주산면,소계,2104,1500,235,1215,4,3,14,11,1482,18,604
전라북도,부안군,,주산면제1투,991,671,98,546,3,3,10,3,663,8,320
전라북도,부안군,,주산면제2투,1113,829,137,669,1,0,4,8,819,10,284
전라북도,부안군,동진면,소계,3194,2325,374,1890,1,3,20,9,2297,28,869
전라북도,부안군,,동진면제1투,1503,1103,179,907,0,1,4,3,1094,9,400
전라북도,부안군,,동진면제2투,693,502,89,395,1,0,6,3,494,8,191
전라북도,부안군,,동진면제3투,998,720,106,588,0,2,10,3,709,11,278
전라북도,부안군,행안면,소계,2146,1631,317,1286,2,1,12,1,1619,12,515
전라북도,부안군,,행안면제1투,1109,850,164,676,0,1,5,0,846,4,259
전라북도,부안군,,행안면제2투,1037,781,153,610,2,0,7,1,773,8,256
전라북도,부안군,계화면,소계,3901,2864,445,2383,1,0,12,7,2848,16,1037
전라북도,부안군,,계화면제1투,1264,936,136,786,1,0,3,5,931,5,328
전라북도,부안군,,계화면제2투,1015,767,110,650,0,0,3,1,764,3,248
전라북도,부안군,,계화면제3투,988,697,124,568,0,0,1,0,693,4,291
전라북도,부안군,,계화면제4투,634,464,75,379,0,0,5,1,460,4,170
전라북도,부안군,보안면,소계,2520,1884,290,1544,1,3,11,13,1862,22,636
전라북도,부안군,,보안면제1투,738,533,101,417,0,0,3,2,523,10,205
전라북도,부안군,,보안면제2투,782,597,77,503,1,2,5,6,594,3,185
전라북도,부안군,,보안면제3투,1000,754,112,624,0,1,3,5,745,9,246
전라북도,부안군,변산면,소계,4196,2971,508,2399,3,2,21,12,2945,26,1225
전라북도,부안군,,변산면제1투,1648,1161,208,930,1,2,6,4,1151,10,487
전라북도,부안군,,변산면제2투,803,564,90,460,0,0,5,4,559,5,239
전라북도,부안군,,변산면제3투,1745,1246,210,1009,2,0,10,4,1235,11,499
전라북도,부안군,진서면,소계,2260,1619,307,1281,0,2,9,6,1605,14,641
전라북도,부안군,,진서면제1투,1429,990,192,784,0,1,2,2,981,9,439
전라북도,부안군,,진서면제2투,446,339,55,277,0,1,1,1,335,4,107
전라북도,부안군,,진서면제3투,385,290,60,220,0,0,6,3,289,1,95
전라북도,부안군,백산면,소계,2761,2033,351,1638,3,3,12,6,2013,20,728
전라북도,부안군,,백산면제1투,1500,1076,157,902,0,2,5,2,1068,8,424
전라북도,부안군,,백산면제2투,933,697,146,532,2,1,6,3,690,7,236
전라북도,부안군,,백산면제3투,328,260,48,204,1,0,1,1,255,5,68
전라북도,부안군,상서면,소계,2243,1654,261,1364,2,2,8,6,1643,11,589
전라북도,부안군,,상서면제1투,1451,1055,183,850,2,2,6,3,1046,9,396
전라북도,부안군,,상서면제2투,792,599,78,514,0,0,2,3,597,2,193
전라북도,부안군,하서면,소계,2854,2074,290,1741,0,2,12,8,2053,21,780
전라북도,부안군,,하서면제1투,1190,881,134,731,0,2,4,1,872,9,309
전라북도,부안군,,하서면제2투,852,607,72,524,0,0,1,4,601,6,245
전라북도,부안군,,하서면제3투,812,586,84,486,0,0,7,3,580,6,226
전라북도,부안군,줄포면,소계,2704,1949,327,1576,2,0,9,6,1920,29,755
전라북도,부안군,,줄포면제1투,1828,1307,243,1043,0,0,4,2,1292,15,521
전라북도,부안군,,줄포면제2투,387,288,28,244,2,0,4,1,279,9,99
전라북도,부안군,,줄포면제3투,489,354,56,289,0,0,1,3,349,5,135
전라북도,부안군,위도면,소계,1138,659,85,555,1,0,11,3,655,4,479
전라북도,부안군,,위도면제1투,959,568,71,479,1,0,10,3,564,4,391
전라북도,부안군,,위도면제2투,179,91,14,76,0,0,1,0,91,0,88
전라남도,합계,,,1530012,1171210,116296,1038347,732,759,4338,2487,1162959,8251,358802
전라남도,목포시,소계,,186587,141368,11971,128448,22,75,242,145,140903,465,45219
전라남도,목포시,재외투표,,479,324,47,274,0,0,0,1,322,2,155
전라남도,목포시,국내부재자투표,,6662,6098,965,4962,5,16,20,26,5994,104,564
전라남도,목포시,소계,,179446,134946,10959,123212,17,59,222,118,134587,359,44500
전라남도,목포시,용당1동,소계,11034,7917,744,7116,1,3,21,9,7894,23,3117
전라남도,목포시,,용당1동제1투,2702,1936,182,1747,0,1,3,2,1935,1,766
전라남도,목포시,,용당1동제2투,2922,2038,178,1847,1,0,5,3,2034,4,884
전라남도,목포시,,용당1동제3투,2392,1814,166,1636,0,1,3,3,1809,5,578
전라남도,목포시,,용당1동제4투,3018,2129,218,1886,0,1,10,1,2116,13,889
전라남도,목포시,용당2동,소계,5764,4153,333,3799,0,3,2,8,4145,8,1611
전라남도,목포시,,용당2동제1투,3094,2159,200,1949,0,1,2,4,2156,3,935
전라남도,목포시,,용당2동제2투,2670,1994,133,1850,0,2,0,4,1989,5,676
전라남도,목포시,연동,소계,5234,3687,299,3365,1,1,6,4,3676,11,1547
전라남도,목포시,,연동제1투,2653,1810,168,1626,1,0,4,2,1801,9,843
전라남도,목포시,,연동제2투,2581,1877,131,1739,0,1,2,2,1875,2,704
전라남도,목포시,산정동,소계,6686,5115,438,4647,0,6,5,3,5099,16,1571
전라남도,목포시,,산정동제1투,3108,2308,226,2069,0,2,3,1,2301,7,800
전라남도,목포시,,산정동제2투,3578,2807,212,2578,0,4,2,2,2798,9,771
전라남도,목포시,연산동,소계,4390,3474,242,3218,0,1,6,1,3468,6,916
전라남도,목포시,,연산동제1투,2081,1617,112,1499,0,1,3,1,1616,1,464
전라남도,목포시,,연산동제2투,2309,1857,130,1719,0,0,3,0,1852,5,452
전라남도,목포시,원산동,소계,11841,9152,613,8482,0,3,15,7,9120,32,2689
전라남도,목포시,,원산동제1투,2384,1757,142,1606,0,1,1,0,1750,7,627
전라남도,목포시,,원산동제2투,3349,2750,131,2599,0,1,3,5,2739,11,599
전라남도,목포시,,원산동제3투,3363,2480,195,2269,0,1,6,0,2471,9,883
전라남도,목포시,,원산동제4투,2745,2165,145,2008,0,0,5,2,2160,5,580
전라남도,목포시,대성동,소계,2848,1957,168,1775,0,0,6,3,1952,5,891
전라남도,목포시,,대성동투표소,2848,1957,168,1775,0,0,6,3,1952,5,891
전라남도,목포시,목원동,소계,9131,6343,603,5689,2,3,12,9,6318,25,2788
전라남도,목포시,,목원동제1투,2904,2042,192,1827,1,1,5,8,2034,8,862
전라남도,목포시,,목원동제2투,2867,1930,169,1747,1,1,4,1,1923,7,937
전라남도,목포시,,목원동제3투,3360,2371,242,2115,0,1,3,0,2361,10,989
전라남도,목포시,동명동,소계,6368,4586,374,4169,1,0,9,4,4557,29,1782
전라남도,목포시,,동명동제1투,3257,2268,176,2065,0,0,6,3,2250,18,989
전라남도,목포시,,동명동제2투,3111,2318,198,2104,1,0,3,1,2307,11,793
전라남도,목포시,삼학동,소계,5500,4303,286,3999,0,2,6,1,4294,9,1197
전라남도,목포시,,삼학동제1투,2899,2214,156,2050,0,1,2,1,2210,4,685
전라남도,목포시,,삼학동제2투,2601,2089,130,1949,0,1,4,0,2084,5,512
전라남도,목포시,만호동,소계,3786,2479,223,2237,1,1,8,0,2470,9,1307
전라남도,목포시,,만호동투표소,3786,2479,223,2237,1,1,8,0,2470,9,1307
전라남도,목포시,유달동,소계,5800,3732,341,3341,1,3,12,13,3711,21,2068
전라남도,목포시,,유달동제1투,2636,1713,187,1513,0,1,3,4,1708,5,923
전라남도,목포시,,유달동제2투,2422,1549,109,1414,1,1,7,4,1536,13,873
전라남도,목포시,,유달동제3투,203,126,5,118,0,0,1,1,125,1,77
전라남도,목포시,,유달동제4투,329,198,34,157,0,1,1,3,196,2,131
전라남도,목포시,,유달동제5투,210,146,6,139,0,0,0,1,146,0,64
전라남도,목포시,죽교동,소계,3701,2520,238,2258,0,1,7,5,2509,11,1181
전라남도,목포시,,죽교동제1투,1810,1200,107,1081,0,1,3,3,1195,5,610
전라남도,목포시,,죽교동제2투,1891,1320,131,1177,0,0,4,2,1314,6,571
전라남도,목포시,북항동,소계,7552,5664,415,5219,1,2,11,3,5651,13,1888
전라남도,목포시,,북항동제1투,3514,2728,186,2532,0,2,2,3,2725,3,786
전라남도,목포시,,북항동제2투,2074,1498,116,1371,0,0,5,0,1492,6,576
전라남도,목포시,,북항동제3투,1964,1438,113,1316,1,0,4,0,1434,4,526
전라남도,목포시,용해동,소계,10772,8261,594,7618,0,3,15,10,8240,21,2511
전라남도,목포시,,용해동제1투,1257,882,85,793,0,1,0,1,880,2,375
전라남도,목포시,,용해동제2투,2139,1602,136,1455,0,0,3,1,1595,7,537
전라남도,목포시,,용해동제3투,3233,2550,155,2382,0,1,6,3,2547,3,683
전라남도,목포시,,용해동제4투,4143,3227,218,2988,0,1,6,5,3218,9,916
전라남도,목포시,이로동,소계,8559,6802,573,6196,2,4,11,2,6788,14,1757
전라남도,목포시,,이로동제1투,2422,1862,196,1656,0,1,5,2,1860,2,560
전라남도,목포시,,이로동제2투,2551,1934,142,1779,1,2,3,0,1927,7,617
전라남도,목포시,,이로동제3투,3586,3006,235,2761,1,1,3,0,3001,5,580
전라남도,목포시,상동,소계,14290,11052,896,10085,4,8,17,9,11019,33,3238
전라남도,목포시,,상동제1투,2192,1525,144,1368,0,0,3,0,1515,10,667
전라남도,목포시,,상동제2투,2176,1643,117,1516,0,1,2,4,1640,3,533
전라남도,목포시,,상동제3투,2362,1670,154,1491,2,3,8,2,1660,10,692
전라남도,목포시,,상동제4투,5035,4172,315,3844,1,3,2,1,4166,6,863
전라남도,목포시,,상동제5투,2525,2042,166,1866,1,1,2,2,2038,4,483
전라남도,목포시,하당동,소계,9318,6626,513,6091,1,1,8,5,6619,7,2692
전라남도,목포시,,하당동제1투,2721,1798,127,1667,0,0,2,0,1796,2,923
전라남도,목포시,,하당동제2투,3992,2629,230,2390,0,1,3,2,2626,3,1363
전라남도,목포시,,하당동제3투,2605,2199,156,2034,1,0,3,3,2197,2,406
전라남도,목포시,신흥동,소계,12903,10353,872,9437,0,7,15,5,10336,17,2550
전라남도,목포시,,신흥동제1투,2961,2328,182,2137,0,0,3,0,2322,6,633
전라남도,목포시,,신흥동제2투,2703,2159,158,1989,0,3,4,2,2156,3,544
전라남도,목포시,,신흥동제3투,3420,2843,237,2594,0,3,5,1,2840,3,577
전라남도,목포시,,신흥동제4투,3819,3023,295,2717,0,1,3,2,3018,5,796
전라남도,목포시,삼향동,소계,4879,3669,304,3340,0,2,8,5,3659,10,1210
전라남도,목포시,,삼향동제1투,1991,1489,102,1379,0,0,3,2,1486,3,502
전라남도,목포시,,삼향동제2투,2888,2180,202,1961,0,2,5,3,2173,7,708
전라남도,목포시,옥암동,소계,7783,6319,438,5857,1,3,8,4,6311,8,1464
전라남도,목포시,,옥암동제1투,3737,3070,198,2862,0,0,4,3,3067,3,667
전라남도,목포시,,옥암동제2투,4046,3249,240,2995,1,3,4,1,3244,5,797
전라남도,목포시,부흥동,소계,9589,7318,599,6696,0,0,3,3,7301,17,2271
전라남도,목포시,,부흥동제1투,3681,2667,219,2435,0,0,3,2,2659,8,1014
전라남도,목포시,,부흥동제2투,2843,2117,175,1935,0,0,0,0,2110,7,726
전라남도,목포시,,부흥동제3투,3065,2534,205,2326,0,0,0,1,2532,2,531
전라남도,목포시,부주동,소계,11718,9464,853,8578,1,2,11,5,9450,14,2254
전라남도,목포시,,부주동제1투,4717,3686,313,3362,1,2,3,2,3683,3,1031
전라남도,목포시,,부주동제2투,2947,2517,238,2276,0,0,1,0,2515,2,430
전라남도,목포시,,부주동제3투,4054,3261,302,2940,0,0,7,3,3252,9,793
전라남도,여수시,소계,,230407,177249,15662,159415,119,109,392,250,175947,1302,53158
전라남도,여수시,재외투표,,639,433,101,326,0,1,1,0,429,4,206
전라남도,여수시,국내부재자투표,,8205,7399,1077,6138,12,17,16,21,7281,118,806
전라남도,여수시,소계,,221563,169416,14484,152950,107,91,375,229,168236,1180,52147
전라남도,여수시,돌산읍,소계,12123,8824,743,7972,6,4,27,13,8765,59,3299
전라남도,여수시,,돌산읍제1투,1765,1256,114,1127,1,1,4,3,1250,6,509
전라남도,여수시,,돌산읍제2투,1229,888,54,822,0,0,2,2,880,8,341
전라남도,여수시,,돌산읍제3투,2082,1543,123,1389,2,2,9,3,1528,15,539
전라남도,여수시,,돌산읍제4투,1593,1174,88,1073,2,0,3,0,1166,8,419
전라남도,여수시,,돌산읍제5투,1538,1142,87,1040,1,0,5,3,1136,6,396
전라남도,여수시,,돌산읍제6투,3916,2821,277,2521,0,1,4,2,2805,16,1095
전라남도,여수시,소라면,소계,9916,7539,618,6729,26,26,27,15,7441,98,2377
전라남도,여수시,,소라면제1투,2385,1823,146,1634,9,6,3,3,1801,22,562
전라남도,여수시,,소라면제2투,1179,861,89,747,2,7,0,2,847,14,318
전라남도,여수시,,소라면제3투,1603,1213,86,1083,8,7,4,4,1192,21,390
전라남도,여수시,,소라면제4투,1457,1122,103,966,6,2,16,6,1099,23,335
전라남도,여수시,,소라면제5투,3292,2520,194,2299,1,4,4,0,2502,18,772
전라남도,여수시,율촌면,소계,6391,4797,398,4205,2,6,48,34,4693,104,1594
전라남도,여수시,,율촌면제1투,3753,2793,243,2457,1,3,22,12,2738,55,960
전라남도,여수시,,율촌면제2투,1217,927,68,827,1,0,10,6,912,15,290
전라남도,여수시,,율촌면제3투,1135,846,52,735,0,2,15,14,818,28,289
전라남도,여수시,,율촌면제4투,286,231,35,186,0,1,1,2,225,6,55
전라남도,여수시,화양면,소계,6595,4808,456,4163,13,18,24,19,4693,115,1787
전라남도,여수시,,화양면제1투,1887,1371,154,1158,4,3,4,6,1329,42,516
전라남도,여수시,,화양면제2투,1441,1084,91,963,2,5,3,0,1064,20,357
전라남도,여수시,,화양면제3투,1614,1191,104,1032,5,3,14,8,1166,25,423
전라남도,여수시,,화양면제4투,1653,1162,107,1010,2,7,3,5,1134,28,491
전라남도,여수시,남면,소계,3010,2083,230,1777,2,4,28,16,2057,26,927
전라남도,여수시,,남면제1투,1380,925,125,767,1,1,10,5,909,16,455
전라남도,여수시,,남면제2투,212,154,4,148,0,0,1,0,153,1,58
전라남도,여수시,,남면제3투,379,281,18,254,0,1,2,4,279,2,98
전라남도,여수시,,남면제4투,139,102,6,92,0,0,1,2,101,1,37
전라남도,여수시,,남면제5투,409,280,37,230,1,0,7,2,277,3,129
전라남도,여수시,,남면제6투,491,341,40,286,0,2,7,3,338,3,150
전라남도,여수시,화정면,소계,2313,1693,133,1479,6,2,19,8,1647,46,620
전라남도,여수시,,화정면제1투,209,143,6,129,0,0,2,2,139,4,66
전라남도,여수시,,화정면제2투,728,538,65,450,2,0,6,1,524,14,190
전라남도,여수시,,화정면제3투,325,262,18,223,3,1,5,0,250,12,63
전라남도,여수시,,화정면제4투,63,48,3,44,0,0,1,0,48,0,15
전라남도,여수시,,화정면제5투,294,222,13,195,0,0,1,3,212,10,72
전라남도,여수시,,화정면제6투,44,30,1,29,0,0,0,0,30,0,14
전라남도,여수시,,화정면제7투,117,70,13,52,0,0,1,1,67,3,47
전라남도,여수시,,화정면제8투,280,198,7,189,0,0,0,0,196,2,82
전라남도,여수시,,화정면제9투,108,86,4,80,0,1,0,1,86,0,22
전라남도,여수시,,화정면제10투,44,25,0,25,0,0,0,0,25,0,19
전라남도,여수시,,화정면제11투,51,32,1,28,1,0,2,0,32,0,19
전라남도,여수시,,화정면제12투,50,39,2,35,0,0,1,0,38,1,11
전라남도,여수시,삼산면,소계,2156,1321,182,1124,1,0,3,3,1313,8,835
전라남도,여수시,,삼산면제1투,589,342,48,290,0,0,1,0,339,3,247
전라남도,여수시,,삼산면제2투,311,198,33,164,0,0,0,0,197,1,113
전라남도,여수시,,삼산면제3투,366,239,34,202,1,0,0,1,238,1,127
전라남도,여수시,,삼산면제4투,262,176,26,149,0,0,1,0,176,0,86
전라남도,여수시,,삼산면제5투,400,227,24,202,0,0,1,0,227,0,173
전라남도,여수시,,삼산면제6투,228,139,17,117,0,0,0,2,136,3,89
전라남도,여수시,동문동,소계,4765,3391,392,2953,0,0,10,7,3362,29,1374
전라남도,여수시,,동문동제1투,1973,1366,161,1189,0,0,5,4,1359,7,607
전라남도,여수시,,동문동제2투,1662,1185,144,1023,0,0,4,1,1172,13,477
전라남도,여수시,,동문동제3투,1130,840,87,741,0,0,1,2,831,9,290
전라남도,여수시,한려동,소계,3501,2553,274,2253,1,0,3,2,2533,20,948
전라남도,여수시,,한려동제1투,1223,854,73,772,0,0,1,2,848,6,369
전라남도,여수시,,한려동제2투,2278,1699,201,1481,1,0,2,0,1685,14,579
전라남도,여수시,중앙동,소계,5022,3817,373,3413,2,1,5,3,3797,20,1205
전라남도,여수시,,중앙동제1투,2393,1864,177,1670,1,0,4,1,1853,11,529
전라남도,여수시,,중앙동제2투,2629,1953,196,1743,1,1,1,2,1944,9,676
전라남도,여수시,충무동,소계,4586,3289,275,2977,2,1,7,5,3267,22,1297
전라남도,여수시,,충무동제1투,2297,1714,162,1540,1,0,2,4,1709,5,583
전라남도,여수시,,충무동제2투,2289,1575,113,1437,1,1,5,1,1558,17,714
전라남도,여수시,광림동,소계,6809,4962,395,4515,2,2,12,4,4930,32,1847
전라남도,여수시,,광림동제1투,2585,1790,143,1622,1,1,4,0,1771,19,795
전라남도,여수시,,광림동제2투,1699,1360,89,1260,1,1,3,2,1356,4,339
전라남도,여수시,,광림동제3투,2525,1812,163,1633,0,0,5,2,1803,9,713
전라남도,여수시,서강동,소계,3996,2994,290,2672,1,1,7,2,2973,21,1002
전라남도,여수시,,서강동제1투,1885,1388,147,1226,1,1,1,1,1377,11,497
전라남도,여수시,,서강동제2투,2111,1606,143,1446,0,0,6,1,1596,10,505
전라남도,여수시,대교동,소계,6412,4502,378,4090,0,2,8,4,4482,20,1910
전라남도,여수시,,대교동제1투,2489,1702,154,1537,0,0,3,2,1696,6,787
전라남도,여수시,,대교동제2투,2218,1559,144,1406,0,0,0,1,1551,8,659
전라남도,여수시,,대교동제3투,1705,1241,80,1147,0,2,5,1,1235,6,464
전라남도,여수시,국동,소계,10179,7496,592,6855,2,2,16,4,7471,25,2683
전라남도,여수시,,국동제1투,2338,1657,146,1498,1,1,4,3,1653,4,681
전라남도,여수시,,국동제2투,3340,2479,176,2292,1,0,1,1,2471,8,861
전라남도,여수시,,국동제3투,1694,1258,115,1133,0,0,4,0,1252,6,436
전라남도,여수시,,국동제4투,2807,2102,155,1932,0,1,7,0,2095,7,705
전라남도,여수시,월호동,소계,6548,5144,446,4660,2,1,6,6,5121,23,1404
전라남도,여수시,,월호동제1투,3211,2474,225,2229,1,1,4,3,2463,11,737
전라남도,여수시,,월호동제2투,2501,2065,180,1873,1,0,1,1,2056,9,436
전라남도,여수시,,월호동제3투,705,510,34,471,0,0,1,2,508,2,195
전라남도,여수시,,월호동제4투,131,95,7,87,0,0,0,0,94,1,36
전라남도,여수시,여서동,소계,17314,13891,1115,12711,1,3,14,11,13855,36,3423
전라남도,여수시,,여서동제1투,3561,2684,223,2443,0,1,3,3,2673,11,877
전라남도,여수시,,여서동제2투,2599,2152,241,1902,0,0,3,0,2146,6,447
전라남도,여수시,,여서동제3투,3095,2588,223,2360,1,1,1,0,2586,2,507
전라남도,여수시,,여서동제4투,2966,2396,142,2243,0,1,2,2,2390,6,570
전라남도,여수시,,여서동제5투,2390,1986,167,1810,0,0,3,1,1981,5,404
전라남도,여수시,,여서동제6투,2703,2085,119,1953,0,0,2,5,2079,6,618
전라남도,여수시,문수동,소계,17347,13499,1083,12345,2,0,13,12,13455,44,3848
전라남도,여수시,,문수동제1투,1742,1363,109,1246,1,0,1,0,1357,6,379
전라남도,여수시,,문수동제2투,2662,2151,166,1974,0,0,1,2,2143,8,511
전라남도,여수시,,문수동제3투,4138,3319,273,3037,0,0,2,2,3314,5,819
전라남도,여수시,,문수동제4투,1613,1374,121,1247,0,0,3,0,1371,3,239
전라남도,여수시,,문수동제5투,2822,1898,217,1658,1,0,4,7,1887,11,924
전라남도,여수시,,문수동제6투,4370,3394,197,3183,0,0,2,1,3383,11,976
전라남도,여수시,미평동,소계,10296,7949,659,7214,4,3,13,9,7902,47,2347
전라남도,여수시,,미평동제1투,3149,2470,249,2201,0,0,4,4,2458,12,679
전라남도,여수시,,미평동제2투,2775,2028,177,1822,0,2,6,2,2009,19,747
전라남도,여수시,,미평동제3투,2338,1782,118,1650,2,1,3,1,1775,7,556
전라남도,여수시,,미평동제4투,2034,1669,115,1541,2,0,0,2,1660,9,365
전라남도,여수시,둔덕동,소계,8379,6719,532,6141,5,3,7,1,6689,30,1660
전라남도,여수시,,둔덕동제1투,2006,1501,121,1362,2,0,3,1,1489,12,505
전라남도,여수시,,둔덕동제2투,4165,3367,276,3077,1,1,2,0,3357,10,798
전라남도,여수시,,둔덕동제3투,2208,1851,135,1702,2,2,2,0,1843,8,357
전라남도,여수시,만덕동,소계,4887,3704,299,3360,4,0,10,4,3677,27,1183
전라남도,여수시,,만덕동제1투,3564,2735,233,2475,2,0,5,3,2718,17,829
전라남도,여수시,,만덕동제2투,1323,969,66,885,2,0,5,1,959,10,354
전라남도,여수시,쌍봉동,소계,26185,20897,1865,18890,4,4,20,13,20796,101,5288
전라남도,여수시,,쌍봉동제1투,2072,1494,162,1313,0,0,1,2,1478,16,578
전라남도,여수시,,쌍봉동제2투,3717,2732,258,2453,1,0,1,2,2715,17,985
전라남도,여수시,,쌍봉동제3투,3306,2697,241,2440,0,1,5,1,2688,9,609
전라남도,여수시,,쌍봉동제4투,2852,2351,233,2109,1,0,2,2,2347,4,501
전라남도,여수시,,쌍봉동제5투,4246,3451,218,3202,0,1,3,4,3428,23,795
전라남도,여수시,,쌍봉동제6투,2943,2297,206,2070,1,1,3,1,2282,15,646
전라남도,여수시,,쌍봉동제7투,3400,2778,266,2499,1,0,1,0,2767,11,622
전라남도,여수시,,쌍봉동제8투,3649,3097,281,2804,0,1,4,1,3091,6,552
전라남도,여수시,시전동,소계,16274,12801,1064,11614,16,3,16,15,12728,73,3473
전라남도,여수시,,시전동제1투,3080,2262,191,2039,4,2,5,5,2246,16,818
전라남도,여수시,,시전동제2투,2828,2402,210,2160,2,1,2,4,2379,23,426
전라남도,여수시,,시전동제3투,2419,1907,119,1777,2,0,2,1,1901,6,512
전라남도,여수시,,시전동제4투,2782,2074,193,1860,4,0,3,2,2062,12,708
전라남도,여수시,,시전동제5투,1917,1560,118,1430,1,0,1,1,1551,9,357
전라남도,여수시,,시전동제6투,3248,2596,233,2348,3,0,3,2,2589,7,652
전라남도,여수시,여천동,소계,17073,13204,1147,11908,2,3,17,17,13094,110,3869
전라남도,여수시,,여천동제1투,2430,1875,203,1651,1,0,2,1,1858,17,555
전라남도,여수시,,여천동제2투,3764,3087,288,2773,0,1,2,3,3067,20,677
전라남도,여수시,,여천동제3투,3576,2708,203,2474,0,0,7,5,2689,19,868
전라남도,여수시,,여천동제4투,4575,3455,268,3151,0,0,2,5,3426,29,1120
전라남도,여수시,,여천동제5투,2728,2079,185,1859,1,2,4,3,2054,25,649
전라남도,여수시,주삼동,소계,5862,4813,351,4423,1,1,6,2,4784,29,1049
전라남도,여수시,,주삼동제1투,1413,1103,98,992,0,0,3,1,1094,9,310
전라남도,여수시,,주삼동제2투,1919,1640,126,1500,1,0,0,1,1628,12,279
전라남도,여수시,,주삼동제3투,2530,2070,127,1931,0,1,3,0,2062,8,460
전라남도,여수시,삼일동,소계,2489,1841,138,1685,0,0,7,0,1830,11,648
전라남도,여수시,,삼일동투표소,2489,1841,138,1685,0,0,7,0,1830,11,648
전라남도,여수시,묘도동,소계,1135,885,56,822,0,1,2,0,881,4,250
전라남도,여수시,,묘도동투표소,1135,885,56,822,0,1,2,0,881,4,250
전라남도,여수시,잘못 투입·구분된 투표지,,0,1,0,1,0,0,0,0,1,0,-1
전라남도,순천시,소계,,208794,165404,14638,149610,49,61,269,146,164773,631,43390
전라남도,순천시,재외투표,,653,459,92,361,1,0,2,1,457,2,194
전라남도,순천시,국내부재자투표,,8035,7353,1126,6084,10,7,14,16,7257,96,682
전라남도,순천시,소계,,200106,157592,13420,143165,38,54,253,129,157059,533,42514
전라남도,순천시,승주읍,소계,2875,2048,188,1816,0,3,8,12,2027,21,827
전라남도,순천시,,승주읍제1투,2391,1678,151,1496,0,1,5,10,1663,15,713
전라남도,순천시,,승주읍제2투,484,370,37,320,0,2,3,2,364,6,114
전라남도,순천시,주암면,소계,3323,2473,256,2170,2,0,8,13,2449,24,850
전라남도,순천시,,주암면제1투,1320,1011,108,881,2,0,4,7,1002,9,309
전라남도,순천시,,주암면제2투,2003,1462,148,1289,0,0,4,6,1447,15,541
전라남도,순천시,송광면,소계,1649,1221,124,1076,0,2,4,4,1210,11,428
전라남도,순천시,,송광면투표소,1649,1221,124,1076,0,2,4,4,1210,11,428
전라남도,순천시,외서면,소계,930,686,49,618,1,0,2,5,675,11,244
전라남도,순천시,,외서면투표소,930,686,49,618,1,0,2,5,675,11,244
전라남도,순천시,낙안면,소계,3241,2459,186,2222,2,1,13,9,2433,26,782
전라남도,순천시,,낙안면제1투,1896,1427,116,1285,1,0,6,5,1413,14,469
전라남도,순천시,,낙안면제2투,1345,1032,70,937,1,1,7,4,1020,12,313
전라남도,순천시,별량면,소계,5648,4141,370,3718,1,2,16,7,4114,27,1507
전라남도,순천시,,별량면제1투,2158,1607,150,1434,0,1,7,4,1596,11,551
전라남도,순천시,,별량면제2투,2164,1565,138,1409,1,0,6,1,1555,10,599
전라남도,순천시,,별량면제3투,1326,969,82,875,0,1,3,2,963,6,357
전라남도,순천시,상사면,소계,2522,1886,196,1659,2,3,9,4,1873,13,636
전라남도,순천시,,상사면제1투,1064,793,82,696,1,3,2,3,787,6,271
전라남도,순천시,,상사면제2투,1458,1093,114,963,1,0,7,1,1086,7,365
전라남도,순천시,해룡면,소계,18597,14777,985,13713,2,2,21,4,14727,50,3820
전라남도,순천시,,해룡면제1투,2925,2244,187,2043,0,0,3,1,2234,10,681
전라남도,순천시,,해룡면제2투,1896,1387,91,1277,0,0,4,1,1373,14,509
전라남도,순천시,,해룡면제3투,1076,820,44,767,0,0,3,0,814,6,256
전라남도,순천시,,해룡면제4투,4044,3157,222,2922,2,0,6,1,3153,4,887
전라남도,순천시,,해룡면제5투,3784,3132,186,2937,0,2,2,0,3127,5,652
전라남도,순천시,,해룡면제6투,4872,4037,255,3767,0,0,3,1,4026,11,835
전라남도,순천시,서면,소계,9477,7399,617,6720,2,4,11,8,7362,37,2078
전라남도,순천시,,서면제1투,1112,842,76,759,1,0,3,0,839,3,270
전라남도,순천시,,서면제2투,1763,1366,136,1214,1,1,4,4,1360,6,397
전라남도,순천시,,서면제3투,2088,1705,100,1601,0,0,0,1,1702,3,383
전라남도,순천시,,서면제4투,3382,2612,236,2351,0,2,3,2,2594,18,770
전라남도,순천시,,서면제5투,1132,874,69,795,0,1,1,1,867,7,258
전라남도,순천시,황전면,소계,3161,2368,230,2106,2,0,5,8,2351,17,793
전라남도,순천시,,황전면제1투,1568,1188,136,1031,1,0,3,7,1178,10,380
전라남도,순천시,,황전면제2투,1593,1180,94,1075,1,0,2,1,1173,7,413
전라남도,순천시,월등면,소계,1842,1444,155,1268,1,0,8,3,1435,9,398
전라남도,순천시,,월등면투표소,1842,1444,155,1268,1,0,8,3,1435,9,398
전라남도,순천시,향동,소계,4292,3202,308,2862,1,1,11,6,3189,13,1090
전라남도,순천시,,향동투표소,4292,3202,308,2862,1,1,11,6,3189,13,1090
전라남도,순천시,매곡동,소계,5630,4201,433,3737,1,1,10,5,4187,14,1429
전라남도,순천시,,매곡동제1투,2436,1850,234,1605,1,0,4,1,1845,5,586
전라남도,순천시,,매곡동제2투,3194,2351,199,2132,0,1,6,4,2342,9,843
전라남도,순천시,삼산동,소계,16925,13711,1127,12514,1,7,17,12,13678,33,3214
전라남도,순천시,,삼산동제1투,1781,1350,128,1215,0,1,1,1,1346,4,431
전라남도,순천시,,삼산동제2투,2349,1917,169,1737,0,2,1,3,1912,5,432
전라남도,순천시,,삼산동제3투,2052,1632,114,1513,0,1,0,1,1629,3,420
전라남도,순천시,,삼산동제4투,3783,3148,281,2856,0,2,4,1,3144,4,635
전라남도,순천시,,삼산동제5투,3094,2370,166,2180,1,1,6,3,2357,13,724
전라남도,순천시,,삼산동제6투,1782,1472,129,1339,0,0,1,2,1471,1,310
전라남도,순천시,,삼산동제7투,2084,1822,140,1674,0,0,4,1,1819,3,262
전라남도,순천시,조곡동,소계,6151,4755,455,4277,0,1,6,3,4742,13,1396
전라남도,순천시,,조곡동제1투,2703,2161,193,1959,0,0,2,0,2154,7,542
전라남도,순천시,,조곡동제2투,1268,911,104,803,0,0,2,0,909,2,357
전라남도,순천시,,조곡동제3투,2180,1683,158,1515,0,1,2,3,1679,4,497
전라남도,순천시,덕연동,소계,35702,29164,2292,26779,4,7,24,5,29111,53,6538
전라남도,순천시,,덕연동제1투,3785,3042,276,2755,0,0,5,0,3036,6,743
전라남도,순천시,,덕연동제2투,3149,2332,206,2112,0,0,0,0,2318,14,817
전라남도,순천시,,덕연동제3투,3573,3062,242,2809,0,2,5,2,3060,2,511
전라남도,순천시,,덕연동제4투,3023,2514,264,2240,1,1,4,0,2510,4,509
전라남도,순천시,,덕연동제5투,3143,2600,185,2410,0,0,2,0,2597,3,543
전라남도,순천시,,덕연동제6투,2988,2458,194,2257,1,0,1,0,2453,5,530
전라남도,순천시,,덕연동제7투,3558,2865,185,2671,2,1,1,0,2860,5,693
전라남도,순천시,,덕연동제8투,3144,2472,148,2317,0,2,1,1,2469,3,672
전라남도,순천시,,덕연동제9투,3103,2678,146,2524,0,1,3,0,2674,4,425
전라남도,순천시,,덕연동제10투,2520,2064,165,1895,0,0,0,0,2060,4,456
전라남도,순천시,,덕연동제11투,3716,3077,281,2789,0,0,2,2,3074,3,639
전라남도,순천시,풍덕동,소계,7624,5954,539,5386,1,2,11,0,5939,15,1670
전라남도,순천시,,풍덕동제1투,1985,1481,128,1348,0,1,3,0,1480,1,504
전라남도,순천시,,풍덕동제2투,2308,1745,160,1576,0,0,3,0,1739,6,563
전라남도,순천시,,풍덕동제3투,3331,2728,251,2462,1,1,5,0,2720,8,603
전라남도,순천시,남제동,소계,8988,6764,597,6133,1,2,6,3,6742,22,2224
전라남도,순천시,,남제동제1투,2059,1507,146,1350,0,0,4,0,1500,7,552
전라남도,순천시,,남제동제2투,2212,1685,154,1522,0,2,1,2,1681,4,527
전라남도,순천시,,남제동제3투,2580,1928,153,1766,1,0,1,0,1921,7,652
전라남도,순천시,,남제동제4투,2137,1644,144,1495,0,0,0,1,1640,4,493
전라남도,순천시,저전동,소계,2941,2303,235,2054,1,3,4,0,2297,6,638
전라남도,순천시,,저전동투표소,2941,2303,235,2054,1,3,4,0,2297,6,638
전라남도,순천시,장천동,소계,2829,2008,248,1747,1,0,5,0,2001,7,821
전라남도,순천시,,장천동투표소,2829,2008,248,1747,1,0,5,0,2001,7,821
전라남도,순천시,중앙동,소계,3538,2589,268,2313,1,0,1,0,2583,6,949
전라남도,순천시,,중앙동제1투,1463,1131,125,1005,0,0,0,0,1130,1,332
전라남도,순천시,,중앙동제2투,2075,1458,143,1308,1,0,1,0,1453,5,617
전라남도,순천시,도사동,소계,7560,5766,416,5308,4,1,14,2,5745,21,1794
전라남도,순천시,,도사동제1투,3834,2901,212,2669,2,0,9,2,2894,7,933
전라남도,순천시,,도사동제2투,2144,1628,108,1507,2,0,4,0,1621,7,516
전라남도,순천시,,도사동제3투,1582,1237,96,1132,0,1,1,0,1230,7,345
전라남도,순천시,왕조1동,소계,29525,23676,2226,21339,6,9,31,12,23623,53,5849
전라남도,순천시,,왕조1동제1투,3161,2619,290,2301,2,3,4,4,2604,15,542
전라남도,순천시,,왕조1동제2투,2861,2147,185,1955,0,1,1,1,2143,4,714
전라남도,순천시,,왕조1동제3투,4476,3441,312,3116,3,2,5,0,3438,3,1035
전라남도,순천시,,왕조1동제4투,1973,1628,134,1488,0,0,2,1,1625,3,345
전라남도,순천시,,왕조1동제5투,2080,1510,147,1349,1,0,1,2,1500,10,570
전라남도,순천시,,왕조1동제6투,3587,2563,203,2353,0,1,0,1,2558,5,1024
전라남도,순천시,,왕조1동제7투,3493,3000,265,2724,0,0,4,1,2994,6,493
전라남도,순천시,,왕조1동제8투,3233,2808,215,2584,0,2,5,0,2806,2,425
전라남도,순천시,,왕조1동제9투,4661,3960,475,3469,0,0,9,2,3955,5,701
전라남도,순천시,왕조2동,소계,15136,12597,920,11630,1,3,8,4,12566,31,2539
전라남도,순천시,,왕조2동제1투,3043,2595,225,2360,1,1,2,1,2590,5,448
전라남도,순천시,,왕조2동제2투,3097,2450,189,2250,0,2,1,0,2442,8,647
전라남도,순천시,,왕조2동제3투,2246,1874,107,1762,0,0,2,1,1872,2,372
전라남도,순천시,,왕조2동제4투,2982,2462,156,2290,0,0,3,1,2450,12,520
전라남도,순천시,,왕조2동제5투,3768,3216,243,2968,0,0,0,1,3212,4,552
전라남도,나주시,소계,,74091,57053,4984,51150,62,41,242,159,56638,415,17038
전라남도,나주시,재외투표,,259,176,45,128,1,0,0,2,176,0,83
전라남도,나주시,국내부재자투표,,3138,2855,390,2303,24,18,12,29,2776,79,283
전라남도,나주시,소계,,70694,54022,4549,48719,37,23,230,128,53686,336,16672
전라남도,나주시,남평읍,소계,6568,5067,323,4683,5,3,21,6,5041,26,1501
전라남도,나주시,,남평읍제1투,2764,2098,128,1951,2,1,9,0,2091,7,666
전라남도,나주시,,남평읍제2투,2932,2291,147,2115,2,2,8,3,2277,14,641
전라남도,나주시,,남평읍제3투,872,678,48,617,1,0,4,3,673,5,194
전라남도,나주시,세지면,소계,2840,2101,167,1899,0,1,7,7,2081,20,739
전라남도,나주시,,세지면투표소,2840,2101,167,1899,0,1,7,7,2081,20,739
전라남도,나주시,왕곡면,소계,3129,2445,224,2181,3,0,10,8,2426,19,684
전라남도,나주시,,왕곡면제1투,1630,1272,121,1126,2,0,4,6,1259,13,358
전라남도,나주시,,왕곡면제2투,1499,1173,103,1055,1,0,6,2,1167,6,326
전라남도,나주시,반남면,소계,1605,1220,88,1106,0,1,9,6,1210,10,385
전라남도,나주시,,반남면투표소,1605,1220,88,1106,0,1,9,6,1210,10,385
전라남도,나주시,공산면,소계,2429,1925,169,1710,0,3,18,9,1909,16,504
전라남도,나주시,,공산면제1투,1708,1347,113,1205,0,2,11,5,1336,11,361
전라남도,나주시,,공산면제2투,721,578,56,505,0,1,7,4,573,5,143
전라남도,나주시,동강면,소계,2790,2074,150,1869,3,3,10,11,2046,28,716
전라남도,나주시,,동강면투표소,2790,2074,150,1869,3,3,10,11,2046,28,716
전라남도,나주시,다시면,소계,3788,2890,242,2594,2,0,14,11,2863,27,898
전라남도,나주시,,다시면제1투,2903,2185,191,1954,1,0,11,9,2166,19,718
전라남도,나주시,,다시면제2투,885,705,51,640,1,0,3,2,697,8,180
전라남도,나주시,문평면,소계,2066,1592,166,1404,2,0,6,5,1583,9,474
전라남도,나주시,,문평면제1투,1305,1013,98,894,2,0,5,5,1004,9,292
전라남도,나주시,,문평면제2투,761,579,68,510,0,0,1,0,579,0,182
전라남도,나주시,노안면,소계,4651,3532,261,3219,4,3,17,7,3511,21,1119
전라남도,나주시,,노안면제1투,1157,838,75,746,0,3,5,2,831,7,319
전라남도,나주시,,노안면제2투,1535,1193,78,1100,1,0,6,1,1186,7,342
전라남도,나주시,,노안면제3투,1959,1501,108,1373,3,0,6,4,1494,7,458
전라남도,나주시,금천면,소계,4422,3464,250,3172,3,0,10,11,3446,18,958
전라남도,나주시,,금천면제1투,1620,1255,105,1139,1,0,3,3,1251,4,365
전라남도,나주시,,금천면제2투,1191,940,58,865,1,0,3,6,933,7,251
전라남도,나주시,,금천면제3투,1611,1269,87,1168,1,0,4,2,1262,7,342
전라남도,나주시,산포면,소계,3515,2769,205,2521,1,1,15,8,2751,18,746
전라남도,나주시,,산포면제1투,2112,1622,105,1489,1,1,10,5,1611,11,490
전라남도,나주시,,산포면제2투,345,284,21,258,0,0,3,2,284,0,61
전라남도,나주시,,산포면제3투,1058,863,79,774,0,0,2,1,856,7,195
전라남도,나주시,다도면,소계,1816,1383,96,1243,2,1,18,4,1364,19,433
전라남도,나주시,,다도면투표소,1816,1383,96,1243,2,1,18,4,1364,19,433
전라남도,나주시,봉황면,소계,4322,3236,218,2946,2,3,30,6,3205,31,1086
전라남도,나주시,,봉황면제1투,3117,2352,157,2147,2,1,20,3,2330,22,765
전라남도,나주시,,봉황면제2투,1205,884,61,799,0,2,10,3,875,9,321
전라남도,나주시,송월동,소계,4953,3916,346,3545,2,1,9,7,3910,6,1037
전라남도,나주시,,송월동제1투,498,371,45,317,0,1,4,2,369,2,127
전라남도,나주시,,송월동제2투,2608,2058,163,1888,2,0,2,1,2056,2,550
전라남도,나주시,,송월동제3투,1847,1487,138,1340,0,0,3,4,1485,2,360
전라남도,나주시,영강동,소계,2812,2075,194,1869,2,0,4,0,2069,6,737
전라남도,나주시,,영강동투표소,2812,2075,194,1869,2,0,4,0,2069,6,737
전라남도,나주시,금남동,소계,5323,4046,463,3548,1,0,11,3,4026,20,1277
전라남도,나주시,,금남동제1투,2001,1534,204,1321,0,0,3,2,1530,4,467
전라남도,나주시,,금남동제2투,1424,1009,120,878,0,0,2,0,1000,9,415
전라남도,나주시,,금남동제3투,1898,1503,139,1349,1,0,6,1,1496,7,395
전라남도,나주시,성북동,소계,7019,5506,535,4938,1,1,10,8,5493,13,1513
전라남도,나주시,,성북동제1투,2117,1538,194,1330,1,1,3,5,1534,4,579
전라남도,나주시,,성북동제2투,1636,1213,119,1085,0,0,2,3,1209,4,423
전라남도,나주시,,성북동제3투,3266,2755,222,2523,0,0,5,0,2750,5,511
전라남도,나주시,영산동,소계,3397,2406,222,2155,1,1,7,6,2392,14,991
전라남도,나주시,,영산동제1투,1530,1093,99,984,0,0,2,2,1087,6,437
전라남도,나주시,,영산동제2투,1867,1313,123,1171,1,1,5,4,1305,8,554
전라남도,나주시,이창동,소계,3249,2375,230,2117,3,1,4,5,2360,15,874
전라남도,나주시,,이창동투표소,3249,2375,230,2117,3,1,4,5,2360,15,874
전라남도,광양시,소계,,112866,88097,12918,74467,24,28,197,98,87732,365,24769
전라남도,광양시,재외투표,,345,232,65,165,0,0,2,0,232,0,113
전라남도,광양시,국내부재자투표,,4342,3931,716,3137,6,3,5,10,3877,54,411
전라남도,광양시,소계,,108179,83934,12137,71165,18,25,190,88,83623,311,24245
전라남도,광양시,광양읍,소계,34270,26531,2656,23713,2,9,41,13,26434,97,7739
전라남도,광양시,,광양읍제1투,3008,2228,219,1986,0,0,1,0,2206,22,780
전라남도,광양시,,광양읍제2투,3304,2502,232,2247,0,0,2,5,2486,16,802
전라남도,광양시,,광양읍제3투,1093,811,93,718,0,0,0,0,811,0,282
전라남도,광양시,,광양읍제4투,2972,2303,239,2060,0,0,2,1,2302,1,669
전라남도,광양시,,광양읍제5투,696,539,48,482,0,1,4,1,536,3,157
전라남도,광양시,,광양읍제6투,739,572,52,511,0,1,3,1,568,4,167
전라남도,광양시,,광양읍제7투,1362,1035,78,943,0,1,4,0,1026,9,327
전라남도,광양시,,광양읍제8투,3258,2389,287,2087,1,2,3,1,2381,8,869
전라남도,광양시,,광양읍제9투,2949,2289,236,2042,0,1,5,2,2286,3,660
전라남도,광양시,,광양읍제10투,2615,1945,173,1757,1,0,5,1,1937,8,670
전라남도,광양시,,광양읍제11투,4532,3656,402,3238,0,1,5,0,3646,10,876
전라남도,광양시,,광양읍제12투,1564,1185,124,1056,0,1,1,0,1182,3,379
전라남도,광양시,,광양읍제13투,4259,3479,320,3146,0,0,4,0,3470,9,780
전라남도,광양시,,광양읍제14투,1919,1598,153,1440,0,1,2,1,1597,1,321
전라남도,광양시,봉강면,소계,1912,1492,166,1299,1,1,10,6,1483,9,420
전라남도,광양시,,봉강면제1투,684,530,62,463,0,0,2,0,527,3,154
전라남도,광양시,,봉강면제2투,1228,962,104,836,1,1,8,6,956,6,266
전라남도,광양시,옥룡면,소계,2818,2176,250,1885,1,1,10,6,2153,23,642
전라남도,광양시,,옥룡면제1투,1592,1231,144,1065,1,1,7,3,1221,10,361
전라남도,광양시,,옥룡면제2투,1226,945,106,820,0,0,3,3,932,13,281
전라남도,광양시,옥곡면,소계,3226,2505,239,2224,0,2,16,8,2489,16,721
전라남도,광양시,,옥곡면제1투,1075,839,66,746,0,1,10,7,830,9,236
전라남도,광양시,,옥곡면제2투,2151,1666,173,1478,0,1,6,1,1659,7,485
전라남도,광양시,진상면,소계,2945,2277,239,1982,1,2,15,12,2251,26,668
전라남도,광양시,,진상면제1투,1963,1526,164,1321,1,2,12,9,1509,17,437
전라남도,광양시,,진상면제2투,982,751,75,661,0,0,3,3,742,9,231
전라남도,광양시,진월면,소계,3092,2317,311,1958,3,1,21,8,2302,15,775
전라남도,광양시,,진월면제1투,1866,1397,182,1193,1,1,9,6,1392,5,469
전라남도,광양시,,진월면제2투,640,473,49,413,0,0,7,2,471,2,167
전라남도,광양시,,진월면제3투,586,447,80,352,2,0,5,0,439,8,139
전라남도,광양시,다압면,소계,1646,1265,192,1052,1,2,4,3,1254,11,381
전라남도,광양시,,다압면제1투,773,588,113,466,0,0,4,0,583,5,185
전라남도,광양시,,다압면제2투,873,677,79,586,1,2,0,3,671,6,196
전라남도,광양시,골약동,소계,2238,1745,188,1533,0,0,9,5,1735,10,493
전라남도,광양시,,골약동제1투,940,759,55,691,0,0,4,3,753,6,181
전라남도,광양시,,골약동제2투,1298,986,133,842,0,0,5,2,982,4,312
전라남도,광양시,중마동,소계,34071,26394,3996,22297,3,5,25,10,26336,58,7677
전라남도,광양시,,중마동제1투,2761,2022,302,1712,0,1,2,0,2017,5,739
전라남도,광양시,,중마동제2투,4364,3190,478,2700,2,0,2,2,3184,6,1174
전라남도,광양시,,중마동제3투,4334,3274,561,2699,0,1,3,3,3267,7,1060
전라남도,광양시,,중마동제4투,3287,2615,456,2147,0,1,4,1,2609,6,672
전라남도,광양시,,중마동제5투,3841,2994,414,2567,0,1,3,1,2986,8,847
전라남도,광양시,,중마동제6투,4205,3362,503,2845,0,0,4,1,3353,9,843
전라남도,광양시,,중마동제7투,3834,3240,420,2809,0,1,2,1,3233,7,594
전라남도,광양시,,중마동제8투,3601,2952,507,2439,0,0,1,1,2948,4,649
전라남도,광양시,,중마동제9투,3844,2745,355,2379,1,0,4,0,2739,6,1099
전라남도,광양시,광영동,소계,9366,6802,1239,5519,4,0,13,9,6784,18,2564
전라남도,광양시,,광영동제1투,3672,2532,460,2055,0,0,6,3,2524,8,1140
전라남도,광양시,,광영동제2투,1631,1162,159,994,0,0,3,1,1157,5,469
전라남도,광양시,,광영동제3투,4063,3108,620,2470,4,0,4,5,3103,5,955
전라남도,광양시,태인동,소계,2094,1588,189,1375,1,2,4,6,1577,11,506
전라남도,광양시,,태인동투표소,2094,1588,189,1375,1,2,4,6,1577,11,506
전라남도,광양시,금호동,소계,10501,8842,2472,6328,1,0,22,2,8825,17,1659
전라남도,광양시,,금호동제1투,2499,2133,550,1575,0,0,7,0,2132,1,366
전라남도,광양시,,금호동제2투,1772,1484,460,1016,0,0,3,0,1479,5,288
전라남도,광양시,,금호동제3투,2080,1747,489,1247,1,0,5,1,1743,4,333
전라남도,광양시,,금호동제4투,2130,1771,490,1276,0,0,2,1,1769,2,359
전라남도,광양시,,금호동제5투,2020,1707,483,1214,0,0,5,0,1702,5,313
전라남도,광양시,잘못 투입·구분된 투표지,,0,0,0,0,0,0,0,0,0,0,0
전라남도,담양군,소계,,40636,31746,3084,28099,19,27,192,81,31502,244,8890
전라남도,담양군,재외투표,,201,92,22,70,0,0,0,0,92,0,109
전라남도,담양군,국내부재자투표,,1566,1451,306,1106,1,5,3,10,1431,20,115
전라남도,담양군,소계,,38869,30203,2756,26923,18,22,189,71,29979,224,8666
전라남도,담양군,담양읍,소계,10957,8419,901,7420,6,3,36,12,8378,41,2538
전라남도,담양군,,담양읍제1투,2372,1732,169,1538,2,0,8,5,1722,10,640
전라남도,담양군,,담양읍제2투,2168,1708,152,1532,2,0,10,2,1698,10,460
전라남도,담양군,,담양읍제3투,2469,1924,262,1653,1,1,3,0,1920,4,545
전라남도,담양군,,담양읍제4투,1644,1287,151,1118,0,1,6,2,1278,9,357
전라남도,담양군,,담양읍제5투,2304,1768,167,1579,1,1,9,3,1760,8,536
전라남도,담양군,봉산면,소계,2533,1997,183,1784,0,2,12,5,1986,11,536
전라남도,담양군,,봉산면제1투,1810,1416,135,1259,0,2,10,4,1410,6,394
전라남도,담양군,,봉산면제2투,723,581,48,525,0,0,2,1,576,5,142
전라남도,담양군,고서면,소계,3054,2386,193,2161,2,1,8,8,2373,13,668
전라남도,담양군,,고서면제1투,1538,1180,86,1085,1,1,2,2,1177,3,358
전라남도,담양군,,고서면제2투,1516,1206,107,1076,1,0,6,6,1196,10,310
전라남도,담양군,남면,소계,1253,999,103,875,1,0,14,1,994,5,254
전라남도,담양군,,남면제1투,679,540,66,470,0,0,3,0,539,1,139
전라남도,담양군,,남면제2투,574,459,37,405,1,0,11,1,455,4,115
전라남도,담양군,창평면,소계,3393,2577,197,2333,0,0,10,11,2551,26,816
전라남도,담양군,,창평면제1투,2448,1842,146,1664,0,0,6,8,1824,18,606
전라남도,담양군,,창평면제2투,945,735,51,669,0,0,4,3,727,8,210
전라남도,담양군,대덕면,소계,1753,1325,129,1172,0,1,13,1,1316,9,428
전라남도,담양군,,대덕면제1투,1412,1072,107,944,0,1,12,1,1065,7,340
전라남도,담양군,,대덕면제2투,341,253,22,228,0,0,1,0,251,2,88
전라남도,담양군,무정면,소계,2369,1833,173,1621,2,1,20,5,1822,11,536
전라남도,담양군,,무정면제1투,1535,1183,109,1051,1,0,13,2,1176,7,352
전라남도,담양군,,무정면제2투,834,650,64,570,1,1,7,3,646,4,184
전라남도,담양군,금성면,소계,2497,1932,161,1721,0,3,21,4,1910,22,565
전라남도,담양군,,금성면제1투,1826,1411,132,1245,0,2,14,2,1395,16,415
전라남도,담양군,,금성면제2투,671,521,29,476,0,1,7,2,515,6,150
전라남도,담양군,용면,소계,1651,1313,147,1133,3,1,9,7,1300,13,338
전라남도,담양군,,용면제1투,1229,975,109,843,2,1,5,5,965,10,254
전라남도,담양군,,용면제2투,422,338,38,290,1,0,4,2,335,3,84
전라남도,담양군,월산면,소계,2268,1805,163,1589,1,6,12,7,1778,27,463
전라남도,담양군,,월산면제1투,1729,1373,126,1203,1,6,9,5,1350,23,356
전라남도,담양군,,월산면제2투,539,432,37,386,0,0,3,2,428,4,107
전라남도,담양군,수북면,소계,3515,2784,197,2532,3,3,19,2,2756,28,731
전라남도,담양군,,수북면제1투,2718,2161,158,1957,3,2,15,0,2135,26,557
전라남도,담양군,,수북면제2투,797,623,39,575,0,1,4,2,621,2,174
전라남도,담양군,대전면,소계,3626,2833,209,2582,0,1,15,8,2815,18,793
전라남도,담양군,,대전면제1투,2665,2053,157,1872,0,1,7,6,2043,10,612
전라남도,담양군,,대전면제2투,961,780,52,710,0,0,8,2,772,8,181
전라남도,장성군,소계,,38697,29591,3532,25567,22,25,147,81,29374,217,9106
전라남도,장성군,재외투표,,133,90,20,69,0,0,0,0,89,1,43
전라남도,장성군,국내부재자투표,,1568,1416,256,1121,2,5,2,1,1387,29,152
전라남도,장성군,소계,,36996,28085,3256,24377,20,20,145,80,27898,187,8911
전라남도,장성군,장성읍,소계,10412,7818,810,6920,4,5,23,16,7778,40,2594
전라남도,장성군,,장성읍제1투,2482,1817,191,1609,1,1,2,6,1810,7,665
전라남도,장성군,,장성읍제2투,2379,1886,146,1726,2,0,3,2,1879,7,493
전라남도,장성군,,장성읍제3투,3068,2251,246,1978,0,3,6,6,2239,12,817
전라남도,장성군,,장성읍제4투,2483,1864,227,1607,1,1,12,2,1850,14,619
전라남도,장성군,진원면,소계,2749,2178,191,1956,1,2,5,11,2166,12,571
전라남도,장성군,,진원면제1투,1740,1384,153,1214,1,1,3,7,1379,5,356
전라남도,장성군,,진원면제2투,1009,794,38,742,0,1,2,4,787,7,215
전라남도,장성군,남면,소계,3179,2469,166,2267,2,2,12,6,2455,14,710
전라남도,장성군,,남면제1투,1497,1144,62,1060,1,2,5,3,1133,11,353
전라남도,장성군,,남면제2투,1682,1325,104,1207,1,0,7,3,1322,3,357
전라남도,장성군,동화면,소계,1770,1350,143,1186,1,0,9,6,1345,5,420
전라남도,장성군,,동화면제1투,1259,946,114,820,0,0,4,3,941,5,313
전라남도,장성군,,동화면제2투,511,404,29,366,1,0,5,3,404,0,107
전라남도,장성군,삼서면,소계,2837,2170,186,1942,0,0,20,3,2151,19,667
전라남도,장성군,,삼서면투표소,2837,2170,186,1942,0,0,20,3,2151,19,667
전라남도,장성군,삼계면,소계,4817,3670,900,2735,2,1,16,5,3659,11,1147
전라남도,장성군,,삼계면제1투,1790,1388,121,1257,0,1,6,1,1386,2,402
전라남도,장성군,,삼계면제2투,2045,1538,733,792,2,0,4,3,1534,4,507
전라남도,장성군,,삼계면제3투,982,744,46,686,0,0,6,1,739,5,238
전라남도,장성군,황룡면,소계,3611,2678,287,2344,2,1,20,5,2659,19,933
전라남도,장성군,,황룡면제1투,1368,999,96,892,0,1,6,1,996,3,369
전라남도,장성군,,황룡면제2투,2243,1679,191,1452,2,0,14,4,1663,16,564
전라남도,장성군,서삼면,소계,1385,1057,110,927,0,2,6,2,1047,10,328
전라남도,장성군,,서삼면투표소,1385,1057,110,927,0,2,6,2,1047,10,328
전라남도,장성군,북일면,소계,1356,1046,87,929,1,4,12,4,1037,9,310
전라남도,장성군,,북일면투표소,1356,1046,87,929,1,4,12,4,1037,9,310
전라남도,장성군,북이면,소계,2705,2072,194,1838,1,2,13,8,2056,16,633
전라남도,장성군,,북이면제1투,1260,950,88,843,0,1,6,4,942,8,310
전라남도,장성군,,북이면제2투,1445,1122,106,995,1,1,7,4,1114,8,323
전라남도,장성군,북하면,소계,2175,1577,182,1333,6,1,9,14,1545,32,598
전라남도,장성군,,북하면투표소,2175,1577,182,1333,6,1,9,14,1545,32,598
전라남도,장성군,잘못 투입·구분된 투표지,,0,0,0,0,0,0,0,0,0,0,0
전라남도,곡성군,소계,,26346,20504,2255,17810,14,10,127,85,20301,203,5842
전라남도,곡성군,재외투표,,89,68,21,45,1,0,0,0,67,1,21
전라남도,곡성군,국내부재자투표,,1163,1054,133,902,1,2,4,1,1043,11,109
전라남도,곡성군,소계,,25094,19382,2101,16863,12,8,123,84,19191,191,5712
전라남도,곡성군,곡성읍,소계,6415,4943,607,4245,4,4,23,20,4903,40,1472
전라남도,곡성군,,곡성읍제1투,1506,1112,159,937,0,0,6,2,1104,8,394
전라남도,곡성군,,곡성읍제2투,1734,1366,187,1169,0,1,3,1,1361,5,368
전라남도,곡성군,,곡성읍제3투,1995,1559,188,1326,2,2,9,12,1539,20,436
전라남도,곡성군,,곡성읍제4투,1180,906,73,813,2,1,5,5,899,7,274
전라남도,곡성군,오곡면,소계,1863,1468,170,1276,0,0,7,5,1458,10,395
전라남도,곡성군,,오곡면투표소,1863,1468,170,1276,0,0,7,5,1458,10,395
전라남도,곡성군,삼기면,소계,1606,1232,145,1048,1,0,17,4,1215,17,374
전라남도,곡성군,,삼기면투표소,1606,1232,145,1048,1,0,17,4,1215,17,374
전라남도,곡성군,석곡면,소계,2270,1735,190,1507,0,1,10,10,1718,17,535
전라남도,곡성군,,석곡면투표소,2270,1735,190,1507,0,1,10,10,1718,17,535
전라남도,곡성군,목사동면,소계,1342,996,195,778,1,1,8,3,986,10,346
전라남도,곡성군,,목사동면투표소,1342,996,195,778,1,1,8,3,986,10,346
전라남도,곡성군,죽곡면,소계,1717,1325,135,1153,3,0,15,7,1313,12,392
전라남도,곡성군,,죽곡면투표소,1717,1325,135,1153,3,0,15,7,1313,12,392
전라남도,곡성군,고달면,소계,1163,911,87,799,1,0,10,5,902,9,252
전라남도,곡성군,,고달면투표소,1163,911,87,799,1,0,10,5,902,9,252
전라남도,곡성군,옥과면,소계,3335,2554,192,2319,1,1,10,11,2534,20,781
전라남도,곡성군,,옥과면제1투,2203,1698,121,1555,1,1,6,7,1691,7,505
전라남도,곡성군,,옥과면제2투,1132,856,71,764,0,0,4,4,843,13,276
전라남도,곡성군,입면,소계,2320,1866,147,1682,1,1,12,1,1844,22,454
전라남도,곡성군,,입면투표소,2320,1866,147,1682,1,1,12,1,1844,22,454
전라남도,곡성군,겸면,소계,1679,1301,124,1145,0,0,3,7,1279,22,378
전라남도,곡성군,,겸면투표소,1679,1301,124,1145,0,0,3,7,1279,22,378
전라남도,곡성군,오산면,소계,1384,1051,109,911,0,0,8,11,1039,12,333
전라남도,곡성군,,오산면투표소,1384,1051,109,911,0,0,8,11,1039,12,333
전라남도,구례군,소계,,22950,17833,2230,15328,13,11,59,47,17688,145,5117
전라남도,구례군,재외투표,,75,49,13,34,0,0,2,0,49,0,26
전라남도,구례군,국내부재자투표,,1032,956,122,814,4,2,2,0,944,12,76
전라남도,구례군,소계,,21843,16828,2095,14480,9,9,55,47,16695,133,5015
전라남도,구례군,구례읍,소계,8621,6631,837,5743,2,3,10,7,6602,29,1990
전라남도,구례군,,구례읍제1투,1095,888,118,767,0,0,0,0,885,3,207
전라남도,구례군,,구례읍제2투,1997,1530,160,1359,0,1,1,0,1521,9,467
전라남도,구례군,,구례읍제3투,2135,1628,212,1409,0,2,1,0,1624,4,507
전라남도,구례군,,구례읍제4투,1551,1206,158,1035,2,0,3,3,1201,5,345
전라남도,구례군,,구례읍제5투,1843,1379,189,1173,0,0,5,4,1371,8,464
전라남도,구례군,문척면,소계,1071,837,95,723,0,1,5,4,828,9,234
전라남도,구례군,,문척면투표소,1071,837,95,723,0,1,5,4,828,9,234
전라남도,구례군,간전면,소계,1403,1089,160,904,2,0,6,7,1079,10,314
전라남도,구례군,,간전면제1투,696,539,87,438,0,0,3,4,532,7,157
전라남도,구례군,,간전면제2투,374,296,29,262,1,0,0,2,294,2,78
전라남도,구례군,,간전면제3투,333,254,44,204,1,0,3,1,253,1,79
전라남도,구례군,토지면,소계,2202,1690,209,1440,1,1,14,8,1673,17,512
전라남도,구례군,,토지면제1투,1397,1081,120,930,1,1,11,5,1068,13,316
전라남도,구례군,,토지면제2투,391,299,54,237,0,0,2,3,296,3,92
전라남도,구례군,,토지면제3투,414,310,35,273,0,0,1,0,309,1,104
전라남도,구례군,마산면,소계,2387,1814,251,1541,0,1,3,3,1799,15,573
전라남도,구례군,,마산면투표소,2387,1814,251,1541,0,1,3,3,1799,15,573
전라남도,구례군,광의면,소계,2153,1673,189,1453,0,2,4,8,1656,17,480
전라남도,구례군,,광의면제1투,1226,954,115,820,0,0,3,6,944,10,272
전라남도,구례군,,광의면제2투,927,719,74,633,0,2,1,2,712,7,208
전라남도,구례군,용방면,소계,1308,1053,125,904,1,0,4,1,1035,18,255
전라남도,구례군,,용방면투표소,1308,1053,125,904,1,0,4,1,1035,18,255
전라남도,구례군,산동면,소계,2698,2041,229,1772,3,1,9,9,2023,18,657
전라남도,구례군,,산동면제1투,1378,1030,108,902,2,1,2,5,1020,10,348
전라남도,구례군,,산동면제2투,903,678,84,591,0,0,1,0,676,2,225
전라남도,구례군,,산동면제3투,417,333,37,279,1,0,6,4,327,6,84
전라남도,고흥군,소계,,62117,47363,5193,41139,29,31,284,171,46847,516,14754
전라남도,고흥군,재외투표,,204,133,46,86,0,1,0,0,133,0,71
전라남도,고흥군,국내부재자투표,,2495,2241,454,1736,1,3,4,5,2203,38,254
전라남도,고흥군,소계,,59418,44989,4693,39317,28,27,280,166,44511,478,14429
전라남도,고흥군,고흥읍,소계,9036,6836,763,5995,2,8,28,10,6806,30,2200
전라남도,고흥군,,고흥읍제1투,623,476,34,431,0,1,4,2,472,4,147
전라남도,고흥군,,고흥읍제2투,852,651,94,551,0,2,2,0,649,2,201
전라남도,고흥군,,고흥읍제3투,2456,1894,182,1695,0,2,5,4,1888,6,562
전라남도,고흥군,,고흥읍제4투,2602,1978,236,1721,2,0,9,4,1972,6,624
전라남도,고흥군,,고흥읍제5투,2503,1837,217,1597,0,3,8,0,1825,12,666
전라남도,고흥군,도양읍,소계,9230,6976,862,6030,6,1,19,11,6929,47,2254
전라남도,고흥군,,도양읍제1투,1929,1389,139,1242,1,0,0,3,1385,4,540
전라남도,고흥군,,도양읍제2투,2397,1800,167,1603,1,1,5,2,1779,21,597
전라남도,고흥군,,도양읍제3투,2922,2215,207,1994,2,0,2,1,2206,9,707
전라남도,고흥군,,도양읍제4투,501,379,21,345,1,0,6,1,374,5,122
전라남도,고흥군,,도양읍제5투,661,497,40,448,1,0,4,1,494,3,164
전라남도,고흥군,,도양읍제6투,100,79,9,67,0,0,2,0,78,1,21
전라남도,고흥군,,도양읍제7투,504,431,270,158,0,0,0,2,430,1,73
전라남도,고흥군,,도양읍제8투,216,186,9,173,0,0,0,1,183,3,30
전라남도,고흥군,풍양면,소계,3315,2595,236,2318,1,0,8,7,2570,25,720
전라남도,고흥군,,풍양면제1투,1242,953,99,841,1,0,2,3,946,7,289
전라남도,고흥군,,풍양면제2투,1003,785,76,690,0,0,4,4,774,11,218
전라남도,고흥군,,풍양면제3투,1070,857,61,787,0,0,2,0,850,7,213
전라남도,고흥군,도덕면,소계,2944,2323,183,2084,1,1,16,12,2297,26,621
전라남도,고흥군,,도덕면제1투,1843,1454,115,1305,1,0,10,7,1438,16,389
전라남도,고흥군,,도덕면제2투,1101,869,68,779,0,1,6,5,859,10,232
전라남도,고흥군,금산면,소계,4252,3227,264,2879,0,0,20,15,3178,49,1025
전라남도,고흥군,,금산면제1투,2473,1853,163,1642,0,0,9,9,1823,30,620
전라남도,고흥군,,금산면제2투,1779,1374,101,1237,0,0,11,6,1355,19,405
전라남도,고흥군,도화면,소계,3922,2923,296,2517,0,6,36,19,2874,49,999
전라남도,고흥군,,도화면제1투,587,455,44,390,0,1,7,4,446,9,132
전라남도,고흥군,,도화면제2투,1619,1183,99,1032,0,4,15,8,1158,25,436
전라남도,고흥군,,도화면제3투,1716,1285,153,1095,0,1,14,7,1270,15,431
전라남도,고흥군,포두면,소계,5046,3758,333,3338,1,2,25,10,3709,49,1288
전라남도,고흥군,,포두면제1투,546,387,51,331,0,0,1,2,385,2,159
전라남도,고흥군,,포두면제2투,871,613,53,542,0,0,4,2,601,12,258
전라남도,고흥군,,포두면제3투,2501,1893,149,1697,1,2,18,4,1871,22,608
전라남도,고흥군,,포두면제4투,1128,865,80,768,0,0,2,2,852,13,263
전라남도,고흥군,봉래면,소계,1932,1346,231,1081,2,0,15,8,1337,9,586
전라남도,고흥군,,봉래면제1투,1375,981,178,783,1,0,8,3,973,8,394
전라남도,고흥군,,봉래면제2투,557,365,53,298,1,0,7,5,364,1,192
전라남도,고흥군,동일면,소계,1446,1055,123,901,1,0,8,11,1044,11,391
전라남도,고흥군,,동일면투표소,1446,1055,123,901,1,0,8,11,1044,11,391
전라남도,고흥군,점암면,소계,2743,2094,252,1778,2,3,16,11,2062,32,649
전라남도,고흥군,,점암면제1투,1397,1057,131,899,1,2,6,4,1043,14,340
전라남도,고흥군,,점암면제2투,713,536,63,448,1,1,6,4,523,13,177
전라남도,고흥군,,점암면제3투,633,501,58,431,0,0,4,3,496,5,132
전라남도,고흥군,영남면,소계,1361,1057,100,921,1,1,8,14,1045,12,304
전라남도,고흥군,,영남면제1투,558,432,37,381,1,0,4,3,426,6,126
전라남도,고흥군,,영남면제2투,803,625,63,540,0,1,4,11,619,6,178
전라남도,고흥군,과역면,소계,3296,2490,285,2160,1,2,11,8,2467,23,806
전라남도,고흥군,,과역면제1투,2209,1698,191,1483,0,2,6,3,1685,13,511
전라남도,고흥군,,과역면제2투,1087,792,94,677,1,0,5,5,782,10,295
전라남도,고흥군,남양면,소계,2335,1742,187,1492,2,1,24,7,1713,29,593
전라남도,고흥군,,남양면제1투,1492,1120,135,952,1,0,14,3,1105,15,372
전라남도,고흥군,,남양면제2투,843,622,52,540,1,1,10,4,608,14,221
전라남도,고흥군,동강면,소계,3073,2373,219,2098,2,0,18,11,2348,25,700
전라남도,고흥군,,동강면제1투,1648,1284,112,1142,2,0,10,8,1274,10,364
전라남도,고흥군,,동강면제2투,1425,1089,107,956,0,0,8,3,1074,15,336
전라남도,고흥군,대서면,소계,2336,1789,130,1617,2,2,11,5,1767,22,547
전라남도,고흥군,,대서면제1투,1528,1178,97,1056,1,1,6,3,1164,14,350
전라남도,고흥군,,대서면제2투,808,611,33,561,1,1,5,2,603,8,197
전라남도,고흥군,두원면,소계,3151,2405,229,2108,4,0,17,7,2365,40,746
전라남도,고흥군,,두원면제1투,1789,1358,143,1178,2,0,7,5,1335,23,431
전라남도,고흥군,,두원면제2투,1362,1047,86,930,2,0,10,2,1030,17,315
전라남도,보성군,소계,,40159,30149,3470,26054,31,22,163,107,29847,302,10010
전라남도,보성군,재외투표,,169,109,38,71,0,0,0,0,109,0,60
전라남도,보성군,국내부재자투표,,1748,1596,204,1350,4,1,5,0,1564,32,152
전라남도,보성군,소계,,38242,28444,3228,24633,27,21,158,107,28174,270,9798
전라남도,보성군,보성읍,소계,7328,5499,706,4712,7,6,21,9,5461,38,1829
전라남도,보성군,,보성읍제1투,1321,917,134,767,2,1,1,0,905,12,404
전라남도,보성군,,보성읍제2투,1442,1121,192,923,0,1,1,1,1118,3,321
전라남도,보성군,,보성읍제3투,1874,1455,172,1270,2,1,6,0,1451,4,419
전라남도,보성군,,보성읍제4투,568,421,60,353,0,1,3,0,417,4,147
전라남도,보성군,,보성읍제5투,1239,919,86,805,1,2,6,6,906,13,320
전라남도,보성군,,보성읍제6투,884,666,62,594,2,0,4,2,664,2,218
전라남도,보성군,벌교읍,소계,11775,8523,909,7475,4,6,33,30,8457,66,3252
전라남도,보성군,,벌교읍제1투,1560,948,117,813,1,2,3,2,938,10,612
전라남도,보성군,,벌교읍제2투,1554,1166,132,1024,1,1,0,1,1159,7,388
전라남도,보성군,,벌교읍제3투,1549,1148,134,991,1,0,5,6,1137,11,401
전라남도,보성군,,벌교읍제4투,1344,954,104,824,0,0,9,6,943,11,390
전라남도,보성군,,벌교읍제5투,944,710,71,632,0,1,0,2,706,4,234
전라남도,보성군,,벌교읍제6투,1041,754,73,663,0,0,6,5,747,7,287
전라남도,보성군,,벌교읍제7투,528,388,35,346,0,1,3,0,385,3,140
전라남도,보성군,,벌교읍제8투,2033,1581,154,1418,1,0,1,2,1576,5,452
전라남도,보성군,,벌교읍제9투,841,610,75,522,0,1,3,4,605,5,231
전라남도,보성군,,벌교읍제10투,381,264,14,242,0,0,3,2,261,3,117
전라남도,보성군,노동면,소계,1046,819,99,688,1,1,14,6,809,10,227
전라남도,보성군,,노동면투표소,1046,819,99,688,1,1,14,6,809,10,227
전라남도,보성군,미력면,소계,1406,1103,122,952,3,1,4,6,1088,15,303
전라남도,보성군,,미력면투표소,1406,1103,122,952,3,1,4,6,1088,15,303
전라남도,보성군,겸백면,소계,1212,926,109,799,3,0,3,2,916,10,286
전라남도,보성군,,겸백면투표소,1212,926,109,799,3,0,3,2,916,10,286
전라남도,보성군,율어면,소계,1241,935,86,818,2,1,11,4,922,13,306
전라남도,보성군,,율어면투표소,1241,935,86,818,2,1,11,4,922,13,306
전라남도,보성군,복내면,소계,1642,1231,134,1064,1,1,12,6,1218,13,411
전라남도,보성군,,복내면투표소,1642,1231,134,1064,1,1,12,6,1218,13,411
전라남도,보성군,문덕면,소계,852,658,94,551,1,0,1,3,650,8,194
전라남도,보성군,,문덕면투표소,852,658,94,551,1,0,1,3,650,8,194
전라남도,보성군,조성면,소계,3717,2790,290,2444,1,1,19,11,2766,24,927
전라남도,보성군,,조성면제1투,1708,1300,134,1143,1,0,8,5,1291,9,408
전라남도,보성군,,조성면제2투,817,612,56,541,0,1,7,4,609,3,205
전라남도,보성군,,조성면제3투,1192,878,100,760,0,0,4,2,866,12,314
전라남도,보성군,득량면,소계,4001,2946,344,2530,2,3,13,18,2910,36,1055
전라남도,보성군,,득량면제1투,1345,999,112,863,1,2,5,6,989,10,346
전라남도,보성군,,득량면제2투,1720,1264,159,1078,1,0,5,8,1251,13,456
전라남도,보성군,,득량면제3투,936,683,73,589,0,1,3,4,670,13,253
전라남도,보성군,회천면,소계,2909,2134,266,1817,2,1,20,8,2114,20,775
전라남도,보성군,,회천면제1투,1046,724,118,597,0,0,6,1,722,2,322
전라남도,보성군,,회천면제2투,895,665,77,564,1,1,8,4,655,10,230
전라남도,보성군,,회천면제3투,968,745,71,656,1,0,6,3,737,8,223
전라남도,보성군,웅치면,소계,1113,880,69,783,0,0,7,4,863,17,233
전라남도,보성군,,웅치면투표소,1113,880,69,783,0,0,7,4,863,17,233
전라남도,화순군,소계,,54652,42352,3685,37716,64,30,241,118,41854,498,12300
전라남도,화순군,재외투표,,136,107,29,78,0,0,0,0,107,0,29
전라남도,화순군,국내부재자투표,,1904,1771,227,1492,3,2,4,4,1732,39,133
전라남도,화순군,소계,,52612,40474,3429,36146,61,28,237,114,40015,459,12138
전라남도,화순군,화순읍,소계,29773,23297,1888,21077,36,11,44,19,23075,222,6476
전라남도,화순군,,화순읍제1투,2178,1783,164,1608,0,0,1,2,1775,8,395
전라남도,화순군,,화순읍제2투,2588,2108,132,1954,2,1,4,1,2094,14,480
전라남도,화순군,,화순읍제3투,3279,2510,205,2271,1,2,4,3,2486,24,769
전라남도,화순군,,화순읍제4투,3412,2703,202,2459,6,1,4,2,2674,29,709
전라남도,화순군,,화순읍제5투,1691,1358,106,1236,1,0,1,0,1344,14,333
전라남도,화순군,,화순읍제6투,1009,748,53,686,3,0,0,2,744,4,261
전라남도,화순군,,화순읍제7투,708,559,19,509,1,1,7,1,538,21,149
전라남도,화순군,,화순읍제8투,261,195,18,169,2,0,3,0,192,3,66
전라남도,화순군,,화순읍제9투,1571,1097,105,974,6,0,2,1,1088,9,474
전라남도,화순군,,화순읍제10투,3634,2794,229,2527,5,1,5,2,2769,25,840
전라남도,화순군,,화순읍제11투,2724,2140,203,1905,3,1,4,1,2117,23,584
전라남도,화순군,,화순읍제12투,3989,3176,260,2887,5,3,4,0,3159,17,813
전라남도,화순군,,화순읍제13투,2729,2126,192,1892,1,1,5,4,2095,31,603
전라남도,화순군,한천면,소계,1363,1034,101,899,4,0,8,6,1018,16,329
전라남도,화순군,,한천면제1투,901,681,64,593,3,0,5,3,668,13,220
전라남도,화순군,,한천면제2투,462,353,37,306,1,0,3,3,350,3,109
전라남도,화순군,춘양면,소계,1923,1429,113,1261,4,2,20,11,1411,18,494
전라남도,화순군,,춘양면투표소,1923,1429,113,1261,4,2,20,11,1411,18,494
전라남도,화순군,청풍면,소계,1119,885,90,745,2,1,17,9,864,21,234
전라남도,화순군,,청풍면제1투,675,524,52,441,1,1,8,6,509,15,151
전라남도,화순군,,청풍면제2투,444,361,38,304,1,0,9,3,355,6,83
전라남도,화순군,이양면,소계,1889,1395,104,1238,1,2,20,11,1376,19,494
전라남도,화순군,,이양면제1투,1163,836,59,747,1,1,11,4,823,13,327
전라남도,화순군,,이양면제2투,726,559,45,491,0,1,9,7,553,6,167
전라남도,화순군,능주면,소계,2817,2107,208,1856,2,2,13,7,2088,19,710
전라남도,화순군,,능주면제1투,775,571,78,482,1,0,3,1,565,6,204
전라남도,화순군,,능주면제2투,1082,799,50,729,1,2,6,5,793,6,283
전라남도,화순군,,능주면제3투,960,737,80,645,0,0,4,1,730,7,223
전라남도,화순군,도곡면,소계,2635,2060,168,1836,2,2,21,5,2034,26,575
전라남도,화순군,,도곡면제1투,1220,941,70,835,2,1,16,4,928,13,279
전라남도,화순군,,도곡면제2투,1415,1119,98,1001,0,1,5,1,1106,13,296
전라남도,화순군,도암면,소계,1441,1090,124,936,1,1,14,5,1081,9,351
전라남도,화순군,,도암면제1투,1070,804,101,679,1,1,12,4,798,6,266
전라남도,화순군,,도암면제2투,371,286,23,257,0,0,2,1,283,3,85
전라남도,화순군,이서면,소계,908,706,51,637,0,0,5,3,696,10,202
전라남도,화순군,,이서면투표소,908,706,51,637,0,0,5,3,696,10,202
전라남도,화순군,북면,소계,1630,1229,80,1096,3,0,29,8,1216,13,401
전라남도,화순군,,북면투표소,1630,1229,80,1096,3,0,29,8,1216,13,401
전라남도,화순군,동복면,소계,1662,1215,119,1048,3,3,11,9,1193,22,447
전라남도,화순군,,동복면투표소,1662,1215,119,1048,3,3,11,9,1193,22,447
전라남도,화순군,남면,소계,2181,1643,157,1433,1,0,18,11,1620,23,538
전라남도,화순군,,남면제1투,1394,1039,101,905,1,0,9,9,1025,14,355
전라남도,화순군,,남면제2투,787,604,56,528,0,0,9,2,595,9,183
전라남도,화순군,동면,소계,3271,2384,226,2084,2,4,17,10,2343,41,887
전라남도,화순군,,동면제1투,1501,1100,108,969,1,2,3,4,1087,13,401
전라남도,화순군,,동면제2투,997,737,65,646,1,1,7,5,725,12,260
전라남도,화순군,,동면제3투,773,547,53,469,0,1,7,1,531,16,226
전라남도,화순군,잘못 투입·구분된 투표지,,0,0,0,0,0,0,0,0,0,0,0
전라남도,장흥군,소계,,35194,26817,2808,23468,21,18,175,82,26572,245,8377
전라남도,장흥군,재외투표,,145,99,32,64,0,0,2,0,98,1,46
전라남도,장흥군,국내부재자투표,,1829,1553,177,1339,2,0,3,5,1526,27,276
전라남도,장흥군,소계,,33220,25165,2599,22065,19,18,170,77,24948,217,8055
전라남도,장흥군,장흥읍,소계,11212,8506,924,7484,4,5,25,18,8460,46,2706
전라남도,장흥군,,장흥읍제1투,1953,1318,181,1125,1,2,3,0,1312,6,635
전라남도,장흥군,,장흥읍제2투,1380,1040,117,901,0,1,6,7,1032,8,340
전라남도,장흥군,,장흥읍제3투,2225,1721,161,1546,0,0,2,2,1711,10,504
전라남도,장흥군,,장흥읍제4투,2852,2270,239,2011,1,1,6,5,2263,7,582
전라남도,장흥군,,장흥읍제5투,2044,1575,162,1401,0,1,4,1,1569,6,469
전라남도,장흥군,,장흥읍제6투,758,582,64,500,2,0,4,3,573,9,176
전라남도,장흥군,관산읍,소계,5051,3734,322,3340,3,2,24,7,3698,36,1317
전라남도,장흥군,,관산읍제1투,2047,1517,129,1363,0,0,9,3,1504,13,530
전라남도,장흥군,,관산읍제2투,1553,1127,115,987,2,2,8,2,1116,11,426
전라남도,장흥군,,관산읍제3투,1451,1090,78,990,1,0,7,2,1078,12,361
전라남도,장흥군,대덕읍,소계,3418,2557,321,2163,1,1,22,12,2520,37,861
전라남도,장흥군,,대덕읍제1투,2787,2080,273,1747,1,1,16,11,2049,31,707
전라남도,장흥군,,대덕읍제2투,631,477,48,416,0,0,6,1,471,6,154
전라남도,장흥군,용산면,소계,2270,1732,164,1531,4,5,13,5,1722,10,538
전라남도,장흥군,,용산면투표소,2270,1732,164,1531,4,5,13,5,1722,10,538
전라남도,장흥군,안양면,소계,2704,2065,190,1827,1,3,17,6,2044,21,639
전라남도,장흥군,,안양면제1투,1476,1156,108,1023,1,2,8,3,1145,11,320
전라남도,장흥군,,안양면제2투,1228,909,82,804,0,1,9,3,899,10,319
전라남도,장흥군,장동면,소계,1265,988,97,865,0,0,12,5,979,9,277
전라남도,장흥군,,장동면투표소,1265,988,97,865,0,0,12,5,979,9,277
전라남도,장흥군,장평면,소계,2100,1611,135,1423,3,2,15,10,1588,23,489
전라남도,장흥군,,장평면제1투,1596,1201,109,1054,0,1,13,6,1183,18,395
전라남도,장흥군,,장평면제2투,504,410,26,369,3,1,2,4,405,5,94
전라남도,장흥군,유치면,소계,1074,810,134,660,0,0,7,2,803,7,264
전라남도,장흥군,,유치면투표소,1074,810,134,660,0,0,7,2,803,7,264
전라남도,장흥군,부산면,소계,1381,1062,82,956,1,0,11,6,1056,6,319
전라남도,장흥군,,부산면투표소,1381,1062,82,956,1,0,11,6,1056,6,319
전라남도,장흥군,회진면,소계,2745,2100,230,1816,2,0,24,6,2078,22,645
전라남도,장흥군,,회진면투표소,2745,2100,230,1816,2,0,24,6,2078,22,645
전라남도,강진군,소계,,33287,24779,3023,21316,25,16,108,60,24548,231,8508
전라남도,강진군,재외투표,,117,77,27,50,0,0,0,0,77,0,40
전라남도,강진군,국내부재자투표,,1583,1422,186,1202,0,1,2,4,1395,27,161
전라남도,강진군,소계,,31587,23280,2810,20064,25,15,106,56,23076,204,8307
전라남도,강진군,강진읍,소계,11094,8057,1024,6945,7,6,20,14,8016,41,3037
전라남도,강진군,,강진읍제1투,2355,1661,233,1416,2,1,0,0,1652,9,694
전라남도,강진군,,강진읍제2투,2494,1753,211,1522,0,1,7,1,1742,11,741
전라남도,강진군,,강진읍제3투,1647,1229,183,1039,0,1,2,1,1226,3,418
전라남도,강진군,,강진읍제4투,1036,776,87,673,2,1,4,4,771,5,260
전라남도,강진군,,강진읍제5투,1128,830,96,705,3,1,6,7,818,12,298
전라남도,강진군,,강진읍제6투,2434,1808,214,1590,0,1,1,1,1807,1,626
전라남도,강진군,군동면,소계,3547,2641,312,2268,4,3,14,9,2610,31,906
전라남도,강진군,,군동면제1투,1252,901,135,731,2,3,9,6,886,15,351
전라남도,강진군,,군동면제2투,1397,1064,108,944,1,0,1,1,1055,9,333
전라남도,강진군,,군동면제3투,898,676,69,593,1,0,4,2,669,7,222
전라남도,강진군,칠량면,소계,2368,1745,215,1495,2,1,11,1,1725,20,623
전라남도,강진군,,칠량면투표소,2368,1745,215,1495,2,1,11,1,1725,20,623
전라남도,강진군,대구면,소계,1211,903,122,752,2,0,13,1,890,13,308
전라남도,강진군,,대구면투표소,1211,903,122,752,2,0,13,1,890,13,308
전라남도,강진군,마량면,소계,1780,1312,144,1146,0,0,5,6,1301,11,468
전라남도,강진군,,마량면투표소,1780,1312,144,1146,0,0,5,6,1301,11,468
전라남도,강진군,도암면,소계,2640,1916,235,1634,3,0,12,8,1892,24,724
전라남도,강진군,,도암면제1투,1903,1357,177,1151,2,0,7,6,1343,14,546
전라남도,강진군,,도암면제2투,737,559,58,483,1,0,5,2,549,10,178
전라남도,강진군,신전면,소계,1793,1381,153,1198,1,0,7,7,1366,15,412
전라남도,강진군,,신전면제1투,1055,802,91,697,0,0,3,3,794,8,253
전라남도,강진군,,신전면제2투,738,579,62,501,1,0,4,4,572,7,159
전라남도,강진군,성전면,소계,2736,2046,212,1805,1,3,6,2,2029,17,690
전라남도,강진군,,성전면투표소,2736,2046,212,1805,1,3,6,2,2029,17,690
전라남도,강진군,작천면,소계,1957,1483,155,1299,1,1,9,5,1470,13,474
전라남도,강진군,,작천면투표소,1957,1483,155,1299,1,1,9,5,1470,13,474
전라남도,강진군,병영면,소계,1762,1278,178,1076,2,1,5,3,1265,13,484
전라남도,강진군,,병영면투표소,1762,1278,178,1076,2,1,5,3,1265,13,484
전라남도,강진군,옴천면,소계,699,518,60,446,2,0,4,0,512,6,181
전라남도,강진군,,옴천면투표소,699,518,60,446,2,0,4,0,512,6,181
전라남도,강진군,잘못 투입·구분된 투표지,,0,0,0,0,0,0,0,0,0,0,0
전라남도,완도군,소계,,45129,34116,3152,30236,9,26,213,108,33744,372,11013
전라남도,완도군,재외투표,,94,46,17,29,0,0,0,0,46,0,48
전라남도,완도군,국내부재자투표,,2361,2147,234,1849,2,3,14,2,2104,43,214
전라남도,완도군,소계,,42674,31923,2901,28358,7,23,199,106,31594,329,10751
전라남도,완도군,완도읍,소계,14309,10553,1078,9364,2,6,37,11,10498,55,3756
전라남도,완도군,,완도읍제1투,4026,3014,298,2700,0,0,6,2,3006,8,1012
전라남도,완도군,,완도읍제2투,2854,2042,217,1803,1,1,7,2,2031,11,812
전라남도,완도군,,완도읍제3투,1607,1128,114,998,0,1,6,2,1121,7,479
전라남도,완도군,,완도읍제4투,3235,2474,240,2216,1,2,5,0,2464,10,761
전라남도,완도군,,완도읍제5투,1254,908,112,786,0,0,2,2,902,6,346
전라남도,완도군,,완도읍제6투,1333,987,97,861,0,2,11,3,974,13,346
전라남도,완도군,금일읍,소계,3215,2341,140,2140,1,1,24,5,2311,30,874
전라남도,완도군,,금일읍제1투,834,586,40,528,1,1,4,2,576,10,248
전라남도,완도군,,금일읍제2투,1040,770,53,699,0,0,8,0,760,10,270
전라남도,완도군,,금일읍제3투,1341,985,47,913,0,0,12,3,975,10,356
전라남도,완도군,노화읍,소계,4650,3473,214,3179,0,2,24,16,3435,38,1177
전라남도,완도군,,노화읍제1투,2651,1980,126,1813,0,1,14,8,1962,18,671
전라남도,완도군,,노화읍제2투,1242,939,58,848,0,0,10,6,922,17,303
전라남도,완도군,,노화읍제3투,757,554,30,518,0,1,0,2,551,3,203
전라남도,완도군,군외면,소계,3029,2210,318,1847,1,1,14,5,2186,24,819
전라남도,완도군,,군외면제1투,1799,1291,201,1071,0,0,3,1,1276,15,508
전라남도,완도군,,군외면제2투,1230,919,117,776,1,1,11,4,910,9,311
전라남도,완도군,신지면,소계,3111,2378,177,2165,0,2,9,4,2357,21,733
전라남도,완도군,,신지면제1투,1657,1288,100,1172,0,2,5,2,1281,7,369
전라남도,완도군,,신지면제2투,1454,1090,77,993,0,0,4,2,1076,14,364
전라남도,완도군,고금면,소계,3836,2928,262,2596,1,2,20,7,2888,40,908
전라남도,완도군,,고금면제1투,2281,1740,155,1551,1,2,9,6,1724,16,541
전라남도,완도군,,고금면제2투,835,636,51,567,0,0,6,0,624,12,199
전라남도,완도군,,고금면제3투,720,552,56,478,0,0,5,1,540,12,168
전라남도,완도군,약산면,소계,2163,1689,153,1488,0,0,13,12,1666,23,474
전라남도,완도군,,약산면제1투,1435,1102,115,953,0,0,8,9,1085,17,333
전라남도,완도군,,약산면제2투,728,587,38,535,0,0,5,3,581,6,141
전라남도,완도군,청산면,소계,2147,1580,176,1343,1,2,16,13,1551,29,567
전라남도,완도군,,청산면제1투,1422,1031,105,890,1,1,10,7,1014,17,391
전라남도,완도군,,청산면제2투,519,402,59,325,0,1,3,4,392,10,117
전라남도,완도군,,청산면제3투,206,147,12,128,0,0,3,2,145,2,59
전라남도,완도군,소안면,소계,2223,1741,141,1547,1,0,11,9,1709,32,482
전라남도,완도군,,소안면제1투,1468,1148,84,1032,0,0,8,4,1128,20,320
전라남도,완도군,,소안면제2투,755,593,57,515,1,0,3,5,581,12,162
전라남도,완도군,금당면,소계,941,709,60,628,0,3,5,7,703,6,232
전라남도,완도군,,금당면투표소,941,709,60,628,0,3,5,7,703,6,232
전라남도,완도군,보길면,소계,2379,1828,136,1640,0,2,15,12,1805,23,551
전라남도,완도군,,보길면제1투,1137,874,58,785,0,0,10,9,862,12,263
전라남도,완도군,,보길면제2투,1242,954,78,855,0,2,5,3,943,11,288
전라남도,완도군,생일면,소계,671,493,46,421,0,2,11,5,485,8,178
전라남도,완도군,,생일면투표소,671,493,46,421,0,2,11,5,485,8,178
전라남도,해남군,소계,,65070,47639,4747,41882,55,45,240,130,47099,540,17431
전라남도,해남군,재외투표,,172,131,32,98,0,0,0,1,131,0,41
전라남도,해남군,국내부재자투표,,2997,2692,466,2016,25,13,16,18,2554,138,305
전라남도,해남군,소계,,61901,44816,4249,39768,30,32,224,111,44414,402,17085
전라남도,해남군,해남읍,소계,17227,12684,1246,11317,9,6,27,20,12625,59,4543
전라남도,해남군,,해남읍제1투,1551,1036,93,931,0,0,3,5,1032,4,515
전라남도,해남군,,해남읍제2투,1260,907,119,778,1,0,5,1,904,3,353
전라남도,해남군,,해남읍제3투,2253,1650,186,1452,1,0,3,0,1642,8,603
전라남도,해남군,,해남읍제4투,2950,2316,226,2072,1,2,3,1,2305,11,634
전라남도,해남군,,해남읍제5투,1349,986,78,903,0,0,1,2,984,2,363
전라남도,해남군,,해남읍제6투,1816,1337,117,1206,2,1,6,2,1334,3,479
전라남도,해남군,,해남읍제7투,1899,1336,132,1187,1,2,3,1,1326,10,563
전라남도,해남군,,해남읍제8투,3004,2278,204,2056,2,1,2,5,2270,8,726
전라남도,해남군,,해남읍제9투,1145,838,91,732,1,0,1,3,828,10,307
전라남도,해남군,삼산면,소계,2883,2064,213,1815,2,3,8,4,2045,19,819
전라남도,해남군,,삼산면제1투,1861,1325,151,1152,1,2,4,2,1312,13,536
전라남도,해남군,,삼산면제2투,1022,739,62,663,1,1,4,2,733,6,283
전라남도,해남군,화산면,소계,3370,2417,237,2128,1,2,16,9,2393,24,953
전라남도,해남군,,화산면제1투,1396,966,111,832,0,1,5,5,954,12,430
전라남도,해남군,,화산면제2투,917,677,59,604,1,0,6,2,672,5,240
전라남도,해남군,,화산면제3투,1057,774,67,692,0,1,5,2,767,7,283
전라남도,해남군,현산면,소계,3008,2162,211,1900,2,0,10,6,2129,33,846
전라남도,해남군,,현산면제1투,1060,739,88,635,0,0,3,2,728,11,321
전라남도,해남군,,현산면제2투,758,541,65,465,0,0,3,1,534,7,217
전라남도,해남군,,현산면제3투,1190,882,58,800,2,0,4,3,867,15,308
전라남도,해남군,송지면,소계,5847,4187,371,3718,2,3,28,12,4134,53,1660
전라남도,해남군,,송지면제1투,2294,1617,150,1418,2,2,14,4,1590,27,677
전라남도,해남군,,송지면제2투,1281,926,88,816,0,1,9,5,919,7,355
전라남도,해남군,,송지면제3투,1239,874,76,789,0,0,2,1,868,6,365
전라남도,해남군,,송지면제4투,1033,770,57,695,0,0,3,2,757,13,263
전라남도,해남군,북평면,소계,2774,2065,191,1827,3,4,14,3,2042,23,709
전라남도,해남군,,북평면제1투,1807,1316,131,1157,1,2,8,3,1302,14,491
전라남도,해남군,,북평면제2투,967,749,60,670,2,2,6,0,740,9,218
전라남도,해남군,북일면,소계,2047,1577,122,1426,2,0,7,6,1563,14,470
전라남도,해남군,,북일면제1투,1287,984,72,896,1,0,3,4,976,8,303
전라남도,해남군,,북일면제2투,760,593,50,530,1,0,4,2,587,6,167
전라남도,해남군,옥천면,소계,3027,2208,265,1893,0,3,17,7,2185,23,819
전라남도,해남군,,옥천면제1투,1922,1410,153,1237,0,1,6,4,1401,9,512
전라남도,해남군,,옥천면제2투,1105,798,112,656,0,2,11,3,784,14,307
전라남도,해남군,계곡면,소계,2258,1690,182,1469,2,0,13,9,1675,15,568
전라남도,해남군,,계곡면제1투,1217,900,97,782,1,0,6,7,893,7,317
전라남도,해남군,,계곡면제2투,1041,790,85,687,1,0,7,2,782,8,251
전라남도,해남군,마산면,소계,2440,1824,164,1626,1,1,13,4,1809,15,616
전라남도,해남군,,마산면제1투,1331,979,86,868,0,1,10,2,967,12,352
전라남도,해남군,,마산면제2투,1109,845,78,758,1,0,3,2,842,3,264
전라남도,해남군,황산면,소계,5127,3604,344,3197,0,2,19,4,3566,38,1523
전라남도,해남군,,황산면제1투,1817,1235,129,1092,0,0,2,0,1223,12,582
전라남도,해남군,,황산면제2투,1244,851,75,754,0,2,7,1,839,12,393
전라남도,해남군,,황산면제3투,823,611,54,542,0,0,7,1,604,7,212
전라남도,해남군,,황산면제4투,1243,907,86,809,0,0,3,2,900,7,336
전라남도,해남군,산이면,소계,4099,2831,208,2566,2,1,17,8,2802,29,1268
전라남도,해남군,,산이면제1투,1494,1042,81,948,1,1,1,2,1034,8,452
전라남도,해남군,,산이면제2투,1044,745,54,671,0,0,8,1,734,11,299
전라남도,해남군,,산이면제3투,1561,1044,73,947,1,0,8,5,1034,10,517
전라남도,해남군,문내면,소계,3956,2831,236,2528,3,2,17,8,2794,37,1125
전라남도,해남군,,문내면제1투,2047,1423,125,1269,2,0,8,3,1407,16,624
전라남도,해남군,,문내면제2투,931,689,62,610,0,0,5,2,679,10,242
전라남도,해남군,,문내면제3투,978,719,49,649,1,2,4,3,708,11,259
전라남도,해남군,화원면,소계,3838,2672,259,2358,1,5,18,11,2652,20,1166
전라남도,해남군,,화원면제1투,1791,1231,133,1075,1,2,7,5,1223,8,560
전라남도,해남군,,화원면제2투,874,615,52,546,0,3,7,1,609,6,259
전라남도,해남군,,화원면제3투,1173,826,74,737,0,0,4,5,820,6,347
전라남도,진도군,소계,,27978,20598,2073,18052,14,17,134,97,20387,211,7380
전라남도,진도군,재외투표,,126,85,35,49,0,0,0,1,85,0,41
전라남도,진도군,국내부재자투표,,1206,1073,132,925,0,1,1,1,1060,13,133
전라남도,진도군,소계,,26646,19440,1906,17078,14,16,133,95,19242,198,7206
전라남도,진도군,진도읍,소계,7815,5801,620,5107,6,2,22,11,5768,33,2014
전라남도,진도군,,진도읍제1투,2181,1567,155,1397,2,0,2,2,1558,9,614
전라남도,진도군,,진도읍제2투,1981,1521,175,1332,3,0,1,2,1513,8,460
전라남도,진도군,,진도읍제3투,2111,1609,173,1428,0,0,4,2,1607,2,502
전라남도,진도군,,진도읍제4투,1010,719,71,622,1,1,10,4,709,10,291
전라남도,진도군,,진도읍제5투,532,385,46,328,0,1,5,1,381,4,147
전라남도,진도군,군내면,소계,2855,2137,223,1861,2,1,18,8,2113,24,718
전라남도,진도군,,군내면제1투,944,706,73,612,1,0,5,4,695,11,238
전라남도,진도군,,군내면제2투,1076,801,108,677,0,1,6,2,794,7,275
전라남도,진도군,,군내면제3투,555,421,26,388,0,0,1,1,416,5,134
전라남도,진도군,,군내면제4투,280,209,16,184,1,0,6,1,208,1,71
전라남도,진도군,고군면,소계,3339,2475,209,2204,0,3,17,17,2450,25,864
전라남도,진도군,,고군면제1투,1249,908,69,817,0,0,7,4,897,11,341
전라남도,진도군,,고군면제2투,356,274,15,252,0,0,2,2,271,3,82
전라남도,진도군,,고군면제3투,738,553,54,487,0,1,4,4,550,3,185
전라남도,진도군,,고군면제4투,996,740,71,648,0,2,4,7,732,8,256
전라남도,진도군,의신면,소계,3393,2531,254,2219,2,2,21,10,2508,23,862
전라남도,진도군,,의신면제1투,1212,912,93,798,1,1,6,1,900,12,300
전라남도,진도군,,의신면제2투,363,277,35,234,0,0,4,1,274,3,86
전라남도,진도군,,의신면제3투,659,503,55,437,1,1,3,3,500,3,156
전라남도,진도군,,의신면제4투,628,455,41,405,0,0,3,4,453,2,173
전라남도,진도군,,의신면제5투,531,384,30,345,0,0,5,1,381,3,147
전라남도,진도군,임회면,소계,3299,2429,215,2159,1,3,14,13,2405,24,870
전라남도,진도군,,임회면제1투,1191,865,81,772,0,1,5,3,862,3,326
전라남도,진도군,,임회면제2투,892,679,63,588,0,2,7,8,668,11,213
전라남도,진도군,,임회면제3투,314,243,15,226,1,0,1,0,243,0,71
전라남도,진도군,,임회면제4투,410,288,36,248,0,0,0,2,286,2,122
전라남도,진도군,,임회면제5투,492,354,20,325,0,0,1,0,346,8,138
전라남도,진도군,지산면,소계,3231,2368,219,2070,1,0,21,18,2329,39,863
전라남도,진도군,,지산면제1투,1049,756,78,654,0,0,5,5,742,14,293
전라남도,진도군,,지산면제2투,1040,775,66,683,1,0,3,5,758,17,265
전라남도,진도군,,지산면제3투,775,570,57,488,0,0,11,7,563,7,205
전라남도,진도군,,지산면제4투,367,267,18,245,0,0,2,1,266,1,100
전라남도,진도군,조도면,소계,2714,1699,166,1458,2,5,20,18,1669,30,1015
전라남도,진도군,,조도면제1투,1224,777,79,670,0,2,6,5,762,15,447
전라남도,진도군,,조도면제2투,393,252,18,222,1,1,4,3,249,3,141
전라남도,진도군,,조도면제3투,135,74,9,59,0,0,2,3,73,1,61
전라남도,진도군,,조도면제4투,95,67,9,52,1,1,2,0,65,2,28
전라남도,진도군,,조도면제5투,225,152,17,129,0,1,1,2,150,2,73
전라남도,진도군,,조도면제6투,136,77,9,63,0,0,1,2,75,2,59
전라남도,진도군,,조도면제7투,155,74,11,61,0,0,1,0,73,1,81
전라남도,진도군,,조도면제8투,62,33,8,22,0,0,0,1,31,2,29
전라남도,진도군,,조도면제9투,289,193,6,180,0,0,3,2,191,2,96
전라남도,영암군,소계,,48344,36081,3965,31577,28,24,107,86,35787,294,12263
전라남도,영암군,재외투표,,148,95,32,63,0,0,0,0,95,0,53
전라남도,영암군,국내부재자투표,,1907,1765,266,1416,8,6,5,10,1711,54,142
전라남도,영암군,소계,,46289,34221,3667,30098,20,18,102,76,33981,240,12068
전라남도,영암군,영암읍,소계,6658,4940,628,4259,3,1,14,6,4911,29,1718
전라남도,영암군,,영암읍제1투,1660,1175,146,1019,0,0,3,2,1170,5,485
전라남도,영암군,,영암읍제2투,1397,1061,141,908,1,0,5,1,1056,5,336
전라남도,영암군,,영암읍제3투,1579,1207,131,1066,0,0,2,2,1201,6,372
전라남도,영암군,,영암읍제4투,2022,1497,210,1266,2,1,4,1,1484,13,525
전라남도,영암군,삼호읍,소계,15737,11387,1208,10099,0,6,19,11,11343,44,4350
전라남도,영암군,,삼호읍제1투,4721,3299,322,2960,0,0,3,1,3286,13,1422
전라남도,영암군,,삼호읍제2투,3439,2367,255,2097,0,1,2,1,2356,11,1072
전라남도,영암군,,삼호읍제3투,1300,959,89,853,0,0,6,4,952,7,341
전라남도,영암군,,삼호읍제4투,1333,928,115,803,0,0,4,1,923,5,405
전라남도,영암군,,삼호읍제5투,2663,2079,193,1874,0,3,2,3,2075,4,584
전라남도,영암군,,삼호읍제6투,2281,1755,234,1512,0,2,2,1,1751,4,526
전라남도,영암군,덕진면,소계,1786,1377,169,1180,2,3,8,3,1365,12,409
전라남도,영암군,,덕진면제1투,1025,768,88,663,0,1,4,3,759,9,257
전라남도,영암군,,덕진면제2투,761,609,81,517,2,2,4,0,606,3,152
전라남도,영암군,금정면,소계,1949,1480,157,1279,3,1,13,11,1464,16,469
전라남도,영암군,,금정면투표소,1949,1480,157,1279,3,1,13,11,1464,16,469
전라남도,영암군,신북면,소계,3812,2883,236,2604,1,4,11,9,2865,18,929
전라남도,영암군,,신북면제1투,1831,1375,114,1246,0,1,4,2,1367,8,456
전라남도,영암군,,신북면제2투,1056,812,73,726,0,2,4,2,807,5,244
전라남도,영암군,,신북면제3투,925,696,49,632,1,1,3,5,691,5,229
전라남도,영암군,시종면,소계,3830,2716,214,2449,1,0,7,11,2682,34,1114
전라남도,영암군,,시종면제1투,2359,1638,119,1494,0,0,2,7,1622,16,721
전라남도,영암군,,시종면제2투,1471,1078,95,955,1,0,5,4,1060,18,393
전라남도,영암군,도포면,소계,2301,1735,170,1527,4,1,11,5,1718,17,566
전라남도,영암군,,도포면제1투,1180,885,88,769,3,1,6,3,870,15,295
전라남도,영암군,,도포면제2투,1121,850,82,758,1,0,5,2,848,2,271
전라남도,영암군,군서면,소계,3101,2397,258,2104,5,1,4,4,2376,21,704
전라남도,영암군,,군서면제1투,1200,885,97,772,1,1,3,3,877,8,315
전라남도,영암군,,군서면제2투,1272,1022,125,888,2,0,1,1,1017,5,250
전라남도,영암군,,군서면제3투,629,490,36,444,2,0,0,0,482,8,139
전라남도,영암군,서호면,소계,1939,1444,207,1209,1,0,5,7,1429,15,495
전라남도,영암군,,서호면투표소,1939,1444,207,1209,1,0,5,7,1429,15,495
전라남도,영암군,학산면,소계,2928,2159,254,1874,0,1,5,7,2141,18,769
전라남도,영암군,,학산면제1투,1468,1042,127,903,0,0,3,2,1035,7,426
전라남도,영암군,,학산면제2투,1035,788,103,676,0,1,0,3,783,5,247
전라남도,영암군,,학산면제3투,425,329,24,295,0,0,2,2,323,6,96
전라남도,영암군,미암면,소계,2248,1703,166,1514,0,0,5,2,1687,16,545
전라남도,영암군,,미암면제1투,1520,1153,120,1022,0,0,3,0,1145,8,367
전라남도,영암군,,미암면제2투,728,550,46,492,0,0,2,2,542,8,178
전라남도,무안군,소계,,60244,46788,4230,41849,42,58,167,123,46469,319,13456
전라남도,무안군,재외투표,,187,137,27,110,0,0,0,0,137,0,50
전라남도,무안군,국내부재자투표,,3185,2902,478,2229,28,26,9,21,2791,111,283
전라남도,무안군,소계,,56872,43749,3725,39510,14,32,158,102,43541,208,13123
전라남도,무안군,무안읍,소계,8510,6537,575,5898,2,5,21,9,6510,27,1973
전라남도,무안군,,무안읍제1투,2699,2000,188,1781,2,1,12,4,1988,12,699
전라남도,무안군,,무안읍제2투,3064,2359,216,2129,0,2,4,1,2352,7,705
전라남도,무안군,,무안읍제3투,635,503,37,460,0,0,2,2,501,2,132
전라남도,무안군,,무안읍제4투,2112,1675,134,1528,0,2,3,2,1669,6,437
전라남도,무안군,일로읍,소계,6459,4834,342,4428,2,9,21,10,4812,22,1625
전라남도,무안군,,일로읍제1투,1109,796,56,728,1,0,3,4,792,4,313
전라남도,무안군,,일로읍제2투,757,593,44,540,0,1,4,1,590,3,164
전라남도,무안군,,일로읍제3투,1929,1399,112,1280,0,1,2,1,1396,3,530
전라남도,무안군,,일로읍제4투,510,408,20,380,1,2,3,0,406,2,102
전라남도,무안군,,일로읍제5투,1313,1001,53,928,0,4,4,4,993,8,312
전라남도,무안군,,일로읍제6투,841,637,57,572,0,1,5,0,635,2,204
전라남도,무안군,삼향읍,소계,17435,13988,1065,12840,2,5,20,14,13946,42,3447
전라남도,무안군,,삼향읍제1투,948,726,65,658,0,0,2,1,726,0,222
전라남도,무안군,,삼향읍제2투,1498,1182,103,1064,0,0,6,5,1178,4,316
전라남도,무안군,,삼향읍제3투,1450,1071,102,957,0,0,4,2,1065,6,379
전라남도,무안군,,삼향읍제4투,1108,842,71,760,1,0,3,0,835,7,266
전라남도,무안군,,삼향읍제5투,2398,2039,140,1890,0,3,1,1,2035,4,359
전라남도,무안군,,삼향읍제6투,2669,2070,121,1936,1,0,0,2,2060,10,599
전라남도,무안군,,삼향읍제7투,2040,1570,100,1466,0,0,1,0,1567,3,470
전라남도,무안군,,삼향읍제8투,2810,2346,203,2134,0,1,1,3,2342,4,464
전라남도,무안군,,삼향읍제9투,2514,2142,160,1975,0,1,2,0,2138,4,372
전라남도,무안군,몽탄면,소계,3287,2527,208,2273,0,2,15,11,2509,18,760
전라남도,무안군,,몽탄면제1투,997,752,72,663,0,1,5,6,747,5,245
전라남도,무안군,,몽탄면제2투,736,564,53,504,0,0,2,2,561,3,172
전라남도,무안군,,몽탄면제3투,886,680,46,625,0,0,4,2,677,3,206
전라남도,무안군,,몽탄면제4투,668,531,37,481,0,1,4,1,524,7,137
전라남도,무안군,청계면,소계,6005,4571,340,4173,2,1,16,9,4541,30,1434
전라남도,무안군,,청계면제1투,846,631,44,574,0,1,5,2,626,5,215
전라남도,무안군,,청계면제2투,1919,1394,111,1270,1,0,2,3,1387,7,525
전라남도,무안군,,청계면제3투,1126,907,69,830,0,0,2,0,901,6,219
전라남도,무안군,,청계면제4투,908,698,37,651,0,0,6,1,695,3,210
전라남도,무안군,,청계면제5투,1206,941,79,848,1,0,1,3,932,9,265
전라남도,무안군,현경면,소계,4869,3633,374,3200,3,3,18,13,3611,22,1236
전라남도,무안군,,현경면제1투,535,396,56,330,1,1,4,2,394,2,139
전라남도,무안군,,현경면제2투,1583,1169,109,1044,1,2,2,3,1161,8,414
전라남도,무안군,,현경면제3투,953,711,60,642,0,0,1,2,705,6,242
전라남도,무안군,,현경면제4투,955,736,88,636,1,0,6,2,733,3,219
전라남도,무안군,,현경면제5투,843,621,61,548,0,0,5,4,618,3,222
전라남도,무안군,망운면,소계,2077,1567,183,1358,1,2,13,4,1561,6,510
전라남도,무안군,,망운면제1투,1499,1130,137,977,1,2,8,1,1126,4,369
전라남도,무안군,,망운면제2투,578,437,46,381,0,0,5,3,435,2,141
전라남도,무안군,해제면,소계,5178,3862,406,3386,1,4,23,17,3837,25,1316
전라남도,무안군,,해제면제1투,1357,1011,83,902,1,4,9,6,1005,6,346
전라남도,무안군,,해제면제2투,1838,1402,166,1223,0,0,3,2,1394,8,436
전라남도,무안군,,해제면제3투,815,603,51,541,0,0,6,2,600,3,212
전라남도,무안군,,해제면제4투,1168,846,106,720,0,0,5,7,838,8,322
전라남도,무안군,운남면,소계,3052,2230,232,1954,1,1,11,15,2214,16,822
전라남도,무안군,,운남면제1투,899,638,54,569,0,1,4,5,633,5,261
전라남도,무안군,,운남면제2투,1612,1204,139,1046,1,0,3,8,1197,7,408
전라남도,무안군,,운남면제3투,541,388,39,339,0,0,4,2,384,4,153
전라남도,영광군,소계,,47115,35294,3768,30835,23,23,297,120,35066,228,11821
전라남도,영광군,재외투표,,104,61,9,52,0,0,0,0,61,0,43
전라남도,영광군,국내부재자투표,,2405,2163,241,1881,4,2,5,3,2136,27,242
전라남도,영광군,소계,,44606,33070,3518,28902,19,21,292,117,32869,201,11536
전라남도,영광군,영광읍,소계,15688,11506,1278,10120,4,3,33,27,11465,41,4182
전라남도,영광군,,영광읍제1투,1900,1309,158,1136,1,0,6,4,1305,4,591
전라남도,영광군,,영광읍제2투,2441,1806,215,1582,0,1,2,2,1802,4,635
전라남도,영광군,,영광읍제3투,2388,1731,197,1521,1,0,1,3,1723,8,657
전라남도,영광군,,영광읍제4투,3126,2331,271,2039,2,1,2,5,2320,11,795
전라남도,영광군,,영광읍제5투,934,650,71,565,0,0,9,1,646,4,284
전라남도,영광군,,영광읍제6투,393,295,23,263,0,0,5,2,293,2,98
전라남도,영광군,,영광읍제7투,629,447,64,377,0,1,2,0,444,3,182
전라남도,영광군,,영광읍제8투,2571,1995,186,1796,0,0,3,7,1992,3,576
전라남도,영광군,,영광읍제9투,1306,942,93,841,0,0,3,3,940,2,364
전라남도,영광군,백수읍,소계,4580,3403,378,2933,2,6,37,16,3372,31,1177
전라남도,영광군,,백수읍제1투,924,653,83,561,2,0,5,0,651,2,271
전라남도,영광군,,백수읍제2투,1515,1102,96,977,0,1,17,7,1098,4,413
전라남도,영광군,,백수읍제3투,1200,901,113,753,0,3,11,7,887,14,299
전라남도,영광군,,백수읍제4투,941,747,86,642,0,2,4,2,736,11,194
전라남도,영광군,홍농읍,소계,5582,4235,371,3781,2,3,42,13,4212,23,1347
전라남도,영광군,,홍농읍제1투,1517,1094,105,970,0,1,11,2,1089,5,423
전라남도,영광군,,홍농읍제2투,552,416,49,361,0,2,1,2,415,1,136
전라남도,영광군,,홍농읍제3투,647,517,46,451,0,0,14,3,514,3,130
전라남도,영광군,,홍농읍제4투,972,686,58,615,2,0,4,1,680,6,286
전라남도,영광군,,홍농읍제5투,1894,1522,113,1384,0,0,12,5,1514,8,372
전라남도,영광군,대마면,소계,1567,1194,109,1051,2,1,11,9,1183,11,373
전라남도,영광군,,대마면제1투,1071,807,77,709,2,1,8,4,801,6,264
전라남도,영광군,,대마면제2투,496,387,32,342,0,0,3,5,382,5,109
전라남도,영광군,묘량면,소계,1680,1315,158,1118,0,0,22,5,1303,12,365
전라남도,영광군,,묘량면제1투,1026,820,104,696,0,0,10,2,812,8,206
전라남도,영광군,,묘량면제2투,654,495,54,422,0,0,12,3,491,4,159
전라남도,영광군,불갑면,소계,1225,984,96,857,0,1,15,5,974,10,241
전라남도,영광군,,불갑면제1투,818,647,65,561,0,0,10,3,639,8,171
전라남도,영광군,,불갑면제2투,407,337,31,296,0,1,5,2,335,2,70
전라남도,영광군,군서면,소계,2130,1654,160,1458,2,1,17,6,1644,10,476
전라남도,영광군,,군서면제1투,1106,866,80,765,1,1,7,4,858,8,240
전라남도,영광군,,군서면제2투,1024,788,80,693,1,0,10,2,786,2,236
전라남도,영광군,군남면,소계,2420,1870,198,1612,1,1,28,12,1852,18,550
전라남도,영광군,,군남면제1투,1151,858,77,757,0,0,11,6,851,7,293
전라남도,영광군,,군남면제2투,488,386,42,333,0,1,4,2,382,4,102
전라남도,영광군,,군남면제3투,781,626,79,522,1,0,13,4,619,7,155
전라남도,영광군,염산면,소계,4044,2947,325,2544,3,2,37,11,2922,25,1097
전라남도,영광군,,염산면제1투,1687,1222,136,1054,3,2,11,5,1211,11,465
전라남도,영광군,,염산면제2투,882,626,56,553,0,0,10,3,622,4,256
전라남도,영광군,,염산면제3투,694,507,63,426,0,0,11,2,502,5,187
전라남도,영광군,,염산면제4투,781,592,70,511,0,0,5,1,587,5,189
전라남도,영광군,법성면,소계,5187,3704,395,3232,2,3,43,11,3686,18,1483
전라남도,영광군,,법성면제1투,2369,1641,169,1445,1,2,13,2,1632,9,728
전라남도,영광군,,법성면제2투,724,510,56,448,0,0,3,1,508,2,214
전라남도,영광군,,법성면제3투,633,472,50,414,0,0,3,3,470,2,161
전라남도,영광군,,법성면제4투,902,648,75,555,0,1,12,2,645,3,254
전라남도,영광군,,법성면제5투,559,433,45,370,1,0,12,3,431,2,126
전라남도,영광군,낙월면,소계,503,258,50,196,1,0,7,2,256,2,245
전라남도,영광군,,낙월면제1투,254,110,27,81,0,0,1,0,109,1,144
전라남도,영광군,,낙월면제2투,83,56,2,53,0,0,0,1,56,0,27
전라남도,영광군,,낙월면제3투,166,92,21,62,1,0,6,1,91,1,74
전라남도,함평군,소계,,30688,23428,1958,20984,19,21,145,88,23215,213,7260
전라남도,함평군,재외투표,,99,77,26,50,0,0,0,0,76,1,22
전라남도,함평군,국내부재자투표,,1280,1164,146,975,3,1,9,5,1139,25,116
전라남도,함평군,소계,,29309,22187,1786,19959,16,20,136,83,22000,187,7122
전라남도,함평군,함평읍,소계,7041,5303,517,4705,2,3,23,14,5264,39,1738
전라남도,함평군,,함평읍제1투,1379,1006,121,872,0,1,3,1,998,8,373
전라남도,함평군,,함평읍제2투,1469,1082,120,936,2,1,7,8,1074,8,387
전라남도,함평군,,함평읍제3투,753,552,45,488,0,1,9,1,544,8,201
전라남도,함평군,,함평읍제4투,2386,1891,169,1710,0,0,0,2,1881,10,495
전라남도,함평군,,함평읍제5투,1054,772,62,699,0,0,4,2,767,5,282
전라남도,함평군,손불면,소계,3346,2462,160,2251,3,5,17,10,2446,16,884
전라남도,함평군,,손불면제1투,2122,1565,104,1436,3,3,5,5,1556,9,557
전라남도,함평군,,손불면제2투,1224,897,56,815,0,2,12,5,890,7,327
전라남도,함평군,신광면,소계,1737,1297,98,1165,0,1,14,6,1284,13,440
전라남도,함평군,,신광면제1투,1349,992,74,889,0,1,11,4,979,13,357
전라남도,함평군,,신광면제2투,388,305,24,276,0,0,3,2,305,0,83
전라남도,함평군,학교면,소계,3745,2762,240,2461,2,0,18,15,2736,26,983
전라남도,함평군,,학교면제1투,1105,769,62,686,1,0,7,5,761,8,336
전라남도,함평군,,학교면제2투,557,433,51,373,0,0,0,1,425,8,124
전라남도,함평군,,학교면제3투,314,238,21,205,1,0,3,5,235,3,76
전라남도,함평군,,학교면제4투,1769,1322,106,1197,0,0,8,4,1315,7,447
전라남도,함평군,엄다면,소계,1871,1492,131,1333,1,3,5,6,1479,13,379
전라남도,함평군,,엄다면투표소,1871,1492,131,1333,1,3,5,6,1479,13,379
전라남도,함평군,대동면,소계,2617,2011,170,1798,3,1,15,12,1999,12,606
전라남도,함평군,,대동면제1투,1602,1207,99,1088,2,0,8,6,1203,4,395
전라남도,함평군,,대동면제2투,1015,804,71,710,1,1,7,6,796,8,211
전라남도,함평군,나산면,소계,2688,2014,167,1798,2,5,17,5,1994,20,674
전라남도,함평군,,나산면제1투,2090,1545,141,1363,2,4,14,3,1527,18,545
전라남도,함평군,,나산면제2투,598,469,26,435,0,1,3,2,467,2,129
전라남도,함평군,해보면,소계,2641,2037,127,1876,1,0,11,4,2019,18,604
전라남도,함평군,,해보면제1투,1408,1065,70,977,0,0,8,2,1057,8,343
전라남도,함평군,,해보면제2투,1233,972,57,899,1,0,3,2,962,10,261
전라남도,함평군,월야면,소계,3623,2809,176,2572,2,2,16,11,2779,30,814
전라남도,함평군,,월야면제1투,1782,1348,76,1249,1,2,8,2,1338,10,434
전라남도,함평군,,월야면제2투,565,450,32,400,1,0,4,5,442,8,115
전라남도,함평군,,월야면제3투,1276,1011,68,923,0,0,4,4,999,12,265
전라남도,신안군,소계,,38661,26961,2950,23345,28,41,197,105,26666,295,11700
전라남도,신안군,재외투표,,112,78,23,53,0,2,0,0,78,0,34
전라남도,신안군,국내부재자투표,,2417,2129,212,1881,2,4,1,3,2103,26,288
전라남도,신안군,소계,,36132,24754,2715,21411,26,35,196,102,24485,269,11378
전라남도,신안군,지도읍,소계,4224,3014,265,2671,3,2,27,12,2980,34,1210
전라남도,신안군,,지도읍제1투,2319,1641,143,1463,2,1,11,5,1625,16,678
전라남도,신안군,,지도읍제2투,116,77,8,68,0,0,0,0,76,1,39
전라남도,신안군,,지도읍제3투,761,560,42,500,1,1,8,1,553,7,201
전라남도,신안군,,지도읍제4투,786,572,50,503,0,0,7,4,564,8,214
전라남도,신안군,,지도읍제5투,242,164,22,137,0,0,1,2,162,2,78
전라남도,신안군,압해읍,소계,5524,4061,466,3529,7,4,15,11,4032,29,1463
전라남도,신안군,,압해읍제1투,1447,1039,132,888,3,1,6,2,1032,7,408
전라남도,신안군,,압해읍제2투,917,698,107,583,1,0,3,2,696,2,219
전라남도,신안군,,압해읍제3투,1279,964,99,851,1,1,4,3,959,5,315
전라남도,신안군,,압해읍제4투,1400,1055,102,936,1,2,2,4,1047,8,345
전라남도,신안군,,압해읍제5투,232,155,16,137,0,0,0,0,153,2,77
전라남도,신안군,,압해읍제6투,249,150,10,134,1,0,0,0,145,5,99
전라남도,신안군,증도면,소계,1753,1198,117,1056,1,2,9,6,1191,7,555
전라남도,신안군,,증도면제1투,756,489,54,425,1,1,3,3,487,2,267
전라남도,신안군,,증도면제2투,677,501,46,443,0,1,4,3,497,4,176
전라남도,신안군,,증도면제3투,320,208,17,188,0,0,2,0,207,1,112
전라남도,신안군,임자면,소계,2864,1953,160,1743,1,3,14,10,1931,22,911
전라남도,신안군,,임자면제1투,1868,1317,107,1184,1,2,6,6,1306,11,551
전라남도,신안군,,임자면제2투,503,336,38,284,0,1,3,2,328,8,167
전라남도,신안군,,임자면제3투,137,64,1,61,0,0,0,2,64,0,73
전라남도,신안군,,임자면제4투,356,236,14,214,0,0,5,0,233,3,120
전라남도,신안군,자은면,소계,2051,1408,125,1257,1,1,7,1,1392,16,643
전라남도,신안군,,자은면제1투,1503,1011,105,888,0,1,4,1,999,12,492
전라남도,신안군,,자은면제2투,548,397,20,369,1,0,3,0,393,4,151
전라남도,신안군,비금면,소계,3225,2266,217,1996,1,4,18,10,2246,20,959
전라남도,신안군,,비금면제1투,1529,1064,100,941,1,1,8,4,1055,9,465
전라남도,신안군,,비금면제2투,812,598,57,526,0,2,7,3,595,3,214
전라남도,신안군,,비금면제3투,767,529,56,460,0,1,3,1,521,8,238
전라남도,신안군,,비금면제4투,117,75,4,69,0,0,0,2,75,0,42
전라남도,신안군,도초면,소계,2472,1700,196,1455,2,3,8,6,1670,30,772
전라남도,신안군,,도초면제1투,1561,1099,119,946,0,2,5,4,1076,23,462
전라남도,신안군,,도초면제2투,728,503,57,432,2,1,3,2,497,6,225
전라남도,신안군,,도초면제3투,183,98,20,77,0,0,0,0,97,1,85
전라남도,신안군,흑산면,소계,3494,1971,234,1683,0,5,17,9,1948,23,1523
전라남도,신안군,,흑산면제1투,1575,911,141,750,0,2,5,4,902,9,664
전라남도,신안군,,흑산면제2투,216,142,11,121,0,2,6,0,140,2,74
전라남도,신안군,,흑산면제3투,333,178,16,159,0,1,0,0,176,2,155
전라남도,신안군,,흑산면제4투,234,148,11,131,0,0,2,2,146,2,86
전라남도,신안군,,흑산면제5투,389,224,12,209,0,0,1,0,222,2,165
전라남도,신안군,,흑산면제6투,196,69,1,67,0,0,1,0,69,0,127
전라남도,신안군,,흑산면제7투,414,229,31,190,0,0,1,3,225,4,185
전라남도,신안군,,흑산면제8투,66,35,8,26,0,0,1,0,35,0,31
전라남도,신안군,,흑산면제9투,71,35,3,30,0,0,0,0,33,2,36
전라남도,신안군,하의면,소계,1662,1071,91,942,3,2,17,4,1059,12,591
전라남도,신안군,,하의면제1투,869,559,49,490,1,1,8,2,551,8,310
전라남도,신안군,,하의면제2투,690,442,39,388,1,0,9,2,439,3,248
전라남도,신안군,,하의면제3투,103,70,3,64,1,1,0,0,69,1,33
전라남도,신안군,신의면,소계,1487,982,152,809,1,1,5,4,972,10,505
전라남도,신안군,,신의면투표소,1487,982,152,809,1,1,5,4,972,10,505
전라남도,신안군,장산면,소계,1490,1032,163,832,1,3,12,6,1017,15,458
전라남도,신안군,,장산면제1투,906,644,80,537,0,3,10,5,635,9,262
전라남도,신안군,,장산면제2투,584,388,83,295,1,0,2,1,382,6,196
전라남도,신안군,안좌면,소계,2975,2027,313,1642,2,2,30,11,2000,27,948
전라남도,신안군,,안좌면제1투,1437,975,141,801,1,2,11,5,961,14,462
전라남도,신안군,,안좌면제2투,280,185,11,171,0,0,0,1,183,2,95
전라남도,신안군,,안좌면제3투,754,536,102,414,1,0,12,3,532,4,218
전라남도,신안군,,안좌면제4투,504,331,59,256,0,0,7,2,324,7,173
전라남도,신안군,팔금면,소계,1046,757,85,642,3,2,8,3,743,14,289
전라남도,신안군,,팔금면투표소,1046,757,85,642,3,2,8,3,743,14,289
전라남도,신안군,암태면,소계,1865,1314,131,1154,0,1,9,9,1304,10,551
전라남도,신안군,,암태면제1투,1300,913,98,793,0,1,7,6,905,8,387
전라남도,신안군,,암태면제2투,409,288,25,257,0,0,2,3,287,1,121
전라남도,신안군,,암태면제3투,156,113,8,104,0,0,0,0,112,1,43
경상북도,합계,,,2185987,1710122,1375164,316659,810,873,2119,5886,1701511,8611,475865
경상북도,포항시북구,소계,,211828,166166,131547,33470,48,54,177,302,165598,568,45662
경상북도,포항시북구,재외투표,,745,497,243,249,1,1,0,1,495,2,248
경상북도,포항시북구,국내부재자투표,,8170,7371,4642,2538,6,7,12,18,7223,148,799
경상북도,포항시북구,소계,,202913,158298,126662,30683,41,46,165,283,157880,418,44615
경상북도,포항시북구,흥해읍,소계,27428,21244,17629,3443,9,4,30,57,21172,72,6184
경상북도,포항시북구,,흥해읍제1투,2391,1659,1417,230,1,0,3,4,1655,4,732
경상북도,포항시북구,,흥해읍제2투,1969,1563,1279,275,0,0,4,2,1560,3,406
경상북도,포항시북구,,흥해읍제3투,1537,1215,1082,120,1,0,2,4,1209,6,322
경상북도,포항시북구,,흥해읍제4투,2068,1624,1444,139,1,1,3,14,1602,22,444
경상북도,포항시북구,,흥해읍제5투,1708,1319,1058,245,2,1,4,5,1315,4,389
경상북도,포항시북구,,흥해읍제6투,2218,1700,1418,272,0,0,1,3,1694,6,518
경상북도,포항시북구,,흥해읍제7투,2390,1844,1612,224,1,1,0,4,1842,2,546
경상북도,포항시북구,,흥해읍제8투,1331,971,864,89,0,0,2,7,962,9,360
경상북도,포항시북구,,흥해읍제9투,2454,1871,1470,393,1,0,2,3,1869,2,583
경상북도,포항시북구,,흥해읍제10투,4269,3414,2669,735,1,0,3,3,3411,3,855
경상북도,포항시북구,,흥해읍제11투,2756,2178,1833,330,1,1,5,2,2172,6,578
경상북도,포항시북구,,흥해읍제12투,2337,1886,1483,391,0,0,1,6,1881,5,451
경상북도,포항시북구,신광면,소계,2718,2203,1938,213,3,0,4,19,2177,26,515
경상북도,포항시북구,,신광면제1투,1332,1069,926,119,2,0,4,9,1060,9,263
경상북도,포항시북구,,신광면제2투,577,464,397,50,0,0,0,5,452,12,113
경상북도,포항시북구,,신광면제3투,809,670,615,44,1,0,0,5,665,5,139
경상북도,포항시북구,청하면,소계,4772,3684,3171,456,3,3,6,19,3658,26,1088
경상북도,포항시북구,,청하면제1투,2572,1961,1653,282,0,2,2,9,1948,13,611
경상북도,포항시북구,,청하면제2투,1522,1202,1074,104,1,1,1,9,1190,12,320
경상북도,포항시북구,,청하면제3투,678,521,444,70,2,0,3,1,520,1,157
경상북도,포항시북구,송라면,소계,2573,2012,1772,205,0,4,1,15,1997,15,561
경상북도,포항시북구,,송라면투표소,2573,2012,1772,205,0,4,1,15,1997,15,561
경상북도,포항시북구,기계면,소계,4808,3826,3313,438,4,2,4,36,3797,29,982
경상북도,포항시북구,,기계면제1투,3112,2501,2180,281,3,1,3,20,2488,13,611
경상북도,포항시북구,,기계면제2투,992,762,645,102,1,1,1,2,752,10,230
경상북도,포항시북구,,기계면제3투,704,563,488,55,0,0,0,14,557,6,141
경상북도,포항시북구,죽장면,소계,2556,2034,1773,221,0,0,6,19,2019,15,522
경상북도,포항시북구,,죽장면제1투,1995,1581,1402,145,0,0,3,19,1569,12,414
경상북도,포항시북구,,죽장면제2투,561,453,371,76,0,0,3,0,450,3,108
경상북도,포항시북구,기북면,소계,1184,957,840,89,0,2,2,15,948,9,227
경상북도,포항시북구,,기북면투표소,1184,957,840,89,0,2,2,15,948,9,227
경상북도,포항시북구,중앙동,소계,15812,11720,9887,1786,5,2,7,9,11696,24,4092
경상북도,포항시북구,,중앙동제1투,1858,1294,1144,144,1,0,1,0,1290,4,564
경상북도,포항시북구,,중앙동제2투,1214,894,791,101,0,0,0,1,893,1,320
경상북도,포항시북구,,중앙동제3투,2049,1514,1268,235,3,0,2,1,1509,5,535
경상북도,포항시북구,,중앙동제4투,2863,1988,1615,365,1,0,3,1,1985,3,875
경상북도,포항시북구,,중앙동제5투,3230,2399,2025,363,0,2,0,3,2393,6,831
경상북도,포항시북구,,중앙동제6투,1620,1212,1057,153,0,0,1,0,1211,1,408
경상북도,포항시북구,,중앙동제7투,2978,2419,1987,425,0,0,0,3,2415,4,559
경상북도,포항시북구,양학동,소계,14597,11692,8876,2767,1,1,12,13,11670,22,2905
경상북도,포항시북구,,양학동제1투,3002,2286,1783,493,1,1,3,1,2282,4,716
경상북도,포항시북구,,양학동제2투,4156,3296,2545,741,0,0,1,3,3290,6,860
경상북도,포항시북구,,양학동제3투,4299,3501,2512,970,0,0,7,6,3495,6,798
경상북도,포항시북구,,양학동제4투,3140,2609,2036,563,0,0,1,3,2603,6,531
경상북도,포항시북구,죽도동,소계,19006,14021,11829,2130,3,3,9,17,13991,30,4985
경상북도,포항시북구,,죽도동제1투,3077,2339,2041,286,0,0,0,5,2332,7,738
경상북도,포항시북구,,죽도동제2투,4878,3322,2809,496,0,0,3,4,3312,10,1556
경상북도,포항시북구,,죽도동제3투,4018,3121,2615,494,1,1,1,5,3117,4,897
경상북도,포항시북구,,죽도동제4투,2981,2316,1924,384,1,0,3,1,2313,3,665
경상북도,포항시북구,,죽도동제5투,4052,2923,2440,470,1,2,2,2,2917,6,1129
경상북도,포항시북구,용흥동,소계,19886,15685,12567,3047,3,2,15,16,15650,35,4201
경상북도,포항시북구,,용흥동제1투,3296,2599,2093,495,0,0,1,4,2593,6,697
경상북도,포항시북구,,용흥동제2투,3205,2454,2018,421,0,0,3,4,2446,8,751
경상북도,포항시북구,,용흥동제3투,2649,2143,1784,352,1,0,0,3,2140,3,506
경상북도,포항시북구,,용흥동제4투,2568,2132,1655,466,0,1,3,3,2128,4,436
경상북도,포항시북구,,용흥동제5투,3290,2689,2058,625,1,1,1,0,2686,3,601
경상북도,포항시북구,,용흥동제6투,2862,2276,1751,512,1,0,4,2,2270,6,586
경상북도,포항시북구,,용흥동제7투,2016,1392,1208,176,0,0,3,0,1387,5,624
경상북도,포항시북구,우창동,소계,21034,16359,12758,3533,2,5,14,16,16328,31,4675
경상북도,포항시북구,,우창동제1투,3515,2773,2166,597,0,1,4,5,2773,0,742
경상북도,포항시북구,,우창동제2투,2805,2231,1830,392,0,0,2,1,2225,6,574
경상북도,포항시북구,,우창동제3투,3344,2737,2064,666,1,0,3,0,2734,3,607
경상북도,포항시북구,,우창동제4투,2876,2197,1699,489,0,2,2,4,2196,1,679
경상북도,포항시북구,,우창동제5투,2219,1719,1386,326,0,1,1,0,1714,5,500
경상북도,포항시북구,,우창동제6투,2792,1993,1588,391,1,1,1,3,1985,8,799
경상북도,포항시북구,,우창동제7투,3483,2709,2025,672,0,0,1,3,2701,8,774
경상북도,포항시북구,두호동,소계,19230,15374,12182,3137,2,4,17,17,15359,15,3856
경상북도,포항시북구,,두호동제1투,1911,1360,1166,185,1,0,1,4,1357,3,551
경상북도,포항시북구,,두호동제2투,2945,2335,1862,466,1,1,2,1,2333,2,610
경상북도,포항시북구,,두호동제3투,3420,2787,2242,537,0,2,3,2,2786,1,633
경상북도,포항시북구,,두호동제4투,3846,3182,2458,707,0,0,7,6,3178,4,664
경상북도,포항시북구,,두호동제5투,3432,2683,2184,493,0,0,1,3,2681,2,749
경상북도,포항시북구,,두호동제6투,3676,3027,2270,749,0,1,3,1,3024,3,649
경상북도,포항시북구,장량동,소계,38855,30665,22907,7650,3,9,32,13,30614,51,8190
경상북도,포항시북구,,장량동제1투,2934,2283,1759,518,0,0,1,2,2280,3,651
경상북도,포항시북구,,장량동제2투,3492,2809,2269,530,0,1,3,1,2804,5,683
경상북도,포항시북구,,장량동제3투,2978,2369,1777,582,0,1,3,0,2363,6,609
경상북도,포항시북구,,장량동제4투,3777,3094,2327,757,0,0,5,3,3092,2,683
경상북도,포항시북구,,장량동제5투,5512,4269,3222,1040,1,0,1,1,4265,4,1243
경상북도,포항시북구,,장량동제6투,6309,4630,3574,1035,1,2,3,2,4617,13,1679
경상북도,포항시북구,,장량동제7투,3987,3153,2234,904,1,2,3,1,3145,8,834
경상북도,포항시북구,,장량동제8투,4483,3668,2654,1000,0,0,8,2,3664,4,815
경상북도,포항시북구,,장량동제9투,5383,4390,3091,1284,0,3,5,1,4384,6,993
경상북도,포항시북구,환여동,소계,8454,6822,5220,1568,3,5,6,2,6804,18,1632
경상북도,포항시북구,,환여동제1투,1357,1058,891,156,2,2,1,0,1052,6,299
경상북도,포항시북구,,환여동제2투,1735,1316,1102,208,0,0,0,2,1312,4,419
경상북도,포항시북구,,환여동제3투,3926,3274,2365,896,1,0,4,0,3266,8,652
경상북도,포항시북구,,환여동제4투,1436,1174,862,308,0,3,1,0,1174,0,262
경상북도,포항시남구,소계,,200720,155131,121186,32833,43,52,193,293,154600,531,45589
경상북도,포항시남구,재외투표,,764,509,259,248,0,0,1,0,508,1,255
경상북도,포항시남구,국내부재자투표,,7215,6510,4046,2337,10,10,7,19,6429,81,705
경상북도,포항시남구,소계,,192741,148112,116881,30248,33,42,185,274,147663,449,44629
경상북도,포항시남구,구룡포읍,소계,8700,6142,5479,572,3,2,5,36,6097,45,2558
경상북도,포항시남구,,구룡포읍제1투,3710,2592,2311,262,2,1,0,5,2581,11,1118
경상북도,포항시남구,,구룡포읍제2투,1927,1412,1277,110,0,0,1,5,1393,19,515
경상북도,포항시남구,,구룡포읍제3투,1114,837,745,61,0,0,1,19,826,11,277
경상북도,포항시남구,,구룡포읍제4투,1949,1301,1146,139,1,1,3,7,1297,4,648
경상북도,포항시남구,연일읍,소계,25414,20297,15794,4394,4,3,24,26,20245,52,5117
경상북도,포항시남구,,연일읍제1투,2714,2002,1636,350,0,1,6,3,1996,6,712
경상북도,포항시남구,,연일읍제2투,3475,2715,2199,500,0,0,3,2,2704,11,760
경상북도,포항시남구,,연일읍제3투,2325,1828,1485,332,0,0,3,3,1823,5,497
경상북도,포항시남구,,연일읍제4투,3883,3035,2402,619,2,0,1,4,3028,7,848
경상북도,포항시남구,,연일읍제5투,3340,2691,2063,614,0,0,2,4,2683,8,649
경상북도,포항시남구,,연일읍제6투,3487,2954,2147,797,0,1,4,0,2949,5,533
경상북도,포항시남구,,연일읍제7투,3766,3169,2213,943,0,1,4,2,3163,6,597
경상북도,포항시남구,,연일읍제8투,856,674,585,82,1,0,0,4,672,2,182
경상북도,포항시남구,,연일읍제9투,1568,1229,1064,157,1,0,1,4,1227,2,339
경상북도,포항시남구,오천읍,소계,36361,27061,20792,6124,9,6,28,38,26997,64,9300
경상북도,포항시남구,,오천읍제1투,3237,2412,1840,565,1,0,2,1,2409,3,825
경상북도,포항시남구,,오천읍제2투,2303,1763,1448,301,0,0,2,4,1755,8,540
경상북도,포항시남구,,오천읍제3투,1755,1374,1129,238,0,0,1,4,1372,2,381
경상북도,포항시남구,,오천읍제4투,1661,1254,961,287,1,0,0,1,1250,4,407
경상북도,포항시남구,,오천읍제5투,3002,2284,1868,404,0,0,4,3,2279,5,718
경상북도,포항시남구,,오천읍제6투,1578,1245,962,273,1,1,2,2,1241,4,333
경상북도,포항시남구,,오천읍제7투,3190,2460,1974,470,0,1,4,4,2453,7,730
경상북도,포항시남구,,오천읍제8투,2635,2038,1580,452,0,1,1,2,2036,2,597
경상북도,포항시남구,,오천읍제9투,3970,2707,1955,736,2,0,5,5,2703,4,1263
경상북도,포항시남구,,오천읍제10투,3916,3076,2116,949,2,1,3,2,3073,3,840
경상북도,포항시남구,,오천읍제11투,2263,1612,1172,436,1,1,1,0,1611,1,651
경상북도,포항시남구,,오천읍제12투,2225,1484,1171,300,0,0,3,2,1476,8,741
경상북도,포항시남구,,오천읍제13투,1726,1307,1044,247,0,1,0,7,1299,8,419
경상북도,포항시남구,,오천읍제14투,2900,2045,1572,466,1,0,0,1,2040,5,855
경상북도,포항시남구,대송면,소계,4323,3365,2826,507,2,2,4,12,3353,12,958
경상북도,포항시남구,,대송면제1투,1559,1229,1041,167,1,1,2,9,1221,8,330
경상북도,포항시남구,,대송면제2투,1585,1244,1046,192,1,1,0,2,1242,2,341
경상북도,포항시남구,,대송면제3투,1179,892,739,148,0,0,2,1,890,2,287
경상북도,포항시남구,동해면,소계,9154,6926,5627,1222,5,6,10,29,6899,27,2228
경상북도,포항시남구,,동해면제1투,2771,2056,1606,432,1,0,3,8,2050,6,715
경상북도,포항시남구,,동해면제2투,677,527,470,45,0,1,0,7,523,4,150
경상북도,포항시남구,,동해면제3투,907,651,528,120,1,0,0,2,651,0,256
경상북도,포항시남구,,동해면제4투,2918,2231,1807,408,2,3,3,5,2228,3,687
경상북도,포항시남구,,동해면제5투,1881,1461,1216,217,1,2,4,7,1447,14,420
경상북도,포항시남구,장기면,소계,4691,3564,3093,376,0,0,4,38,3511,53,1127
경상북도,포항시남구,,장기면제1투,1641,1236,1058,147,0,0,0,12,1217,19,405
경상북도,포항시남구,,장기면제2투,1678,1262,1128,114,0,0,0,8,1250,12,416
경상북도,포항시남구,,장기면제3투,1372,1066,907,115,0,0,4,18,1044,22,306
경상북도,포항시남구,호미곶면,소계,2143,1640,1507,104,0,1,1,13,1626,14,503
경상북도,포항시남구,,호미곶면투표소,2143,1640,1507,104,0,1,1,13,1626,14,503
경상북도,포항시남구,상대동,소계,23419,17599,14610,2921,1,4,15,13,17564,35,5820
경상북도,포항시남구,,상대동제1투,3441,2459,2014,433,0,1,2,0,2450,9,982
경상북도,포항시남구,,상대동제2투,3478,2587,2130,446,0,1,3,4,2584,3,891
경상북도,포항시남구,,상대동제3투,2949,2255,1852,394,0,1,1,2,2250,5,694
경상북도,포항시남구,,상대동제4투,2115,1590,1309,271,1,0,4,1,1586,4,525
경상북도,포항시남구,,상대동제5투,2370,1805,1503,298,0,0,1,0,1802,3,565
경상북도,포항시남구,,상대동제6투,2812,2126,1773,344,0,0,1,4,2122,4,686
경상북도,포항시남구,,상대동제7투,2637,2020,1680,331,0,0,2,1,2014,6,617
경상북도,포항시남구,,상대동제8투,3617,2757,2349,404,0,1,1,1,2756,1,860
경상북도,포항시남구,해도동,소계,18793,13736,11606,2073,1,2,12,14,13708,28,5057
경상북도,포항시남구,,해도동제1투,2868,1996,1659,327,0,2,0,5,1993,3,872
경상북도,포항시남구,,해도동제2투,1909,1383,1215,161,0,0,0,1,1377,6,526
경상북도,포항시남구,,해도동제3투,2497,1870,1597,266,0,0,1,2,1866,4,627
경상북도,포항시남구,,해도동제4투,2205,1670,1444,219,0,0,1,2,1666,4,535
경상북도,포항시남구,,해도동제5투,1607,1166,1009,151,0,0,1,1,1162,4,441
경상북도,포항시남구,,해도동제6투,1779,1292,1093,193,1,0,3,1,1291,1,487
경상북도,포항시남구,,해도동제7투,1794,1330,1086,238,0,0,3,2,1329,1,464
경상북도,포항시남구,,해도동제8투,1913,1420,1157,258,0,0,3,0,1418,2,493
경상북도,포항시남구,,해도동제9투,2221,1609,1346,260,0,0,0,0,1606,3,612
경상북도,포항시남구,송도동,소계,14750,11187,9725,1399,3,2,11,14,11154,33,3563
경상북도,포항시남구,,송도동제1투,2558,1868,1645,214,0,0,1,3,1863,5,690
경상북도,포항시남구,,송도동제2투,2718,2040,1747,275,2,0,4,2,2030,10,678
경상북도,포항시남구,,송도동제3투,2515,1921,1669,242,0,0,1,2,1914,7,594
경상북도,포항시남구,,송도동제4투,2068,1647,1433,208,0,1,1,3,1646,1,421
경상북도,포항시남구,,송도동제5투,2532,1946,1701,231,1,1,4,4,1942,4,586
경상북도,포항시남구,,송도동제6투,2359,1765,1530,229,0,0,0,0,1759,6,594
경상북도,포항시남구,청림동,소계,5459,4157,3297,817,1,1,8,13,4137,20,1302
경상북도,포항시남구,,청림동제1투,1578,1180,876,292,0,0,3,5,1176,4,398
경상북도,포항시남구,,청림동제2투,2709,2070,1687,367,1,0,2,4,2061,9,639
경상북도,포항시남구,,청림동제3투,1172,907,734,158,0,1,3,4,900,7,265
경상북도,포항시남구,제철동,소계,2693,2172,1572,591,0,0,0,2,2165,7,521
경상북도,포항시남구,,제철동투표소,2693,2172,1572,591,0,0,0,2,2165,7,521
경상북도,포항시남구,효곡동,소계,21719,18067,12038,5920,4,9,43,18,18032,35,3652
경상북도,포항시남구,,효곡동제1투,2821,2281,1660,605,2,1,3,4,2275,6,540
경상북도,포항시남구,,효곡동제2투,3442,2823,1640,1167,0,1,6,3,2817,6,619
경상북도,포항시남구,,효곡동제3투,3445,2932,1952,962,0,2,8,3,2927,5,513
경상북도,포항시남구,,효곡동제4투,3549,2995,2005,973,1,2,6,3,2990,5,554
경상북도,포항시남구,,효곡동제5투,3186,2681,1813,848,0,0,12,2,2675,6,505
경상북도,포항시남구,,효곡동제6투,2447,2073,1364,697,1,0,4,3,2069,4,374
경상북도,포항시남구,,효곡동제7투,2829,2282,1604,668,0,3,4,0,2279,3,547
경상북도,포항시남구,대이동,소계,15122,12199,8915,3228,0,4,20,8,12175,24,2923
경상북도,포항시남구,,대이동제1투,1754,1389,945,436,0,0,3,1,1385,4,365
경상북도,포항시남구,,대이동제2투,2707,2241,1607,623,0,2,3,0,2235,6,466
경상북도,포항시남구,,대이동제3투,2062,1648,1207,429,0,1,4,2,1643,5,414
경상북도,포항시남구,,대이동제4투,1333,928,750,175,0,0,1,1,927,1,405
경상북도,포항시남구,,대이동제5투,3639,3000,2217,774,0,1,3,0,2995,5,639
경상북도,포항시남구,,대이동제6투,3627,2993,2189,791,0,0,6,4,2990,3,634
경상북도,울릉군,소계,,9468,6309,5033,1207,2,2,7,21,6272,37,3159
경상북도,울릉군,재외투표,,17,9,4,4,0,0,0,0,8,1,8
경상북도,울릉군,국내부재자투표,,1045,915,625,266,0,1,2,2,896,19,130
경상북도,울릉군,소계,,8406,5385,4404,937,2,1,5,19,5368,17,3021
경상북도,울릉군,울릉읍,소계,5872,3683,3004,658,1,1,2,6,3672,11,2189
경상북도,울릉군,,울릉읍제1투,2410,1483,1166,307,0,1,2,2,1478,5,927
경상북도,울릉군,,울릉읍제2투,2890,1848,1552,286,1,0,0,3,1842,6,1042
경상북도,울릉군,,울릉읍제3투,572,352,286,65,0,0,0,1,352,0,220
경상북도,울릉군,서면,소계,1331,892,746,139,0,0,2,5,892,0,439
경상북도,울릉군,,서면제1투,860,602,498,100,0,0,2,2,602,0,258
경상북도,울릉군,,서면제2투,471,290,248,39,0,0,0,3,290,0,181
경상북도,울릉군,북면,소계,1203,810,654,140,1,0,1,8,804,6,393
경상북도,울릉군,,북면제1투,802,536,423,102,1,0,1,3,530,6,266
경상북도,울릉군,,북면제2투,401,274,231,38,0,0,0,5,274,0,127
경상북도,울릉군,잘못 투입·구분된 투표지,,0,0,0,0,0,0,0,0,0,0,0
경상북도,경주시,소계,,214748,168542,132579,34357,59,99,230,435,167759,783,46206
경상북도,경주시,재외투표,,957,641,384,251,1,0,1,1,638,3,316
경상북도,경주시,국내부재자투표,,7267,6634,4241,2206,15,12,20,20,6514,120,633
경상북도,경주시,소계,,206524,161267,127954,31900,43,87,209,414,160607,660,45257
경상북도,경주시,감포읍,소계,5619,3998,3480,447,1,2,2,31,3963,35,1621
경상북도,경주시,,감포읍제1투,2626,1804,1567,215,0,0,1,10,1793,11,822
경상북도,경주시,,감포읍제2투,956,696,605,79,1,0,0,9,694,2,260
경상북도,경주시,,감포읍제3투,2037,1498,1308,153,0,2,1,12,1476,22,539
경상북도,경주시,안강읍,소계,23838,18227,14859,3203,4,10,26,48,18150,77,5611
경상북도,경주시,,안강읍제1투,3713,2707,2319,361,0,0,3,11,2694,13,1006
경상북도,경주시,,안강읍제2투,2967,2303,1977,308,0,1,2,2,2290,13,664
경상북도,경주시,,안강읍제3투,1671,1301,1084,187,0,1,6,9,1287,14,370
경상북도,경주시,,안강읍제4투,3240,2463,2034,409,0,3,3,5,2454,9,777
경상북도,경주시,,안강읍제5투,3168,2454,1984,454,1,1,1,6,2447,7,714
경상북도,경주시,,안강읍제6투,3682,2804,2182,608,0,2,6,2,2800,4,878
경상북도,경주시,,안강읍제7투,3657,2843,2158,664,1,2,5,5,2835,8,814
경상북도,경주시,,안강읍제8투,1740,1352,1121,212,2,0,0,8,1343,9,388
경상북도,경주시,건천읍,소계,9372,7144,6021,1058,2,0,6,19,7106,38,2228
경상북도,경주시,,건천읍제1투,4071,3079,2571,487,0,0,2,2,3062,17,992
경상북도,경주시,,건천읍제2투,2843,2154,1799,333,2,0,1,8,2143,11,689
경상북도,경주시,,건천읍제3투,2458,1911,1651,238,0,0,3,9,1901,10,547
경상북도,경주시,외동읍,소계,13540,10256,7984,2153,3,11,9,34,10194,62,3284
경상북도,경주시,,외동읍제1투,2113,1570,1267,279,0,2,3,7,1558,12,543
경상북도,경주시,,외동읍제2투,3153,2391,1689,680,3,4,2,5,2383,8,762
경상북도,경주시,,외동읍제3투,1354,1048,847,190,0,0,1,3,1041,7,306
경상북도,경주시,,외동읍제4투,1854,1423,1158,244,0,0,1,8,1411,12,431
경상북도,경주시,,외동읍제5투,2611,2047,1674,341,0,3,2,9,2029,18,564
경상북도,경주시,,외동읍제6투,2455,1777,1349,419,0,2,0,2,1772,5,678
경상북도,경주시,양북면,소계,3665,2799,2391,341,0,2,7,25,2766,33,866
경상북도,경주시,,양북면투표소,3665,2799,2391,341,0,2,7,25,2766,33,866
경상북도,경주시,양남면,소계,5550,4304,3109,1121,2,2,10,28,4272,32,1246
경상북도,경주시,,양남면제1투,2819,2205,1738,415,2,1,6,21,2183,22,614
경상북도,경주시,,양남면제2투,2731,2099,1371,706,0,1,4,7,2089,10,632
경상북도,경주시,내남면,소계,4573,3565,2935,578,3,2,3,21,3542,23,1008
경상북도,경주시,,내남면제1투,2582,2006,1644,336,2,1,1,10,1994,12,576
경상북도,경주시,,내남면제2투,1991,1559,1291,242,1,1,2,11,1548,11,432
경상북도,경주시,산내면,소계,2934,2261,1905,300,3,1,4,19,2232,29,673
경상북도,경주시,,산내면투표소,2934,2261,1905,300,3,1,4,19,2232,29,673
경상북도,경주시,서면,소계,3271,2549,2181,319,1,0,3,17,2521,28,722
경상북도,경주시,,서면투표소,3271,2549,2181,319,1,0,3,17,2521,28,722
경상북도,경주시,현곡면,소계,11694,9616,7139,2409,2,2,13,22,9587,29,2078
경상북도,경주시,,현곡면제1투,2562,2019,1581,418,0,1,4,6,2010,9,543
경상북도,경주시,,현곡면제2투,3006,2562,1786,768,0,1,4,1,2560,2,444
경상북도,경주시,,현곡면제3투,3764,3127,2162,944,1,0,2,8,3117,10,637
경상북도,경주시,,현곡면제4투,2362,1908,1610,279,1,0,3,7,1900,8,454
경상북도,경주시,강동면,소계,6311,4830,3941,833,1,7,7,17,4806,24,1481
경상북도,경주시,,강동면제1투,2804,2215,1880,313,0,0,3,9,2205,10,589
경상북도,경주시,,강동면제2투,3507,2615,2061,520,1,7,4,8,2601,14,892
경상북도,경주시,천북면,소계,4622,3689,3113,535,2,1,5,15,3671,18,933
경상북도,경주시,,천북면제1투,3364,2687,2260,394,2,0,5,10,2671,16,677
경상북도,경주시,,천북면제2투,1258,1002,853,141,0,1,0,5,1000,2,256
경상북도,경주시,중부동,소계,5308,3992,3383,586,1,3,6,2,3981,11,1316
경상북도,경주시,,중부동제1투,2660,1933,1614,313,0,0,3,1,1931,2,727
경상북도,경주시,,중부동제2투,2648,2059,1769,273,1,3,3,1,2050,9,589
경상북도,경주시,황오동,소계,7333,5616,4707,879,3,2,4,10,5605,11,1717
경상북도,경주시,,황오동제1투,3639,2747,2303,430,2,2,1,5,2743,4,892
경상북도,경주시,,황오동제2투,2589,2067,1719,337,1,0,2,4,2063,4,522
경상북도,경주시,,황오동제3투,1105,802,685,112,0,0,1,1,799,3,303
경상북도,경주시,성건동,소계,14352,10789,8723,2008,5,2,9,15,10762,27,3563
경상북도,경주시,,성건동제1투,2912,2180,1795,379,0,0,1,2,2177,3,732
경상북도,경주시,,성건동제2투,2672,2093,1760,321,1,0,2,3,2087,6,579
경상북도,경주시,,성건동제3투,3104,2384,1949,417,1,1,3,7,2378,6,720
경상북도,경주시,,성건동제4투,3067,2200,1618,566,3,0,1,3,2191,9,867
경상북도,경주시,,성건동제5투,2597,1932,1601,325,0,1,2,0,1929,3,665
경상북도,경주시,황남동,소계,6349,4848,4150,673,1,1,5,6,4836,12,1501
경상북도,경주시,,황남동제1투,1997,1547,1337,203,0,0,2,1,1543,4,450
경상북도,경주시,,황남동제2투,2433,1819,1535,276,0,1,2,2,1816,3,614
경상북도,경주시,,황남동제3투,1919,1482,1278,194,1,0,1,3,1477,5,437
경상북도,경주시,월성동,소계,5982,4657,3800,823,2,1,11,8,4645,12,1325
경상북도,경주시,,월성동제1투,2940,2216,1930,270,1,0,3,6,2210,6,724
경상북도,경주시,,월성동제2투,3042,2441,1870,553,1,1,8,2,2435,6,601
경상북도,경주시,선도동,소계,10675,8538,6420,2069,0,5,13,14,8521,17,2137
경상북도,경주시,,선도동제1투,3466,2742,2103,617,0,2,3,9,2734,8,724
경상북도,경주시,,선도동제2투,4209,3373,2571,788,0,2,5,2,3368,5,836
경상북도,경주시,,선도동제3투,3000,2423,1746,664,0,1,5,3,2419,4,577
경상북도,경주시,용강동,소계,12270,9904,7379,2473,1,5,12,14,9884,20,2366
경상북도,경주시,,용강동제1투,3901,3134,2406,714,0,1,4,4,3129,5,767
경상북도,경주시,,용강동제2투,5014,4113,2914,1180,0,4,4,2,4104,9,901
경상북도,경주시,,용강동제3투,3355,2657,2059,579,1,0,4,8,2651,6,698
경상북도,경주시,황성동,소계,20448,16772,12054,4610,2,10,28,22,16726,46,3676
경상북도,경주시,,황성동제1투,3031,2414,1815,583,0,0,2,6,2406,8,617
경상북도,경주시,,황성동제2투,3389,2775,2050,707,0,2,9,2,2770,5,614
경상북도,경주시,,황성동제3투,3270,2630,1860,753,1,2,2,5,2623,7,640
경상북도,경주시,,황성동제4투,3377,2782,1943,824,1,3,4,0,2775,7,595
경상북도,경주시,,황성동제5투,3819,3194,2257,913,0,1,6,7,3184,10,625
경상북도,경주시,,황성동제6투,3562,2977,2129,830,0,2,5,2,2968,9,585
경상북도,경주시,동천동,소계,19791,15878,12557,3235,2,15,16,10,15835,43,3913
경상북도,경주시,,동천동제1투,3348,2575,2157,404,1,3,2,2,2569,6,773
경상북도,경주시,,동천동제2투,3188,2660,2030,619,1,4,1,1,2656,4,528
경상북도,경주시,,동천동제3투,3583,2841,2260,567,0,3,4,0,2834,7,742
경상북도,경주시,,동천동제4투,3045,2397,1870,514,0,1,3,1,2389,8,648
경상북도,경주시,,동천동제5투,3377,2757,2169,567,0,2,4,5,2747,10,620
경상북도,경주시,,동천동제6투,3250,2648,2071,564,0,2,2,1,2640,8,602
경상북도,경주시,불국동,소계,7235,5612,4540,1023,1,3,10,9,5586,26,1623
경상북도,경주시,,불국동제1투,3606,2742,2168,554,0,1,4,5,2732,10,864
경상북도,경주시,,불국동제2투,3629,2870,2372,469,1,2,6,4,2854,16,759
경상북도,경주시,보덕동,소계,1792,1423,1183,224,1,0,0,8,1416,7,369
경상북도,경주시,,보덕동투표소,1792,1423,1183,224,1,0,0,8,1416,7,369
경상북도,김천시,소계,,111030,88157,73115,14072,30,41,96,299,87653,504,22873
경상북도,김천시,재외투표,,665,451,300,146,0,0,0,1,447,4,214
경상북도,김천시,국내부재자투표,,4802,4176,2770,1266,10,9,10,4,4069,107,626
경상북도,김천시,소계,,105563,83530,70045,12660,20,32,86,294,83137,393,22033
경상북도,김천시,아포읍,소계,6853,5380,4707,632,0,0,2,12,5353,27,1473
경상북도,김천시,,아포읍제1투,1847,1505,1371,120,0,0,0,5,1496,9,342
경상북도,김천시,,아포읍제2투,1648,1349,1235,107,0,0,0,2,1344,5,299
경상북도,김천시,,아포읍제3투,3358,2526,2101,405,0,0,2,5,2513,13,832
경상북도,김천시,농소면,소계,2792,2300,2001,274,0,1,1,12,2289,11,492
경상북도,김천시,,농소면제1투,1231,1010,861,138,0,0,0,5,1004,6,221
경상북도,김천시,,농소면제2투,1561,1290,1140,136,0,1,1,7,1285,5,271
경상북도,김천시,남면,소계,3070,2412,2117,260,1,0,1,13,2392,20,658
경상북도,김천시,,남면제1투,1777,1366,1199,152,1,0,1,5,1358,8,411
경상북도,김천시,,남면제2투,1293,1046,918,108,0,0,0,8,1034,12,247
경상북도,김천시,개령면,소계,2492,2031,1783,225,0,0,1,11,2020,11,461
경상북도,김천시,,개령면투표소,2492,2031,1783,225,0,0,1,11,2020,11,461
경상북도,김천시,감문면,소계,3413,2799,2516,242,0,1,2,20,2781,18,614
경상북도,김천시,,감문면제1투,1860,1498,1321,147,0,1,1,12,1482,16,362
경상북도,김천시,,감문면제2투,1553,1301,1195,95,0,0,1,8,1299,2,252
경상북도,김천시,어모면,소계,4204,3216,2788,351,1,7,8,20,3175,41,988
경상북도,김천시,,어모면제1투,2428,1908,1654,224,0,2,2,12,1894,14,520
경상북도,김천시,,어모면제2투,1776,1308,1134,127,1,5,6,8,1281,27,468
경상북도,김천시,봉산면,소계,3013,2445,2089,326,0,0,4,15,2434,11,568
경상북도,김천시,,봉산면제1투,1697,1367,1165,185,0,0,2,7,1359,8,330
경상북도,김천시,,봉산면제2투,1316,1078,924,141,0,0,2,8,1075,3,238
경상북도,김천시,대항면,소계,3421,2759,2358,352,0,1,5,18,2734,25,662
경상북도,김천시,,대항면제1투,2085,1634,1397,205,0,0,3,13,1618,16,451
경상북도,김천시,,대항면제2투,1336,1125,961,147,0,1,2,5,1116,9,211
경상북도,김천시,감천면,소계,1908,1566,1390,156,1,0,1,10,1558,8,342
경상북도,김천시,,감천면투표소,1908,1566,1390,156,1,0,1,10,1558,8,342
경상북도,김천시,조마면,소계,2218,1784,1538,213,0,0,2,13,1766,18,434
경상북도,김천시,,조마면투표소,2218,1784,1538,213,0,0,2,13,1766,18,434
경상북도,김천시,구성면,소계,2878,2229,1950,236,0,1,4,23,2214,15,649
경상북도,김천시,,구성면제1투,1443,1148,1016,111,0,1,4,8,1140,8,295
경상북도,김천시,,구성면제2투,1435,1081,934,125,0,0,0,15,1074,7,354
경상북도,김천시,지례면,소계,1688,1302,1114,154,1,0,3,18,1290,12,386
경상북도,김천시,,지례면제1투,1362,1057,905,128,1,0,3,13,1050,7,305
경상북도,김천시,,지례면제2투,326,245,209,26,0,0,0,5,240,5,81
경상북도,김천시,부항면,소계,1197,951,800,114,1,1,2,18,936,15,246
경상북도,김천시,,부항면투표소,1197,951,800,114,1,1,2,18,936,15,246
경상북도,김천시,대덕면,소계,2096,1543,1295,217,0,0,4,10,1526,17,553
경상북도,김천시,,대덕면투표소,2096,1543,1295,217,0,0,4,10,1526,17,553
경상북도,김천시,증산면,소계,1017,845,710,114,0,1,1,12,838,7,172
경상북도,김천시,,증산면투표소,1017,845,710,114,0,1,1,12,838,7,172
경상북도,김천시,자산동,소계,7577,5964,5086,850,3,0,3,10,5952,12,1613
경상북도,김천시,,자산동제1투,2190,1734,1511,214,0,0,1,2,1728,6,456
경상북도,김천시,,자산동제2투,2614,2050,1740,299,2,0,1,5,2047,3,564
경상북도,김천시,,자산동제3투,2773,2180,1835,337,1,0,1,3,2177,3,593
경상북도,김천시,평화남산동,소계,8663,6650,5613,1002,2,1,3,12,6633,17,2013
경상북도,김천시,,평화남산동제1투,1905,1427,1247,174,0,0,1,3,1425,2,478
경상북도,김천시,,평화남산동제2투,2412,1811,1487,313,1,1,2,1,1805,6,601
경상북도,김천시,,평화남산동제3투,2029,1580,1297,276,0,0,0,2,1575,5,449
경상북도,김천시,,평화남산동제4투,2317,1832,1582,239,1,0,0,6,1828,4,485
경상북도,김천시,양금동,소계,4424,3578,3113,436,0,2,4,7,3562,16,846
경상북도,김천시,,양금동제1투,1900,1560,1376,175,0,0,1,2,1554,6,340
경상북도,김천시,,양금동제2투,2524,2018,1737,261,0,2,3,5,2008,10,506
경상북도,김천시,대신동,소계,17920,14360,11207,3068,5,7,17,17,14321,39,3560
경상북도,김천시,,대신동제1투,3599,2767,2191,558,1,3,2,3,2758,9,832
경상북도,김천시,,대신동제2투,2684,2213,1679,519,1,1,4,1,2205,8,471
경상북도,김천시,,대신동제3투,2741,2263,1765,484,0,1,1,6,2257,6,478
경상북도,김천시,,대신동제4투,2725,2330,1788,535,1,0,0,1,2325,5,395
경상북도,김천시,,대신동제5투,1448,1157,993,159,0,0,0,2,1154,3,291
경상북도,김천시,,대신동제6투,4723,3630,2791,813,2,2,10,4,3622,8,1093
경상북도,김천시,대곡동,소계,16901,13245,10734,2435,3,7,16,14,13209,36,3656
경상북도,김천시,,대곡동제1투,3093,2460,2027,421,0,2,0,3,2453,7,633
경상북도,김천시,,대곡동제2투,2233,1705,1462,241,0,0,0,1,1704,1,528
경상북도,김천시,,대곡동제3투,3640,3058,2355,684,2,0,4,3,3048,10,582
경상북도,김천시,,대곡동제4투,3016,2271,1874,387,1,3,2,1,2268,3,745
경상북도,김천시,,대곡동제5투,2294,1758,1402,341,0,2,3,1,1749,9,536
경상북도,김천시,,대곡동제6투,2625,1993,1614,361,0,0,7,5,1987,6,632
경상북도,김천시,지좌동,소계,7818,6171,5136,1003,2,2,2,9,6154,17,1647
경상북도,김천시,,지좌동제1투,4298,3393,2786,585,2,1,2,7,3383,10,905
경상북도,김천시,,지좌동제2투,3520,2778,2350,418,0,1,0,2,2771,7,742
경상북도,안동시,소계,,136671,107233,84799,21028,67,55,156,486,106591,642,29438
경상북도,안동시,재외투표,,502,338,191,141,1,1,1,0,335,3,164
경상북도,안동시,국내부재자투표,,5875,5316,3241,1734,28,16,22,49,5090,226,559
경상북도,안동시,소계,,130294,101579,81367,19153,38,38,133,437,101166,413,28715
경상북도,안동시,풍산읍,소계,6250,4707,4002,621,1,1,8,36,4669,38,1543
경상북도,안동시,,풍산읍제1투,2142,1576,1330,227,0,1,2,7,1567,9,566
경상북도,안동시,,풍산읍제2투,857,664,571,77,0,0,3,7,658,6,193
경상북도,안동시,,풍산읍제3투,1331,1035,892,123,1,0,0,6,1022,13,296
경상북도,안동시,,풍산읍제4투,1920,1432,1209,194,0,0,3,16,1422,10,488
경상북도,안동시,와룡면,소계,3890,3027,2554,405,5,3,5,29,3001,26,863
경상북도,안동시,,와룡면제1투,2511,1962,1654,262,4,3,3,19,1945,17,549
경상북도,안동시,,와룡면제2투,1379,1065,900,143,1,0,2,10,1056,9,314
경상북도,안동시,북후면,소계,3002,2282,1935,293,4,0,9,21,2262,20,720
경상북도,안동시,,북후면제1투,1986,1528,1300,194,2,0,5,11,1512,16,458
경상북도,안동시,,북후면제2투,1016,754,635,99,2,0,4,10,750,4,262
경상북도,안동시,서후면,소계,3284,2498,2050,420,1,0,3,18,2492,6,786
경상북도,안동시,,서후면제1투,2039,1547,1291,238,1,0,3,10,1543,4,492
경상북도,안동시,,서후면제2투,1245,951,759,182,0,0,0,8,949,2,294
경상북도,안동시,풍천면,소계,3937,3054,2658,341,3,2,3,29,3036,18,883
경상북도,안동시,,풍천면제1투,2238,1702,1454,220,2,1,2,12,1691,11,536
경상북도,안동시,,풍천면제2투,1195,951,845,89,0,1,1,9,945,6,244
경상북도,안동시,,풍천면제3투,504,401,359,32,1,0,0,8,400,1,103
경상북도,안동시,일직면,소계,2950,2312,1992,292,0,0,2,12,2298,14,638
경상북도,안동시,,일직면제1투,1372,1099,964,119,0,0,0,8,1091,8,273
경상북도,안동시,,일직면제2투,1578,1213,1028,173,0,0,2,4,1207,6,365
경상북도,안동시,남후면,소계,1855,1466,1282,151,2,0,1,20,1456,10,389
경상북도,안동시,,남후면투표소,1855,1466,1282,151,2,0,1,20,1456,10,389
경상북도,안동시,남선면,소계,2136,1656,1323,305,1,0,4,10,1643,13,480
경상북도,안동시,,남선면제1투,1288,969,773,182,0,0,1,6,962,7,319
경상북도,안동시,,남선면제2투,848,687,550,123,1,0,3,4,681,6,161
경상북도,안동시,임하면,소계,2727,2030,1746,250,0,0,2,18,2016,14,697
경상북도,안동시,,임하면제1투,1988,1439,1256,160,0,0,1,13,1430,9,549
경상북도,안동시,,임하면제2투,739,591,490,90,0,0,1,5,586,5,148
경상북도,안동시,길안면,소계,2880,2179,1840,286,2,1,3,31,2163,16,701
경상북도,안동시,,길안면제1투,1888,1417,1180,208,1,1,2,16,1408,9,471
경상북도,안동시,,길안면제2투,560,418,358,45,1,0,0,9,413,5,142
경상북도,안동시,,길안면제3투,432,344,302,33,0,0,1,6,342,2,88
경상북도,안동시,임동면,소계,1868,1432,1205,180,0,1,4,25,1415,17,436
경상북도,안동시,,임동면투표소,1868,1432,1205,180,0,1,4,25,1415,17,436
경상북도,안동시,예안면,소계,1881,1441,1193,220,0,2,0,14,1429,12,440
경상북도,안동시,,예안면제1투,1279,977,805,151,0,1,0,9,966,11,302
경상북도,안동시,,예안면제2투,602,464,388,69,0,1,0,5,463,1,138
경상북도,안동시,도산면,소계,1774,1395,1159,206,0,2,4,17,1388,7,379
경상북도,안동시,,도산면제1투,1167,906,741,148,0,0,3,10,902,4,261
경상북도,안동시,,도산면제2투,607,489,418,58,0,2,1,7,486,3,118
경상북도,안동시,녹전면,소계,1816,1440,1202,210,0,1,5,12,1430,10,376
경상북도,안동시,,녹전면제1투,1186,933,778,141,0,0,1,8,928,5,253
경상북도,안동시,,녹전면제2투,630,507,424,69,0,1,4,4,502,5,123
경상북도,안동시,중구동,소계,4689,3597,3019,552,0,0,6,13,3590,7,1092
경상북도,안동시,,중구동제1투,1782,1349,1119,220,0,0,2,8,1349,0,433
경상북도,안동시,,중구동제2투,1166,895,767,123,0,0,2,1,893,2,271
경상북도,안동시,,중구동제3투,1741,1353,1133,209,0,0,2,4,1348,5,388
경상북도,안동시,명륜동,소계,4822,3823,2998,801,2,0,5,6,3812,11,999
경상북도,안동시,,명륜동제1투,2673,2108,1634,460,1,0,1,3,2099,9,565
경상북도,안동시,,명륜동제2투,2149,1715,1364,341,1,0,4,3,1713,2,434
경상북도,안동시,용상동,소계,17220,13440,10356,2980,4,7,22,30,13399,41,3780
경상북도,안동시,,용상동제1투,2323,1861,1434,415,1,0,3,6,1859,2,462
경상북도,안동시,,용상동제2투,1781,1274,1032,227,0,0,1,8,1268,6,507
경상북도,안동시,,용상동제3투,2430,1882,1512,360,0,2,3,1,1878,4,548
경상북도,안동시,,용상동제4투,1678,1298,1006,279,0,1,3,1,1290,8,380
경상북도,안동시,,용상동제5투,1884,1401,1131,257,2,1,3,3,1397,4,483
경상북도,안동시,,용상동제6투,3162,2598,1920,663,0,1,4,6,2594,4,564
경상북도,안동시,,용상동제7투,2802,2266,1631,619,1,2,5,2,2260,6,536
경상북도,안동시,,용상동제8투,1160,860,690,160,0,0,0,3,853,7,300
경상북도,안동시,서구동,소계,6966,5377,4508,836,0,2,6,11,5363,14,1589
경상북도,안동시,,서구동제1투,1679,1243,1034,198,0,2,4,0,1238,5,436
경상북도,안동시,,서구동제2투,2109,1639,1438,191,0,0,1,6,1636,3,470
경상북도,안동시,,서구동제3투,1591,1223,1012,207,0,0,0,2,1221,2,368
경상북도,안동시,,서구동제4투,1587,1272,1024,240,0,0,1,3,1268,4,315
경상북도,안동시,태화동,소계,11244,8622,7103,1466,2,1,8,16,8596,26,2622
경상북도,안동시,,태화동제1투,2044,1491,1275,204,1,1,0,6,1487,4,553
경상북도,안동시,,태화동제2투,2326,1816,1479,329,0,0,1,0,1809,7,510
경상북도,안동시,,태화동제3투,2497,1894,1609,273,1,0,1,3,1887,7,603
경상북도,안동시,,태화동제4투,2306,1801,1439,350,0,0,4,3,1796,5,505
경상북도,안동시,,태화동제5투,2071,1620,1301,310,0,0,2,4,1617,3,451
경상북도,안동시,평화동,소계,6333,4937,3978,929,2,2,5,12,4928,9,1396
경상북도,안동시,,평화동제1투,2147,1692,1378,300,2,1,2,4,1687,5,455
경상북도,안동시,,평화동제2투,1614,1238,979,252,0,0,1,5,1237,1,376
경상북도,안동시,,평화동제3투,2572,2007,1621,377,0,1,2,3,2004,3,565
경상북도,안동시,안기동,소계,5986,4791,3834,930,1,4,7,10,4786,5,1195
경상북도,안동시,,안기동제1투,1509,1233,970,257,0,2,1,3,1233,0,276
경상북도,안동시,,안기동제2투,1925,1496,1227,259,1,1,2,3,1493,3,429
경상북도,안동시,,안기동제3투,2552,2062,1637,414,0,1,4,4,2060,2,490
경상북도,안동시,옥동,소계,15474,12264,9195,2992,3,4,10,23,12227,37,3210
경상북도,안동시,,옥동제1투,3153,2413,1816,590,0,0,2,3,2411,2,740
경상북도,안동시,,옥동제2투,1661,1385,934,439,0,1,2,4,1380,5,276
경상북도,안동시,,옥동제3투,2558,2120,1650,457,2,1,3,1,2114,6,438
경상북도,안동시,,옥동제4투,1716,1233,1043,168,1,0,1,7,1220,13,483
경상북도,안동시,,옥동제5투,2563,2101,1525,571,0,1,0,3,2100,1,462
경상북도,안동시,,옥동제6투,2063,1656,1190,458,0,0,0,3,1651,5,407
경상북도,안동시,,옥동제7투,1760,1356,1037,309,0,1,2,2,1351,5,404
경상북도,안동시,송하동,소계,10502,8275,6261,1955,5,1,7,18,8247,28,2227
경상북도,안동시,,송하동제1투,1917,1435,1139,280,1,0,2,7,1429,6,482
경상북도,안동시,,송하동제2투,2151,1708,1281,417,1,0,2,3,1704,4,443
경상북도,안동시,,송하동제3투,2175,1707,1327,368,1,0,2,2,1700,7,468
경상북도,안동시,,송하동제4투,1952,1572,1151,412,1,1,1,3,1569,3,380
경상북도,안동시,,송하동제5투,2307,1853,1363,478,1,0,0,3,1845,8,454
경상북도,안동시,강남동,소계,6808,5534,3974,1532,0,4,4,6,5520,14,1274
경상북도,안동시,,강남동제1투,1280,941,779,152,0,1,2,4,938,3,339
경상북도,안동시,,강남동제2투,2854,2318,1677,628,0,3,0,2,2310,8,536
경상북도,안동시,,강남동제3투,2674,2275,1518,752,0,0,2,0,2272,3,399
경상북도,안동시,잘못 투입·구분된 투표지,,0,0,0,0,0,0,0,0,0,0,0
경상북도,구미시,소계,,312994,245844,197062,47485,52,104,185,372,245260,584,67150
경상북도,구미시,재외투표,,923,613,378,229,0,0,1,0,608,5,310
경상북도,구미시,국내부재자투표,,9783,8931,6271,2515,4,10,14,24,8838,93,852
경상북도,구미시,소계,,302288,236300,190413,44741,48,94,170,348,235814,486,65988
경상북도,구미시,선산읍,소계,12158,9798,8770,938,3,4,6,25,9746,52,2360
경상북도,구미시,,선산읍제1투,2688,2126,1908,201,2,0,3,7,2121,5,562
경상북도,구미시,,선산읍제2투,2063,1634,1413,214,0,0,0,3,1630,4,429
경상북도,구미시,,선산읍제3투,3153,2580,2343,202,1,3,0,8,2557,23,573
경상북도,구미시,,선산읍제4투,917,765,687,68,0,0,1,1,757,8,152
경상북도,구미시,,선산읍제5투,3337,2693,2419,253,0,1,2,6,2681,12,644
경상북도,구미시,고아읍,소계,23841,19802,16727,2967,7,8,14,32,19755,47,4039
경상북도,구미시,,고아읍제1투,2574,2076,1848,216,0,0,1,4,2069,7,498
경상북도,구미시,,고아읍제2투,3031,2428,2108,303,2,0,4,3,2420,8,603
경상북도,구미시,,고아읍제3투,4436,3758,3075,660,1,3,3,7,3749,9,678
경상북도,구미시,,고아읍제4투,4173,3496,2888,597,0,2,0,3,3490,6,677
경상북도,구미시,,고아읍제5투,2577,2114,1922,179,2,0,1,5,2109,5,463
경상북도,구미시,,고아읍제6투,3182,2667,2340,309,2,1,2,7,2661,6,515
경상북도,구미시,,고아읍제7투,3868,3263,2546,703,0,2,3,3,3257,6,605
경상북도,구미시,무을면,소계,1918,1601,1443,118,1,1,3,27,1593,8,317
경상북도,구미시,,무을면투표소,1918,1601,1443,118,1,1,3,27,1593,8,317
경상북도,구미시,옥성면,소계,1756,1413,1274,102,1,1,1,18,1397,16,343
경상북도,구미시,,옥성면투표소,1756,1413,1274,102,1,1,1,18,1397,16,343
경상북도,구미시,도개면,소계,2215,1755,1580,154,1,0,1,12,1748,7,460
경상북도,구미시,,도개면투표소,2215,1755,1580,154,1,0,1,12,1748,7,460
경상북도,구미시,해평면,소계,4773,3806,3454,303,2,2,3,26,3790,16,967
경상북도,구미시,,해평면제1투,2294,1798,1631,138,1,2,2,17,1791,7,496
경상북도,구미시,,해평면제2투,2479,2008,1823,165,1,0,1,9,1999,9,471
경상북도,구미시,산동면,소계,3241,2547,2259,262,0,1,0,9,2531,16,694
경상북도,구미시,,산동면투표소,3241,2547,2259,262,0,1,0,9,2531,16,694
경상북도,구미시,장천면,소계,3087,2441,2183,215,1,2,2,15,2418,23,646
경상북도,구미시,,장천면투표소,3087,2441,2183,215,1,2,2,15,2418,23,646
경상북도,구미시,송정동,소계,14880,11747,9538,2178,2,4,2,5,11729,18,3133
경상북도,구미시,,송정동제1투,3388,2598,1906,682,1,2,0,1,2592,6,790
경상북도,구미시,,송정동제2투,3253,2477,2072,401,0,0,0,0,2473,4,776
경상북도,구미시,,송정동제3투,4081,3404,2784,613,0,1,0,1,3399,5,677
경상북도,구미시,,송정동제4투,4158,3268,2776,482,1,1,2,3,3265,3,890
경상북도,구미시,원평1동,소계,4242,2793,2450,334,1,2,1,2,2790,3,1449
경상북도,구미시,,원평1동제1투,3093,1919,1680,235,1,1,1,0,1918,1,1174
경상북도,구미시,,원평1동제2투,1149,874,770,99,0,1,0,2,872,2,275
경상북도,구미시,원평2동,소계,4062,3100,2786,307,0,0,1,3,3097,3,962
경상북도,구미시,,원평2동제1투,2294,1712,1562,147,0,0,0,0,1709,3,582
경상북도,구미시,,원평2동제2투,1768,1388,1224,160,0,0,1,3,1388,0,380
경상북도,구미시,지산동,소계,2520,2037,1818,209,2,1,1,2,2033,4,483
경상북도,구미시,,지산동투표소,2520,2037,1818,209,2,1,1,2,2033,4,483
경상북도,구미시,도량동,소계,23478,19050,15588,3392,2,7,15,15,19019,31,4428
경상북도,구미시,,도량동제1투,2319,1832,1587,235,0,0,2,2,1826,6,487
경상북도,구미시,,도량동제2투,3017,2382,1987,385,0,1,0,2,2375,7,635
경상북도,구미시,,도량동제3투,2743,2241,1899,336,0,1,1,2,2239,2,502
경상북도,구미시,,도량동제4투,3164,2512,2088,415,0,1,1,0,2505,7,652
경상북도,구미시,,도량동제5투,3566,2788,2283,486,2,2,2,5,2780,8,778
경상북도,구미시,,도량동제6투,4444,3701,2990,700,0,2,6,2,3700,1,743
경상북도,구미시,,도량동제7투,4225,3594,2754,835,0,0,3,2,3594,0,631
경상북도,구미시,선주원남동,소계,31359,25703,20361,5262,3,5,18,13,25662,41,5656
경상북도,구미시,,선주원남동제1투,4219,3600,2666,922,1,2,2,1,3594,6,619
경상북도,구미시,,선주원남동제2투,4834,3811,3050,752,0,2,3,1,3808,3,1023
경상북도,구미시,,선주원남동제3투,3426,2435,1999,429,0,0,0,2,2430,5,991
경상북도,구미시,,선주원남동제4투,4189,3501,2734,755,0,0,5,0,3494,7,688
경상북도,구미시,,선주원남동제5투,4244,3475,2917,542,2,0,3,4,3468,7,769
경상북도,구미시,,선주원남동제6투,2984,2408,2059,344,0,0,0,0,2403,5,576
경상북도,구미시,,선주원남동제7투,4370,3828,2924,892,0,1,3,4,3824,4,542
경상북도,구미시,,선주원남동제8투,3093,2645,2012,626,0,0,2,1,2641,4,448
경상북도,구미시,형곡1동,소계,11843,9802,7967,1803,2,2,6,4,9784,18,2041
경상북도,구미시,,형곡1동제1투,2551,2112,1692,412,0,1,2,1,2108,4,439
경상북도,구미시,,형곡1동제2투,3487,2862,2344,509,2,0,0,2,2857,5,625
경상북도,구미시,,형곡1동제3투,3040,2565,2083,472,0,0,3,1,2559,6,475
경상북도,구미시,,형곡1동제4투,2765,2263,1848,410,0,1,1,0,2260,3,502
경상북도,구미시,형곡2동,소계,16086,13165,10992,2125,2,5,10,12,13146,19,2921
경상북도,구미시,,형곡2동제1투,3184,2602,2168,422,2,0,5,1,2598,4,582
경상북도,구미시,,형곡2동제2투,3626,2932,2423,501,0,0,1,4,2929,3,694
경상북도,구미시,,형곡2동제3투,2798,2300,1883,412,0,2,0,2,2299,1,498
경상북도,구미시,,형곡2동제4투,3183,2603,2217,373,0,1,2,4,2597,6,580
경상북도,구미시,,형곡2동제5투,3295,2728,2301,417,0,2,2,1,2723,5,567
경상북도,구미시,신평1동,소계,3934,3053,2451,586,0,0,4,6,3047,6,881
경상북도,구미시,,신평1동제1투,2064,1658,1296,357,0,0,1,3,1657,1,406
경상북도,구미시,,신평1동제2투,1870,1395,1155,229,0,0,3,3,1390,5,475
경상북도,구미시,신평2동,소계,2665,2054,1767,275,0,1,0,5,2048,6,611
경상북도,구미시,,신평2동투표소,2665,2054,1767,275,0,1,0,5,2048,6,611
경상북도,구미시,비산동,소계,3441,2721,2218,490,1,5,2,4,2720,1,720
경상북도,구미시,,비산동투표소,3441,2721,2218,490,1,5,2,4,2720,1,720
경상북도,구미시,공단1동,소계,4527,3533,2850,669,0,4,2,6,3531,2,994
경상북도,구미시,,공단1동투표소,4527,3533,2850,669,0,4,2,6,3531,2,994
경상북도,구미시,공단2동,소계,4154,3165,2109,1040,0,0,7,6,3162,3,989
경상북도,구미시,,공단2동투표소,4154,3165,2109,1040,0,0,7,6,3162,3,989
경상북도,구미시,광평동,소계,3580,2815,2357,450,1,0,0,4,2812,3,765
경상북도,구미시,,광평동투표소,3580,2815,2357,450,1,0,0,4,2812,3,765
경상북도,구미시,상모사곡동,소계,20805,16134,13189,2884,4,6,12,13,16108,26,4671
경상북도,구미시,,상모사곡동제1투,4920,3548,2847,683,1,4,3,6,3544,4,1372
경상북도,구미시,,상모사곡동제2투,1972,1592,1341,246,0,0,1,2,1590,2,380
경상북도,구미시,,상모사곡동제3투,5676,4152,3384,748,2,0,6,2,4142,10,1524
경상북도,구미시,,상모사곡동제4투,2213,1768,1512,250,1,0,0,2,1765,3,445
경상북도,구미시,,상모사곡동제5투,3228,2606,2092,509,0,1,1,0,2603,3,622
경상북도,구미시,,상모사곡동제6투,2796,2468,2013,448,0,1,1,1,2464,4,328
경상북도,구미시,임오동,소계,12052,9668,7891,1738,0,7,7,14,9657,11,2384
경상북도,구미시,,임오동제1투,3914,3141,2553,574,0,1,1,6,3135,6,773
경상북도,구미시,,임오동제2투,2989,2391,1979,405,0,1,1,3,2389,2,598
경상북도,구미시,,임오동제3투,3251,2681,2202,471,0,3,2,2,2680,1,570
경상북도,구미시,,임오동제4투,1898,1455,1157,288,0,2,3,3,1453,2,443
경상북도,구미시,인동동,소계,39515,29090,22299,6678,5,13,18,35,29048,42,10425
경상북도,구미시,,인동동제1투,3666,2630,2228,392,1,1,0,3,2625,5,1036
경상북도,구미시,,인동동제2투,2546,1926,1366,546,0,2,1,4,1919,7,620
경상북도,구미시,,인동동제3투,4125,2933,2301,622,0,1,1,5,2930,3,1192
경상북도,구미시,,인동동제4투,2869,2163,1786,366,1,0,1,4,2158,5,706
경상북도,구미시,,인동동제5투,3168,2307,1923,371,0,1,2,4,2301,6,861
경상북도,구미시,,인동동제6투,3441,2708,2201,492,0,3,3,5,2704,4,733
경상북도,구미시,,인동동제7투,4492,3021,2234,778,1,1,2,1,3017,4,1471
경상북도,구미시,,인동동제8투,3653,2204,1720,480,0,0,1,1,2202,2,1449
경상북도,구미시,,인동동제9투,3708,3127,2269,846,1,2,3,2,3123,4,581
경상북도,구미시,,인동동제10투,5583,4279,3010,1259,0,2,2,4,4277,2,1304
경상북도,구미시,,인동동제11투,2264,1792,1261,526,1,0,2,2,1792,0,472
경상북도,구미시,진미동,소계,18191,11498,7862,3574,5,8,10,12,11471,27,6693
경상북도,구미시,,진미동제1투,3869,2743,1423,1287,4,2,2,8,2726,17,1126
경상북도,구미시,,진미동제2투,4089,2442,1832,604,0,2,1,0,2439,3,1647
경상북도,구미시,,진미동제3투,4910,2845,2138,696,0,3,3,3,2843,2,2065
경상북도,구미시,,진미동제4투,5323,3468,2469,987,1,1,4,1,3463,5,1855
경상북도,구미시,양포동,소계,27965,22009,16230,5688,2,5,24,23,21972,37,5956
경상북도,구미시,,양포동제1투,4944,3621,2461,1143,0,0,7,4,3615,6,1323
경상북도,구미시,,양포동제2투,4752,4002,2701,1287,1,1,6,1,3997,5,750
경상북도,구미시,,양포동제3투,1938,1562,1248,301,0,0,3,6,1558,4,376
경상북도,구미시,,양포동제4투,3516,2699,2046,645,1,0,3,2,2697,2,817
경상북도,구미시,,양포동제5투,3837,3135,2376,743,0,2,3,2,3126,9,702
경상북도,구미시,,양포동제6투,3057,2379,1901,470,0,0,0,5,2376,3,678
경상북도,구미시,,양포동제7투,3077,2398,1830,560,0,1,0,2,2393,5,679
경상북도,구미시,,양포동제8투,2844,2213,1667,539,0,1,2,1,2210,3,631
경상북도,영주시,소계,,92433,72614,56360,15493,32,33,88,269,72275,339,19819
경상북도,영주시,재외투표,,223,169,70,94,1,0,2,0,167,2,54
경상북도,영주시,국내부재자투표,,3631,3249,1961,1192,8,5,8,16,3190,59,382
경상북도,영주시,소계,,88579,69196,54329,14207,23,28,78,253,68918,278,19383
경상북도,영주시,풍기읍,소계,10167,7677,6157,1441,5,2,8,26,7639,38,2490
경상북도,영주시,,풍기읍제1투,2387,1728,1381,330,1,2,5,1,1720,8,659
경상북도,영주시,,풍기읍제2투,2197,1702,1388,300,0,0,1,5,1694,8,495
경상북도,영주시,,풍기읍제3투,2081,1579,1232,332,0,0,0,7,1571,8,502
경상북도,영주시,,풍기읍제4투,2201,1643,1289,338,3,0,2,7,1639,4,558
경상북도,영주시,,풍기읍제5투,1301,1025,867,141,1,0,0,6,1015,10,276
경상북도,영주시,이산면,소계,2553,1958,1587,338,2,1,2,21,1951,7,595
경상북도,영주시,,이산면제1투,1398,1076,857,208,1,1,2,4,1073,3,322
경상북도,영주시,,이산면제2투,1155,882,730,130,1,0,0,17,878,4,273
경상북도,영주시,평은면,소계,1738,1322,1115,188,1,0,2,13,1319,3,416
경상북도,영주시,,평은면투표소,1738,1322,1115,188,1,0,2,13,1319,3,416
경상북도,영주시,문수면,소계,1804,1456,1178,228,3,2,4,15,1430,26,348
경상북도,영주시,,문수면투표소,1804,1456,1178,228,3,2,4,15,1430,26,348
경상북도,영주시,장수면,소계,2127,1674,1443,207,0,0,2,12,1664,10,453
경상북도,영주시,,장수면제1투,1491,1149,983,150,0,0,2,9,1144,5,342
경상북도,영주시,,장수면제2투,636,525,460,57,0,0,0,3,520,5,111
경상북도,영주시,안정면,소계,2974,2312,1925,353,0,0,0,14,2292,20,662
경상북도,영주시,,안정면제1투,2045,1582,1311,244,0,0,0,11,1566,16,463
경상북도,영주시,,안정면제2투,929,730,614,109,0,0,0,3,726,4,199
경상북도,영주시,봉현면,소계,2751,2149,1827,292,0,0,1,15,2135,14,602
경상북도,영주시,,봉현면제1투,1904,1447,1228,206,0,0,0,6,1440,7,457
경상북도,영주시,,봉현면제2투,847,702,599,86,0,0,1,9,695,7,145
경상북도,영주시,순흥면,소계,2106,1695,1420,248,2,0,0,14,1684,11,411
경상북도,영주시,,순흥면투표소,2106,1695,1420,248,2,0,0,14,1684,11,411
경상북도,영주시,단산면,소계,1948,1564,1281,254,0,0,4,17,1556,8,384
경상북도,영주시,,단산면제1투,1131,887,710,158,0,0,3,11,882,5,244
경상북도,영주시,,단산면제2투,817,677,571,96,0,0,1,6,674,3,140
경상북도,영주시,부석면,소계,3146,2449,2011,398,2,1,3,20,2435,14,697
경상북도,영주시,,부석면제1투,2371,1819,1500,292,2,0,2,12,1808,11,552
경상북도,영주시,,부석면제2투,775,630,511,106,0,1,1,8,627,3,145
경상북도,영주시,상망동,소계,6962,5444,4197,1203,1,2,7,13,5423,21,1518
경상북도,영주시,,상망동제1투,1509,1115,953,153,0,0,1,3,1110,5,394
경상북도,영주시,,상망동제2투,3220,2574,1907,656,0,1,4,3,2571,3,646
경상북도,영주시,,상망동제3투,2233,1755,1337,394,1,1,2,7,1742,13,478
경상북도,영주시,하망동,소계,5902,4711,3643,1049,0,2,5,6,4705,6,1191
경상북도,영주시,,하망동제1투,2351,1839,1445,388,0,0,1,4,1838,1,512
경상북도,영주시,,하망동제2투,1367,1169,822,342,0,1,2,1,1168,1,198
경상북도,영주시,,하망동제3투,2184,1703,1376,319,0,1,2,1,1699,4,481
경상북도,영주시,영주1동,소계,4491,3370,2803,540,0,3,3,9,3358,12,1121
경상북도,영주시,,영주1동제1투,2380,1802,1508,280,0,2,1,5,1796,6,578
경상북도,영주시,,영주1동제2투,2111,1568,1295,260,0,1,2,4,1562,6,543
경상북도,영주시,영주2동,소계,3848,3025,2353,647,0,1,4,8,3013,12,823
경상북도,영주시,,영주2동제1투,2253,1765,1331,422,0,1,2,4,1760,5,488
경상북도,영주시,,영주2동제2투,1595,1260,1022,225,0,0,2,4,1253,7,335
경상북도,영주시,휴천1동,소계,5411,4321,3214,1087,0,3,3,6,4313,8,1090
경상북도,영주시,,휴천1동제1투,2348,1843,1476,360,0,2,1,4,1843,0,505
경상북도,영주시,,휴천1동제2투,3063,2478,1738,727,0,1,2,2,2470,8,585
경상북도,영주시,휴천2동,소계,8257,6414,4877,1502,2,3,5,9,6398,16,1843
경상북도,영주시,,휴천2동제1투,1617,1220,973,242,1,0,2,1,1219,1,397
경상북도,영주시,,휴천2동제2투,2086,1496,1148,335,0,1,2,4,1490,6,590
경상북도,영주시,,휴천2동제3투,1340,1025,849,168,1,2,0,2,1022,3,315
경상북도,영주시,,휴천2동제4투,1932,1613,1132,474,0,0,1,1,1608,5,319
경상북도,영주시,,휴천2동제5투,1282,1060,775,283,0,0,0,1,1059,1,222
경상북도,영주시,휴천3동,소계,7389,5896,4360,1500,1,1,10,9,5881,15,1493
경상북도,영주시,,휴천3동제1투,2525,1994,1586,399,0,0,5,0,1990,4,531
경상북도,영주시,,휴천3동제2투,2529,1967,1455,497,1,1,3,2,1959,8,562
경상북도,영주시,,휴천3동제3투,2335,1935,1319,604,0,0,2,7,1932,3,400
경상북도,영주시,가흥1동,소계,9453,7352,5572,1732,2,4,9,11,7330,22,2101
경상북도,영주시,,가흥1동제1투,1322,1003,796,202,0,0,2,2,1002,1,319
경상북도,영주시,,가흥1동제2투,1226,952,779,167,0,0,1,2,949,3,274
경상북도,영주시,,가흥1동제3투,1246,962,797,159,2,0,2,0,960,2,284
경상북도,영주시,,가흥1동제4투,2451,1949,1437,504,0,3,1,0,1945,4,502
경상북도,영주시,,가흥1동제5투,3208,2486,1763,700,0,1,3,7,2474,12,722
경상북도,영주시,가흥2동,소계,5552,4407,3366,1000,2,3,6,15,4392,15,1145
경상북도,영주시,,가흥2동제1투,2560,2052,1578,449,1,1,5,10,2044,8,508
경상북도,영주시,,가흥2동제2투,2992,2355,1788,551,1,2,1,5,2348,7,637
경상북도,영천시,소계,,86316,66924,54748,11372,27,28,80,228,66483,441,19392
경상북도,영천시,재외투표,,417,255,163,85,1,0,1,2,252,3,162
경상북도,영천시,국내부재자투표,,2948,2716,1781,838,5,4,9,7,2644,72,232
경상북도,영천시,소계,,82951,63953,52804,10449,21,24,70,219,63587,366,18998
경상북도,영천시,금호읍,소계,10338,7702,6418,1225,1,5,7,12,7668,34,2636
경상북도,영천시,,금호읍제1투,2142,1613,1347,255,0,1,1,1,1605,8,529
경상북도,영천시,,금호읍제2투,2768,2145,1770,363,0,2,3,1,2139,6,623
경상북도,영천시,,금호읍제3투,1156,895,729,158,0,1,0,2,890,5,261
경상북도,영천시,,금호읍제4투,1605,1250,1062,179,1,0,1,2,1245,5,355
경상북도,영천시,,금호읍제5투,893,708,609,90,0,0,1,4,704,4,185
경상북도,영천시,,금호읍제6투,1774,1091,901,180,0,1,1,2,1085,6,683
경상북도,영천시,청통면,소계,4013,3144,2641,464,2,2,6,7,3122,22,869
경상북도,영천시,,청통면제1투,2681,2078,1734,317,2,2,3,3,2061,17,603
경상북도,영천시,,청통면제2투,1332,1066,907,147,0,0,3,4,1061,5,266
경상북도,영천시,신녕면,소계,3936,3076,2661,364,3,0,4,17,3049,27,860
경상북도,영천시,,신녕면제1투,2182,1699,1468,217,2,0,0,6,1693,6,483
경상북도,영천시,,신녕면제2투,1754,1377,1193,147,1,0,4,11,1356,21,377
경상북도,영천시,화산면,소계,3173,2446,1979,363,5,5,4,22,2378,68,727
경상북도,영천시,,화산면제1투,2160,1635,1308,241,5,4,2,16,1576,59,525
경상북도,영천시,,화산면제2투,1013,811,671,122,0,1,2,6,802,9,202
경상북도,영천시,화북면,소계,2021,1547,1289,230,1,0,2,14,1536,11,474
경상북도,영천시,,화북면투표소,2021,1547,1289,230,1,0,2,14,1536,11,474
경상북도,영천시,화남면,소계,2898,2256,1940,277,1,1,1,10,2230,26,642
경상북도,영천시,,화남면제1투,1878,1431,1243,157,1,1,1,6,1409,22,447
경상북도,영천시,,화남면제2투,1020,825,697,120,0,0,0,4,821,4,195
경상북도,영천시,자양면,소계,1065,838,705,111,0,0,1,10,827,11,227
경상북도,영천시,,자양면투표소,1065,838,705,111,0,0,1,10,827,11,227
경상북도,영천시,임고면,소계,3824,2939,2482,420,0,2,1,21,2926,13,885
경상북도,영천시,,임고면제1투,1427,1089,893,184,0,1,1,6,1085,4,338
경상북도,영천시,,임고면제2투,1320,1034,890,131,0,1,0,7,1029,5,286
경상북도,영천시,,임고면제3투,1077,816,699,105,0,0,0,8,812,4,261
경상북도,영천시,고경면,소계,5389,4235,3523,655,0,0,7,21,4206,29,1154
경상북도,영천시,,고경면제1투,1456,1084,911,156,0,0,1,6,1074,10,372
경상북도,영천시,,고경면제2투,2612,2125,1727,369,0,0,6,8,2110,15,487
경상북도,영천시,,고경면제3투,1321,1026,885,130,0,0,0,7,1022,4,295
경상북도,영천시,북안면,소계,4090,3117,2575,488,0,2,3,20,3088,29,973
경상북도,영천시,,북안면제1투,2152,1598,1330,229,0,1,1,15,1576,22,554
경상북도,영천시,,북안면제2투,1938,1519,1245,259,0,1,2,5,1512,7,419
경상북도,영천시,대창면,소계,2882,2248,1913,308,2,0,1,13,2237,11,634
경상북도,영천시,,대창면투표소,2882,2248,1913,308,2,0,1,13,2237,11,634
경상북도,영천시,동부동,소계,19824,15398,12284,3026,4,3,21,21,15359,39,4426
경상북도,영천시,,동부동제1투,3306,2571,2045,509,1,1,4,4,2564,7,735
경상북도,영천시,,동부동제2투,3406,2522,2046,465,0,0,3,1,2515,7,884
경상북도,영천시,,동부동제3투,3308,2611,2104,497,2,0,3,0,2606,5,697
경상북도,영천시,,동부동제4투,2722,2084,1734,337,0,0,4,4,2079,5,638
경상북도,영천시,,동부동제5투,3413,2746,2136,589,0,2,2,8,2737,9,667
경상북도,영천시,,동부동제6투,3669,2864,2219,629,1,0,5,4,2858,6,805
경상북도,영천시,중앙동,소계,7450,5816,4658,1114,2,1,5,12,5792,24,1634
경상북도,영천시,,중앙동제1투,3839,2910,2259,627,2,1,2,8,2899,11,929
경상북도,영천시,,중앙동제2투,2455,2023,1629,381,0,0,2,3,2015,8,432
경상북도,영천시,,중앙동제3투,1156,883,770,106,0,0,1,1,878,5,273
경상북도,영천시,서부동,소계,4791,3680,3083,572,0,1,4,10,3670,10,1111
경상북도,영천시,,서부동제1투,2611,2039,1689,338,0,1,1,5,2034,5,572
경상북도,영천시,,서부동제2투,2180,1641,1394,234,0,0,3,5,1636,5,539
경상북도,영천시,완산동,소계,4014,3070,2546,515,0,1,1,3,3066,4,944
경상북도,영천시,,완산동제1투,2286,1759,1451,300,0,1,1,3,1756,3,527
경상북도,영천시,,완산동제2투,1728,1311,1095,215,0,0,0,0,1310,1,417
경상북도,영천시,남부동,소계,3243,2441,2107,317,0,1,2,6,2433,8,802
경상북도,영천시,,남부동제1투,1233,898,788,107,0,0,1,2,898,0,335
경상북도,영천시,,남부동제2투,2010,1543,1319,210,0,1,1,4,1535,8,467
경상북도,상주시,소계,,87996,69898,58560,10254,26,34,89,462,69425,473,18098
경상북도,상주시,재외투표,,381,255,179,73,0,1,0,2,255,0,126
경상북도,상주시,국내부재자투표,,4029,3504,2331,1049,6,3,9,20,3418,86,525
경상북도,상주시,소계,,83586,66139,56050,9132,20,30,80,440,65752,387,17447
경상북도,상주시,함창읍,소계,5771,4596,3981,554,0,1,5,32,4573,23,1175
경상북도,상주시,,함창읍제1투,2004,1568,1352,197,0,0,1,12,1562,6,436
경상북도,상주시,,함창읍제2투,1990,1609,1369,222,0,0,3,7,1601,8,381
경상북도,상주시,,함창읍제3투,1777,1419,1260,135,0,1,1,13,1410,9,358
경상북도,상주시,사벌면,소계,3591,2985,2603,313,1,2,2,30,2951,34,606
경상북도,상주시,,사벌면제1투,2315,1907,1662,196,1,2,2,20,1883,24,408
경상북도,상주시,,사벌면제2투,1276,1078,941,117,0,0,0,10,1068,10,198
경상북도,상주시,중동면,소계,1505,1207,1093,93,1,0,1,9,1197,10,298
경상북도,상주시,,중동면투표소,1505,1207,1093,93,1,0,1,9,1197,10,298
경상북도,상주시,낙동면,소계,3927,3117,2735,315,1,1,2,34,3088,29,810
경상북도,상주시,,낙동면제1투,1806,1407,1232,152,0,0,1,11,1396,11,399
경상북도,상주시,,낙동면제2투,1038,816,730,78,1,1,0,4,814,2,222
경상북도,상주시,,낙동면제3투,1083,894,773,85,0,0,1,19,878,16,189
경상북도,상주시,청리면,소계,2809,2245,2015,193,0,0,2,16,2226,19,564
경상북도,상주시,,청리면제1투,1853,1469,1311,134,0,0,1,12,1458,11,384
경상북도,상주시,,청리면제2투,956,776,704,59,0,0,1,4,768,8,180
경상북도,상주시,공성면,소계,4176,3188,2825,302,0,2,3,29,3161,27,988
경상북도,상주시,,공성면제1투,1654,1287,1159,116,0,1,0,7,1283,4,367
경상북도,상주시,,공성면제2투,1545,1146,1007,112,0,1,1,12,1133,13,399
경상북도,상주시,,공성면제3투,977,755,659,74,0,0,2,10,745,10,222
경상북도,상주시,외남면,소계,1695,1358,1179,150,0,0,1,13,1343,15,337
경상북도,상주시,,외남면투표소,1695,1358,1179,150,0,0,1,13,1343,15,337
경상북도,상주시,내서면,소계,1786,1479,1280,163,1,1,4,18,1467,12,307
경상북도,상주시,,내서면제1투,829,670,598,57,1,0,1,8,665,5,159
경상북도,상주시,,내서면제2투,957,809,682,106,0,1,3,10,802,7,148
경상북도,상주시,모동면,소계,2372,1820,1457,343,0,1,2,7,1810,10,552
경상북도,상주시,,모동면제1투,1315,1001,814,174,0,1,2,4,995,6,314
경상북도,상주시,,모동면제2투,1057,819,643,169,0,0,0,3,815,4,238
경상북도,상주시,모서면,소계,2371,1813,1500,270,1,1,2,19,1793,20,558
경상북도,상주시,,모서면제1투,1649,1255,1060,174,0,0,1,9,1244,11,394
경상북도,상주시,,모서면제2투,722,558,440,96,1,1,1,10,549,9,164
경상북도,상주시,화동면,소계,1901,1506,1296,185,0,0,3,15,1499,7,395
경상북도,상주시,,화동면투표소,1901,1506,1296,185,0,0,3,15,1499,7,395
경상북도,상주시,화서면,소계,2506,1955,1675,230,0,4,5,25,1939,16,551
경상북도,상주시,,화서면제1투,1224,955,821,115,0,0,1,12,949,6,269
경상북도,상주시,,화서면제2투,1282,1000,854,115,0,4,4,13,990,10,282
경상북도,상주시,화북면,소계,1382,1159,935,195,4,2,4,11,1151,8,223
경상북도,상주시,,화북면투표소,1382,1159,935,195,4,2,4,11,1151,8,223
경상북도,상주시,외서면,소계,2607,2075,1744,287,0,1,1,29,2062,13,532
경상북도,상주시,,외서면제1투,1719,1358,1120,207,0,1,1,19,1348,10,361
경상북도,상주시,,외서면제2투,888,717,624,80,0,0,0,10,714,3,171
경상북도,상주시,은척면,소계,1557,1248,1115,107,0,0,1,13,1236,12,309
경상북도,상주시,,은척면제1투,1205,957,850,88,0,0,1,9,948,9,248
경상북도,상주시,,은척면제2투,352,291,265,19,0,0,0,4,288,3,61
경상북도,상주시,공검면,소계,2227,1836,1624,166,0,2,4,26,1822,14,391
경상북도,상주시,,공검면제1투,1340,1103,983,99,0,2,2,9,1095,8,237
경상북도,상주시,,공검면제2투,887,733,641,67,0,0,2,17,727,6,154
경상북도,상주시,이안면,소계,1985,1639,1456,130,1,1,1,31,1620,19,346
경상북도,상주시,,이안면제1투,1291,1062,944,80,0,1,1,26,1052,10,229
경상북도,상주시,,이안면제2투,694,577,512,50,1,0,0,5,568,9,117
경상북도,상주시,화남면,소계,756,574,488,69,0,1,4,8,570,4,182
경상북도,상주시,,화남면투표소,756,574,488,69,0,1,4,8,570,4,182
경상북도,상주시,남원동,소계,9444,7469,6162,1268,1,0,7,10,7448,21,1975
경상북도,상주시,,남원동제1투,2107,1570,1325,234,0,0,2,2,1563,7,537
경상북도,상주시,,남원동제2투,1227,983,834,145,0,0,2,1,982,1,244
경상북도,상주시,,남원동제3투,1732,1413,1143,262,0,0,2,3,1410,3,319
경상북도,상주시,,남원동제4투,1462,1158,937,218,0,0,1,1,1157,1,304
경상북도,상주시,,남원동제5투,1144,936,762,168,1,0,0,1,932,4,208
경상북도,상주시,,남원동제6투,1772,1409,1161,241,0,0,0,2,1404,5,363
경상북도,상주시,북문동,소계,4860,3755,3130,594,1,2,4,12,3743,12,1105
경상북도,상주시,,북문동제1투,1336,1006,844,155,0,1,1,2,1003,3,330
경상북도,상주시,,북문동제2투,1165,935,773,157,1,1,0,1,933,2,230
경상북도,상주시,,북문동제3투,1639,1238,1000,228,0,0,3,3,1234,4,401
경상북도,상주시,,북문동제4투,720,576,513,54,0,0,0,6,573,3,144
경상북도,상주시,계림동,소계,6676,5214,4385,789,6,1,2,13,5196,18,1462
경상북도,상주시,,계림동제1투,2461,1914,1620,269,4,0,0,7,1900,14,547
경상북도,상주시,,계림동제2투,2199,1734,1429,300,1,0,2,0,1732,2,465
경상북도,상주시,,계림동제3투,2016,1566,1336,220,1,1,0,6,1564,2,450
경상북도,상주시,동문동,소계,7283,5725,4755,924,0,4,10,14,5707,18,1558
경상북도,상주시,,동문동제1투,2840,2283,1794,473,0,3,8,1,2279,4,557
경상북도,상주시,,동문동제2투,1541,1180,1039,125,0,1,0,9,1174,6,361
경상북도,상주시,,동문동제3투,1750,1370,1182,179,0,0,1,3,1365,5,380
경상북도,상주시,,동문동제4투,1152,892,740,147,0,0,1,1,889,3,260
경상북도,상주시,동성동,소계,3506,2715,2332,362,0,0,2,11,2707,8,791
경상북도,상주시,,동성동제1투,1501,1158,966,183,0,0,1,3,1153,5,343
경상북도,상주시,,동성동제2투,1010,775,671,99,0,0,1,3,774,1,235
경상북도,상주시,,동성동제3투,995,782,695,80,0,0,0,5,780,2,213
경상북도,상주시,신흥동,소계,6893,5461,4285,1130,2,3,8,15,5443,18,1432
경상북도,상주시,,신흥동제1투,2533,2036,1611,409,0,1,4,3,2028,8,497
경상북도,상주시,,신흥동제2투,1367,1037,892,127,1,1,0,10,1031,6,330
경상북도,상주시,,신흥동제3투,2993,2388,1782,594,1,1,4,2,2384,4,605
경상북도,문경시,소계,,63468,50066,41762,7609,24,27,69,226,49717,349,13402
경상북도,문경시,재외투표,,211,152,87,63,0,0,0,0,150,2,59
경상북도,문경시,국내부재자투표,,3654,3149,2090,861,9,7,17,17,3001,148,505
경상북도,문경시,소계,,59603,46765,39585,6685,15,20,52,209,46566,199,12838
경상북도,문경시,문경읍,소계,6141,4702,4135,514,2,0,3,22,4676,26,1439
경상북도,문경시,,문경읍제1투,2792,2079,1827,234,1,0,0,8,2070,9,713
경상북도,문경시,,문경읍제2투,2388,1880,1660,201,1,0,3,5,1870,10,508
경상북도,문경시,,문경읍제3투,961,743,648,79,0,0,0,9,736,7,218
경상북도,문경시,가은읍,소계,3672,2849,2407,383,3,4,4,23,2824,25,823
경상북도,문경시,,가은읍제1투,2975,2332,2021,268,2,1,4,17,2313,19,643
경상북도,문경시,,가은읍제2투,697,517,386,115,1,3,0,6,511,6,180
경상북도,문경시,영순면,소계,2221,1788,1587,173,0,0,1,18,1779,9,433
경상북도,문경시,,영순면투표소,2221,1788,1587,173,0,0,1,18,1779,9,433
경상북도,문경시,산양면,소계,2979,2420,2128,265,0,3,2,12,2410,10,559
경상북도,문경시,,산양면제1투,1498,1199,1066,119,0,2,2,5,1194,5,299
경상북도,문경시,,산양면제2투,1481,1221,1062,146,0,1,0,7,1216,5,260
경상북도,문경시,호계면,소계,2165,1649,1441,178,0,2,4,15,1640,9,516
경상북도,문경시,,호계면투표소,2165,1649,1441,178,0,2,4,15,1640,9,516
경상북도,문경시,산북면,소계,2614,2105,1827,236,1,2,2,21,2089,16,509
경상북도,문경시,,산북면투표소,2614,2105,1827,236,1,2,2,21,2089,16,509
경상북도,문경시,동로면,소계,1558,1209,1021,162,0,1,3,13,1200,9,349
경상북도,문경시,,동로면투표소,1558,1209,1021,162,0,1,3,13,1200,9,349
경상북도,문경시,마성면,소계,3257,2555,2252,265,1,3,2,18,2541,14,702
경상북도,문경시,,마성면제1투,1458,1127,1005,104,1,1,1,8,1120,7,331
경상북도,문경시,,마성면제2투,1799,1428,1247,161,0,2,1,10,1421,7,371
경상북도,문경시,농암면,소계,2304,1855,1625,191,4,0,1,21,1842,13,449
경상북도,문경시,,농암면제1투,1558,1249,1097,128,1,0,1,14,1241,8,309
경상북도,문경시,,농암면제2투,746,606,528,63,3,0,0,7,601,5,140
경상북도,문경시,점촌1동,소계,5040,3909,3356,533,0,0,3,8,3900,9,1131
경상북도,문경시,,점촌1동제1투,2074,1570,1336,226,0,0,2,1,1565,5,504
경상북도,문경시,,점촌1동제2투,1465,1161,1014,144,0,0,1,2,1161,0,304
경상북도,문경시,,점촌1동제3투,1501,1178,1006,163,0,0,0,5,1174,4,323
경상북도,문경시,점촌2동,소계,6535,5082,4392,667,0,0,7,4,5070,12,1453
경상북도,문경시,,점촌2동제1투,2447,1900,1663,226,0,0,2,3,1894,6,547
경상북도,문경시,,점촌2동제2투,1478,1159,1012,141,0,0,3,0,1156,3,319
경상북도,문경시,,점촌2동제3투,2610,2023,1717,300,0,0,2,1,2020,3,587
경상북도,문경시,점촌3동,소계,7724,6002,4967,1003,0,1,5,12,5988,14,1722
경상북도,문경시,,점촌3동제1투,3447,2681,2265,397,0,1,3,9,2675,6,766
경상북도,문경시,,점촌3동제2투,4277,3321,2702,606,0,0,2,3,3313,8,956
경상북도,문경시,점촌4동,소계,3057,2356,2026,293,1,0,4,15,2339,17,701
경상북도,문경시,,점촌4동제1투,1750,1318,1148,150,1,0,1,11,1311,7,432
경상북도,문경시,,점촌4동제2투,1307,1038,878,143,0,0,3,4,1028,10,269
경상북도,문경시,점촌5동,소계,10336,8284,6421,1822,3,4,11,7,8268,16,2052
경상북도,문경시,,점촌5동제1투,4372,3440,2666,754,2,2,2,5,3431,9,932
경상북도,문경시,,점촌5동제2투,2757,2190,1744,437,1,2,2,2,2188,2,567
경상북도,문경시,,점촌5동제3투,3207,2654,2011,631,0,0,7,0,2649,5,553
경상북도,예천군,소계,,40063,32134,26663,4564,112,47,55,261,31702,432,7929
경상북도,예천군,재외투표,,196,142,88,51,0,0,0,0,139,3,54
경상북도,예천군,국내부재자투표,,2082,1845,1232,492,3,6,9,3,1745,100,237
경상북도,예천군,소계,,37785,30146,25342,4021,109,41,46,258,29817,329,7639
경상북도,예천군,예천읍,소계,13578,10609,8707,1757,31,4,11,28,10538,71,2969
경상북도,예천군,,예천읍제1투,2277,1689,1389,289,2,0,2,2,1684,5,588
경상북도,예천군,,예천읍제2투,2648,2134,1722,382,5,4,3,5,2121,13,514
경상북도,예천군,,예천읍제3투,2708,2051,1671,343,8,0,4,7,2033,18,657
경상북도,예천군,,예천읍제4투,2618,2104,1766,302,9,0,2,8,2087,17,514
경상북도,예천군,,예천읍제5투,3327,2631,2159,441,7,0,0,6,2613,18,696
경상북도,예천군,용문면,소계,2308,1883,1622,225,1,2,3,19,1872,11,425
경상북도,예천군,,용문면투표소,2308,1883,1622,225,1,2,3,19,1872,11,425
경상북도,예천군,상리면,소계,1062,857,719,116,0,0,2,15,852,5,205
경상북도,예천군,,상리면제1투,589,470,388,68,0,0,2,10,468,2,119
경상북도,예천군,,상리면제2투,473,387,331,48,0,0,0,5,384,3,86
경상북도,예천군,하리면,소계,1249,1052,890,138,2,0,2,10,1042,10,197
경상북도,예천군,,하리면투표소,1249,1052,890,138,2,0,2,10,1042,10,197
경상북도,예천군,감천면,소계,2577,2062,1738,272,1,0,4,24,2039,23,515
경상북도,예천군,,감천면제1투,1628,1291,1079,178,1,0,1,14,1273,18,337
경상북도,예천군,,감천면제2투,949,771,659,94,0,0,3,10,766,5,178
경상북도,예천군,보문면,소계,1629,1336,1133,160,0,0,2,21,1316,20,293
경상북도,예천군,,보문면제1투,842,686,585,86,0,0,0,8,679,7,156
경상북도,예천군,,보문면제2투,787,650,548,74,0,0,2,13,637,13,137
경상북도,예천군,호명면,소계,2463,1970,1677,212,10,2,4,30,1935,35,493
경상북도,예천군,,호명면제1투,1348,1079,922,117,5,1,1,15,1061,18,269
경상북도,예천군,,호명면제2투,1115,891,755,95,5,1,3,15,874,17,224
경상북도,예천군,유천면,소계,2566,2042,1692,296,2,2,4,24,2020,22,524
경상북도,예천군,,유천면투표소,2566,2042,1692,296,2,2,4,24,2020,22,524
경상북도,예천군,용궁면,소계,2620,2133,1860,216,3,1,2,28,2110,23,487
경상북도,예천군,,용궁면제1투,1714,1394,1221,146,1,1,1,12,1382,12,320
경상북도,예천군,,용궁면제2투,906,739,639,70,2,0,1,16,728,11,167
경상북도,예천군,개포면,소계,1517,1241,1095,117,0,0,5,15,1232,9,276
경상북도,예천군,,개포면투표소,1517,1241,1095,117,0,0,5,15,1232,9,276
경상북도,예천군,지보면,소계,2939,2331,1942,263,30,21,4,20,2280,51,608
경상북도,예천군,,지보면제1투,2088,1669,1397,186,15,19,3,14,1634,35,419
경상북도,예천군,,지보면제2투,851,662,545,77,15,2,1,6,646,16,189
경상북도,예천군,풍양면,소계,3277,2630,2267,249,29,9,3,24,2581,49,647
경상북도,예천군,,풍양면제1투,1903,1510,1299,147,16,7,1,12,1482,28,393
경상북도,예천군,,풍양면제2투,1374,1120,968,102,13,2,2,12,1099,21,254
경상북도,예천군,잘못 투입·구분된 투표지,,0,1,1,0,0,0,0,0,1,0,-1
경상북도,경산시,소계,,195908,151391,118865,30881,124,120,280,322,150592,799,44517
경상북도,경산시,재외투표,,759,494,251,241,0,0,1,0,493,1,265
경상북도,경산시,국내부재자투표,,5126,4803,3211,1482,5,7,14,10,4729,74,323
경상북도,경산시,소계,,190023,146077,115389,29155,119,113,265,312,145353,724,43946
경상북도,경산시,하양읍,소계,20311,15828,12700,2935,13,9,26,53,15736,92,4483
경상북도,경산시,,하양읍제1투,2597,1828,1484,325,2,2,5,3,1821,7,769
경상북도,경산시,,하양읍제2투,2877,2283,1812,449,0,2,4,6,2273,10,594
경상북도,경산시,,하양읍제3투,4487,3580,2705,854,1,0,6,3,3569,11,907
경상북도,경산시,,하양읍제4투,990,795,699,82,2,0,2,4,789,6,195
경상북도,경산시,,하양읍제5투,1609,1246,995,226,2,0,2,8,1233,13,363
경상북도,경산시,,하양읍제6투,3253,2485,2071,365,2,1,4,14,2457,28,768
경상북도,경산시,,하양읍제7투,2358,1812,1512,267,4,3,3,9,1798,14,546
경상북도,경산시,,하양읍제8투,2140,1799,1422,367,0,1,0,6,1796,3,341
경상북도,경산시,진량읍,소계,28464,21553,16926,4378,38,16,34,46,21438,115,6911
경상북도,경산시,,진량읍제1투,4189,2913,2221,671,2,1,2,2,2899,14,1276
경상북도,경산시,,진량읍제2투,2401,1830,1446,369,1,2,0,4,1822,8,571
경상북도,경산시,,진량읍제3투,1832,1313,1135,148,2,2,2,9,1298,15,519
경상북도,경산시,,진량읍제4투,2811,2086,1675,387,1,3,3,5,2074,12,725
경상북도,경산시,,진량읍제5투,2389,1696,1306,323,14,1,5,14,1663,33,693
경상북도,경산시,,진량읍제6투,2847,2305,1821,467,1,1,3,4,2297,8,542
경상북도,경산시,,진량읍제7투,2393,1891,1480,397,1,0,4,3,1885,6,502
경상북도,경산시,,진량읍제8투,1257,991,811,159,9,1,3,2,985,6,266
경상북도,경산시,,진량읍제9투,3454,2627,2025,588,3,1,4,0,2621,6,827
경상북도,경산시,,진량읍제10투,1992,1577,1242,324,3,1,2,1,1573,4,415
경상북도,경산시,,진량읍제11투,2899,2324,1764,545,1,3,6,2,2321,3,575
경상북도,경산시,와촌면,소계,5421,4091,3457,558,8,4,12,17,4056,35,1330
경상북도,경산시,,와촌면제1투,1887,1379,1189,165,2,1,3,8,1368,11,508
경상북도,경산시,,와촌면제2투,1931,1507,1255,226,4,3,2,4,1494,13,424
경상북도,경산시,,와촌면제3투,1603,1205,1013,167,2,0,7,5,1194,11,398
경상북도,경산시,자인면,소계,5427,4169,3561,526,3,6,19,19,4134,35,1258
경상북도,경산시,,자인면제1투,1729,1376,1183,163,3,2,5,10,1366,10,353
경상북도,경산시,,자인면제2투,1830,1414,1210,176,0,2,9,5,1402,12,416
경상북도,경산시,,자인면제3투,1868,1379,1168,187,0,2,5,4,1366,13,489
경상북도,경산시,용성면,소계,3254,2578,2152,337,4,4,10,28,2535,43,676
경상북도,경산시,,용성면제1투,1509,1151,959,156,1,2,4,15,1137,14,358
경상북도,경산시,,용성면제2투,1352,1098,934,130,3,1,3,5,1076,22,254
경상북도,경산시,,용성면제3투,393,329,259,51,0,1,3,8,322,7,64
경상북도,경산시,남산면,소계,3351,2627,2242,312,2,6,14,11,2587,40,724
경상북도,경산시,,남산면제1투,2207,1728,1461,212,2,5,9,10,1699,29,479
경상북도,경산시,,남산면제2투,1144,899,781,100,0,1,5,1,888,11,245
경상북도,경산시,압량면,소계,12115,8839,6986,1750,11,2,18,18,8785,54,3276
경상북도,경산시,,압량면제1투,3171,2173,1701,454,2,0,6,3,2166,7,998
경상북도,경산시,,압량면제2투,2369,1826,1512,287,5,1,5,5,1815,11,543
경상북도,경산시,,압량면제3투,2763,2060,1722,323,1,0,4,3,2053,7,703
경상북도,경산시,,압량면제4투,1033,812,675,111,2,1,0,4,793,19,221
경상북도,경산시,,압량면제5투,2779,1968,1376,575,1,0,3,3,1958,10,811
경상북도,경산시,남천면,소계,3006,2404,2053,300,1,10,4,17,2385,19,602
경상북도,경산시,,남천면제1투,1878,1493,1278,195,0,7,3,3,1486,7,385
경상북도,경산시,,남천면제2투,1128,911,775,105,1,3,1,14,899,12,217
경상북도,경산시,중앙동,소계,5909,4510,3724,742,2,3,9,12,4492,18,1399
경상북도,경산시,,중앙동제1투,3713,2878,2381,472,2,2,6,6,2869,9,835
경상북도,경산시,,중앙동제2투,2196,1632,1343,270,0,1,3,6,1623,9,564
경상북도,경산시,동부동,소계,24085,18367,14415,3796,13,14,24,27,18289,78,5718
경상북도,경산시,,동부동제1투,2531,1907,1562,323,2,1,2,7,1897,10,624
경상북도,경산시,,동부동제2투,1632,1215,1050,143,2,2,0,2,1199,16,417
경상북도,경산시,,동부동제3투,3060,2271,1848,403,0,0,4,7,2262,9,789
경상북도,경산시,,동부동제4투,2143,1647,1349,285,1,2,3,2,1642,5,496
경상북도,경산시,,동부동제5투,2058,1526,1237,275,3,1,4,1,1521,5,532
경상북도,경산시,,동부동제6투,3141,2384,1861,508,1,1,3,2,2376,8,757
경상북도,경산시,,동부동제7투,3391,2579,1890,678,2,2,1,1,2574,5,812
경상북도,경산시,,동부동제8투,2293,1876,1395,469,1,2,3,0,1870,6,417
경상북도,경산시,,동부동제9투,3836,2962,2223,712,1,3,4,5,2948,14,874
경상북도,경산시,서부1동,소계,30073,23440,18102,5186,7,11,35,26,23367,73,6633
경상북도,경산시,,서부1동제1투,3457,2763,2128,611,1,2,6,4,2752,11,694
경상북도,경산시,,서부1동제2투,4984,3742,2932,783,1,5,3,5,3729,13,1242
경상북도,경산시,,서부1동제3투,2762,2053,1630,405,1,0,3,6,2045,8,709
경상북도,경산시,,서부1동제4투,2151,1608,1194,402,1,3,2,1,1603,5,543
경상북도,경산시,,서부1동제5투,2898,2172,1741,418,1,0,0,2,2162,10,726
경상북도,경산시,,서부1동제6투,3206,2677,2133,531,0,0,4,2,2670,7,529
경상북도,경산시,,서부1동제7투,3629,2858,2299,542,0,1,6,3,2851,7,771
경상북도,경산시,,서부1동제8투,3297,2569,1907,650,2,0,3,1,2563,6,728
경상북도,경산시,,서부1동제9투,3689,2998,2138,844,0,0,8,2,2992,6,691
경상북도,경산시,서부2동,소계,15884,13125,10005,3039,5,8,22,20,13099,26,2759
경상북도,경산시,,서부2동제1투,2691,2168,1649,502,2,0,6,5,2164,4,523
경상북도,경산시,,서부2동제2투,2535,2077,1605,459,1,0,6,1,2072,5,458
경상북도,경산시,,서부2동제3투,3267,2745,2166,564,1,4,2,3,2740,5,522
경상북도,경산시,,서부2동제4투,2589,2232,1656,562,0,2,3,5,2228,4,357
경상북도,경산시,,서부2동제5투,2794,2343,1741,593,1,1,2,1,2339,4,451
경상북도,경산시,,서부2동제6투,2008,1560,1188,359,0,1,3,5,1556,4,448
경상북도,경산시,남부동,소계,13253,10247,8055,2121,5,10,12,7,10210,37,3006
경상북도,경산시,,남부동제1투,3421,2546,2046,481,1,3,1,2,2534,12,875
경상북도,경산시,,남부동제2투,1039,781,660,113,0,0,2,2,777,4,258
경상북도,경산시,,남부동제3투,2282,1801,1447,332,1,5,1,3,1789,12,481
경상북도,경산시,,남부동제4투,3620,2940,2221,706,2,0,2,0,2931,9,680
경상북도,경산시,,남부동제5투,2891,2179,1681,489,1,2,6,0,2179,0,712
경상북도,경산시,북부동,소계,10434,7090,5292,1742,5,6,13,8,7066,24,3344
경상북도,경산시,,북부동제1투,3432,2811,2090,699,3,3,7,2,2804,7,621
경상북도,경산시,,북부동제2투,2795,1535,1136,383,2,1,2,2,1526,9,1260
경상북도,경산시,,북부동제3투,4207,2744,2066,660,0,2,4,4,2736,8,1463
경상북도,경산시,중방동,소계,9036,7209,5719,1433,2,4,13,3,7174,35,1827
경상북도,경산시,,중방동제1투,2569,1926,1580,330,0,1,4,0,1915,11,643
경상북도,경산시,,중방동제2투,2282,1769,1459,294,0,2,2,2,1759,10,513
경상북도,경산시,,중방동제3투,4185,3514,2680,809,2,1,7,1,3500,14,671
경상북도,경산시,잘못 투입·구분된 투표지,,0,17,14,3,0,0,0,0,17,0,-17
경상북도,청도군,소계,,38961,30946,25625,4830,16,16,34,175,30696,250,8015
경상북도,청도군,재외투표,,322,237,167,69,0,0,0,0,236,1,85
경상북도,청도군,국내부재자투표,,2806,2158,1586,492,2,3,5,7,2095,63,648
경상북도,청도군,소계,,35833,28551,23872,4269,14,13,29,168,28365,186,7282
경상북도,청도군,청도읍,소계,10124,7907,6484,1328,3,2,5,39,7861,46,2217
경상북도,청도군,,청도읍제1투,2885,2243,1822,406,0,0,1,9,2238,5,642
경상북도,청도군,,청도읍제2투,3194,2462,1974,464,0,1,3,10,2452,10,732
경상북도,청도군,,청도읍제3투,1001,807,673,115,0,0,1,7,796,11,194
경상북도,청도군,,청도읍제4투,1507,1194,1003,170,0,1,0,10,1184,10,313
경상북도,청도군,,청도읍제5투,1537,1201,1012,173,3,0,0,3,1191,10,336
경상북도,청도군,화양읍,소계,6187,4935,4008,870,1,4,8,17,4908,27,1252
경상북도,청도군,,화양읍제1투,1547,1205,1003,186,0,0,3,5,1197,8,342
경상북도,청도군,,화양읍제2투,2761,2211,1746,441,1,2,4,7,2201,10,550
경상북도,청도군,,화양읍제3투,812,666,535,125,0,2,0,2,664,2,146
경상북도,청도군,,화양읍제4투,1067,853,724,118,0,0,1,3,846,7,214
경상북도,청도군,각남면,소계,1878,1592,1360,207,3,0,2,14,1586,6,286
경상북도,청도군,,각남면제1투,1250,1053,881,161,1,0,1,5,1049,4,197
경상북도,청도군,,각남면제2투,628,539,479,46,2,0,1,9,537,2,89
경상북도,청도군,풍각면,소계,3514,2760,2370,332,0,0,2,28,2732,28,754
경상북도,청도군,,풍각면제1투,2105,1626,1401,199,0,0,2,8,1610,16,479
경상북도,청도군,,풍각면제2투,865,673,580,71,0,0,0,13,664,9,192
경상북도,청도군,,풍각면제3투,544,461,389,62,0,0,0,7,458,3,83
경상북도,청도군,각북면,소계,1897,1499,1288,190,1,0,0,9,1488,11,398
경상북도,청도군,,각북면투표소,1897,1499,1288,190,1,0,0,9,1488,11,398
경상북도,청도군,이서면,소계,3803,3139,2678,423,4,2,7,10,3124,15,664
경상북도,청도군,,이서면제1투,2567,2130,1793,313,2,0,6,6,2120,10,437
경상북도,청도군,,이서면제2투,1236,1009,885,110,2,2,1,4,1004,5,227
경상북도,청도군,운문면,소계,2005,1574,1290,257,0,3,1,9,1560,14,431
경상북도,청도군,,운문면제1투,632,487,418,65,0,0,0,1,484,3,145
경상북도,청도군,,운문면제2투,786,615,484,122,0,1,1,3,611,4,171
경상북도,청도군,,운문면제3투,587,472,388,70,0,2,0,5,465,7,115
경상북도,청도군,금천면,소계,3026,2415,2066,306,2,1,0,22,2397,18,611
경상북도,청도군,,금천면제1투,1168,915,775,123,0,1,0,9,908,7,253
경상북도,청도군,,금천면제2투,693,554,483,63,0,0,0,4,550,4,139
경상북도,청도군,,금천면제3투,1165,946,808,120,2,0,0,9,939,7,219
경상북도,청도군,매전면,소계,3399,2730,2328,356,0,1,4,20,2709,21,669
경상북도,청도군,,매전면제1투,914,721,629,84,0,0,1,6,720,1,193
경상북도,청도군,,매전면제2투,806,656,552,94,0,1,1,4,652,4,150
경상북도,청도군,,매전면제3투,594,477,423,45,0,0,0,3,471,6,117
경상북도,청도군,,매전면제4투,1085,876,724,133,0,0,2,7,866,10,209
경상북도,고령군,소계,,30320,23847,20030,3437,14,17,39,146,23683,164,6473
경상북도,고령군,재외투표,,293,190,137,50,0,0,0,0,187,3,103
경상북도,고령군,국내부재자투표,,1312,1188,831,304,2,5,2,3,1147,41,124
경상북도,고령군,소계,,28715,22469,19062,3083,12,12,37,143,22349,120,6246
경상북도,고령군,고령읍,소계,8429,6399,5364,966,1,4,6,31,6372,27,2030
경상북도,고령군,,고령읍제1투,2192,1703,1439,250,0,0,2,10,1701,2,489
경상북도,고령군,,고령읍제2투,560,452,392,54,0,0,0,3,449,3,108
경상북도,고령군,,고령읍제3투,2682,1909,1592,293,0,2,1,10,1898,11,773
경상북도,고령군,,고령읍제4투,481,378,337,38,0,0,0,1,376,2,103
경상북도,고령군,,고령읍제5투,2514,1957,1604,331,1,2,3,7,1948,9,557
경상북도,고령군,덕곡면,소계,1305,1056,923,114,1,0,1,13,1052,4,249
경상북도,고령군,,덕곡면제1투,802,659,581,69,0,0,1,7,658,1,143
경상북도,고령군,,덕곡면제2투,503,397,342,45,1,0,0,6,394,3,106
경상북도,고령군,운수면,소계,1796,1424,1255,138,0,1,1,19,1414,10,372
경상북도,고령군,,운수면제1투,1318,1027,913,91,0,0,1,15,1020,7,291
경상북도,고령군,,운수면제2투,478,397,342,47,0,1,0,4,394,3,81
경상북도,고령군,성산면,소계,2383,1930,1667,233,1,1,3,15,1920,10,453
경상북도,고령군,,성산면제1투,1642,1317,1129,169,1,1,3,10,1313,4,325
경상북도,고령군,,성산면제2투,741,613,538,64,0,0,0,5,607,6,128
경상북도,고령군,다산면,소계,7706,6085,5070,955,3,3,19,13,6063,22,1621
경상북도,고령군,,다산면제1투,2287,1777,1530,232,1,1,6,4,1774,3,510
경상북도,고령군,,다산면제2투,4231,3372,2746,598,2,2,9,5,3362,10,859
경상북도,고령군,,다산면제3투,1188,936,794,125,0,0,4,4,927,9,252
경상북도,고령군,개진면,소계,2030,1605,1396,178,2,1,3,15,1595,10,425
경상북도,고령군,,개진면제1투,967,753,664,77,1,0,1,7,750,3,214
경상북도,고령군,,개진면제2투,1063,852,732,101,1,1,2,8,845,7,211
경상북도,고령군,우곡면,소계,1701,1343,1148,159,1,0,1,16,1325,18,358
경상북도,고령군,,우곡면제1투,680,527,429,88,0,0,0,3,520,7,153
경상북도,고령군,,우곡면제2투,1021,816,719,71,1,0,1,13,805,11,205
경상북도,고령군,쌍림면,소계,3365,2627,2239,340,3,2,3,21,2608,19,738
경상북도,고령군,,쌍림면제1투,1212,908,772,118,2,0,2,8,902,6,304
경상북도,고령군,,쌍림면제2투,923,746,637,92,1,2,0,6,738,8,177
경상북도,고령군,,쌍림면제3투,1230,973,830,130,0,0,1,7,968,5,257
경상북도,성주군,소계,,39274,31019,26511,4077,12,13,36,177,30826,193,8255
경상북도,성주군,재외투표,,240,170,94,71,1,1,0,1,168,2,70
경상북도,성주군,국내부재자투표,,1514,1375,985,358,0,1,4,3,1351,24,139
경상북도,성주군,소계,,37520,29474,25432,3648,11,11,32,173,29307,167,8046
경상북도,성주군,성주읍,소계,10082,7838,6734,1040,2,2,8,29,7815,23,2244
경상북도,성주군,,성주읍제1투,2436,1932,1678,245,0,0,0,4,1927,5,504
경상북도,성주군,,성주읍제2투,2904,2165,1846,300,2,0,2,8,2158,7,739
경상북도,성주군,,성주읍제3투,2226,1757,1531,215,0,0,3,4,1753,4,469
경상북도,성주군,,성주읍제4투,2516,1984,1679,280,0,2,3,13,1977,7,532
경상북도,성주군,선남면,소계,5747,4539,3955,533,1,1,3,17,4510,29,1208
경상북도,성주군,,선남면제1투,2841,2230,1956,242,1,0,2,11,2212,18,611
경상북도,성주군,,선남면제2투,2906,2309,1999,291,0,1,1,6,2298,11,597
경상북도,성주군,용암면,소계,3406,2741,2360,321,2,2,1,24,2710,31,665
경상북도,성주군,,용암면제1투,1672,1348,1162,161,1,1,0,9,1334,14,324
경상북도,성주군,,용암면제2투,1734,1393,1198,160,1,1,1,15,1376,17,341
경상북도,성주군,수륜면,소계,2774,2194,1856,300,2,0,5,22,2185,9,580
경상북도,성주군,,수륜면제1투,1749,1358,1147,193,0,0,2,13,1355,3,391
경상북도,성주군,,수륜면제2투,1025,836,709,107,2,0,3,9,830,6,189
경상북도,성주군,가천면,소계,1813,1402,1209,164,1,2,1,15,1392,10,411
경상북도,성주군,,가천면투표소,1813,1402,1209,164,1,2,1,15,1392,10,411
경상북도,성주군,금수면,소계,1040,826,686,112,2,1,1,15,817,9,214
경상북도,성주군,,금수면투표소,1040,826,686,112,2,1,1,15,817,9,214
경상북도,성주군,대가면,소계,2212,1743,1477,234,0,3,2,9,1725,18,469
경상북도,성주군,,대가면투표소,2212,1743,1477,234,0,3,2,9,1725,18,469
경상북도,성주군,벽진면,소계,3048,2393,2065,303,0,0,3,10,2381,12,655
경상북도,성주군,,벽진면투표소,3048,2393,2065,303,0,0,3,10,2381,12,655
경상북도,성주군,초전면,소계,4359,3411,2950,417,1,0,6,20,3394,17,948
경상북도,성주군,,초전면제1투,2347,1829,1570,238,1,0,4,9,1822,7,518
경상북도,성주군,,초전면제2투,2012,1582,1380,179,0,0,2,11,1572,10,430
경상북도,성주군,월항면,소계,3039,2387,2140,224,0,0,2,12,2378,9,652
경상북도,성주군,,월항면제1투,2026,1567,1413,140,0,0,0,8,1561,6,459
경상북도,성주군,,월항면제2투,1013,820,727,84,0,0,2,4,817,3,193
경상북도,성주군,잘못 투입·구분된 투표지,,0,0,0,0,0,0,0,0,0,0,0
경상북도,칠곡군,소계,,93349,71571,57485,13560,14,29,68,158,71314,257,21778
경상북도,칠곡군,재외투표,,327,230,137,88,0,0,0,1,226,4,97
경상북도,칠곡군,국내부재자투표,,2461,2238,1545,631,3,5,3,8,2195,43,223
경상북도,칠곡군,소계,,90561,69103,55803,12841,11,24,65,149,68893,210,21458
경상북도,칠곡군,왜관읍,소계,24680,19052,15722,3192,4,6,20,37,18981,71,5628
경상북도,칠곡군,,왜관읍제1투,3664,2660,2226,416,0,0,2,6,2650,10,1004
경상북도,칠곡군,,왜관읍제2투,2738,2126,1785,328,1,0,4,3,2121,5,612
경상북도,칠곡군,,왜관읍제3투,1446,976,837,125,1,0,0,6,969,7,470
경상북도,칠곡군,,왜관읍제4투,4222,3473,2880,572,1,0,4,5,3462,11,749
경상북도,칠곡군,,왜관읍제5투,4636,3728,2986,716,1,2,2,6,3713,15,908
경상북도,칠곡군,,왜관읍제6투,2112,1659,1356,291,0,1,4,2,1654,5,453
경상북도,칠곡군,,왜관읍제7투,2283,1668,1401,253,0,1,2,4,1661,7,615
경상북도,칠곡군,,왜관읍제8투,3579,2762,2251,491,0,2,2,5,2751,11,817
경상북도,칠곡군,북삼읍,소계,18004,13655,11362,2233,0,1,16,15,13627,28,4349
경상북도,칠곡군,,북삼읍제1투,2934,2209,1821,382,0,0,4,0,2207,2,725
경상북도,칠곡군,,북삼읍제2투,1913,1502,1359,129,0,0,2,7,1497,5,411
경상북도,칠곡군,,북삼읍제3투,3779,2680,2184,481,0,0,4,2,2671,9,1099
경상북도,칠곡군,,북삼읍제4투,3203,2311,1894,411,0,0,0,2,2307,4,892
경상북도,칠곡군,,북삼읍제5투,3078,2398,2096,293,0,0,3,3,2395,3,680
경상북도,칠곡군,,북삼읍제6투,3097,2555,2008,537,0,1,3,1,2550,5,542
경상북도,칠곡군,석적읍,소계,21621,15921,10994,4850,3,13,14,18,15892,29,5700
경상북도,칠곡군,,석적읍제1투,971,739,670,60,1,0,1,2,734,5,232
경상북도,칠곡군,,석적읍제2투,4924,3314,1808,1480,0,8,4,5,3305,9,1610
경상북도,칠곡군,,석적읍제3투,4250,3332,2301,1020,0,2,4,3,3330,2,918
경상북도,칠곡군,,석적읍제4투,4764,3997,2921,1066,1,3,3,2,3996,1,767
경상북도,칠곡군,,석적읍제5투,718,564,485,73,1,0,0,2,561,3,154
경상북도,칠곡군,,석적읍제6투,3578,1987,1460,520,0,0,0,2,1982,5,1591
경상북도,칠곡군,,석적읍제7투,2416,1988,1349,631,0,0,2,2,1984,4,428
경상북도,칠곡군,지천면,소계,4425,3456,3044,375,1,0,3,20,3443,13,969
경상북도,칠곡군,,지천면제1투,3066,2359,2055,272,1,0,3,17,2348,11,707
경상북도,칠곡군,,지천면제2투,1359,1097,989,103,0,0,0,3,1095,2,262
경상북도,칠곡군,동명면,소계,5370,4183,3638,499,1,0,5,15,4158,25,1187
경상북도,칠곡군,,동명면제1투,1945,1500,1299,181,0,0,3,8,1491,9,445
경상북도,칠곡군,,동명면제2투,1986,1523,1326,179,1,0,2,5,1513,10,463
경상북도,칠곡군,,동명면제3투,1439,1160,1013,139,0,0,0,2,1154,6,279
경상북도,칠곡군,가산면,소계,3472,2699,2363,308,1,0,2,16,2690,9,773
경상북도,칠곡군,,가산면제1투,2069,1597,1394,184,0,0,2,12,1592,5,472
경상북도,칠곡군,,가산면제2투,991,796,699,91,1,0,0,1,792,4,195
경상북도,칠곡군,,가산면제3투,412,306,270,33,0,0,0,3,306,0,106
경상북도,칠곡군,약목면,소계,10062,7793,6706,1037,1,4,5,19,7772,21,2269
경상북도,칠곡군,,약목면제1투,2996,2416,2160,242,0,2,0,5,2409,7,580
경상북도,칠곡군,,약목면제2투,3125,2390,2004,372,1,2,1,3,2383,7,735
경상북도,칠곡군,,약목면제3투,1655,1289,1146,129,0,0,1,8,1284,5,366
경상북도,칠곡군,,약목면제4투,2286,1698,1396,294,0,0,3,3,1696,2,588
경상북도,칠곡군,기산면,소계,2927,2344,1974,347,0,0,0,9,2330,14,583
경상북도,칠곡군,,기산면제1투,2363,1885,1586,284,0,0,0,5,1875,10,478
경상북도,칠곡군,,기산면제2투,564,459,388,63,0,0,0,4,455,4,105
경상북도,군위군,소계,,21881,17848,15457,2126,4,9,20,105,17721,127,4033
경상북도,군위군,재외투표,,253,170,132,33,0,1,0,0,166,4,83
경상북도,군위군,국내부재자투표,,1106,999,690,289,0,0,4,2,985,14,107
경상북도,군위군,소계,,20522,16679,14635,1804,4,8,16,103,16570,109,3843
경상북도,군위군,군위읍,소계,6245,4980,4278,655,1,2,5,19,4960,20,1265
경상북도,군위군,,군위읍제1투,2285,1781,1507,262,0,1,0,4,1774,7,504
경상북도,군위군,,군위읍제2투,2038,1644,1395,235,1,1,2,4,1638,6,394
경상북도,군위군,,군위읍제3투,896,711,633,70,0,0,2,4,709,2,185
경상북도,군위군,,군위읍제4투,1026,844,743,88,0,0,1,7,839,5,182
경상북도,군위군,소보면,소계,2182,1797,1634,132,1,0,1,14,1782,15,385
경상북도,군위군,,소보면제1투,1374,1130,1032,80,0,0,1,7,1120,10,244
경상북도,군위군,,소보면제2투,808,667,602,52,1,0,0,7,662,5,141
경상북도,군위군,효령면,소계,3509,2862,2486,333,0,5,3,19,2846,16,647
경상북도,군위군,,효령면제1투,2222,1776,1535,214,0,3,2,13,1767,9,446
경상북도,군위군,,효령면제2투,1287,1086,951,119,0,2,1,6,1079,7,201
경상북도,군위군,부계면,소계,1834,1515,1344,154,0,0,0,11,1509,6,319
경상북도,군위군,,부계면제1투,883,740,650,83,0,0,0,3,736,4,143
경상북도,군위군,,부계면제2투,951,775,694,71,0,0,0,8,773,2,176
경상북도,군위군,우보면,소계,1906,1614,1431,154,0,1,4,9,1599,15,292
경상북도,군위군,,우보면제1투,1306,1093,974,103,0,1,2,6,1086,7,213
경상북도,군위군,,우보면제2투,600,521,457,51,0,0,2,3,513,8,79
경상북도,군위군,의흥면,소계,2470,1996,1784,184,0,0,1,10,1979,17,474
경상북도,군위군,,의흥면제1투,1925,1552,1381,155,0,0,1,4,1541,11,373
경상북도,군위군,,의흥면제2투,545,444,403,29,0,0,0,6,438,6,101
경상북도,군위군,산성면,소계,1195,995,882,95,2,0,1,7,987,8,200
경상북도,군위군,,산성면제1투,606,505,454,45,2,0,0,2,503,2,101
경상북도,군위군,,산성면제2투,589,490,428,50,0,0,1,5,484,6,99
경상북도,군위군,고로면,소계,1181,920,796,97,0,0,1,14,908,12,261
경상북도,군위군,,고로면제1투,561,423,360,55,0,0,1,4,420,3,138
경상북도,군위군,,고로면제2투,620,497,436,42,0,0,0,10,488,9,123
경상북도,의성군,소계,,51609,40089,34294,5167,23,15,44,284,39827,262,11520
경상북도,의성군,재외투표,,630,435,342,89,1,1,0,0,433,2,195
경상북도,의성군,국내부재자투표,,1809,1638,1066,530,2,5,3,2,1608,30,171
경상북도,의성군,소계,,49170,38016,32886,4548,20,9,41,282,37786,230,11154
경상북도,의성군,의성읍,소계,11617,8763,7288,1397,2,1,5,34,8727,36,2854
경상북도,의성군,,의성읍제1투,2217,1606,1342,252,0,0,2,5,1601,5,611
경상북도,의성군,,의성읍제2투,3251,2480,2043,419,0,0,0,12,2474,6,771
경상북도,의성군,,의성읍제3투,3346,2579,2114,443,1,1,1,7,2567,12,767
경상북도,의성군,,의성읍제4투,2803,2098,1789,283,1,0,2,10,2085,13,705
경상북도,의성군,단촌면,소계,1984,1558,1350,177,0,0,1,17,1545,13,426
경상북도,의성군,,단촌면투표소,1984,1558,1350,177,0,0,1,17,1545,13,426
경상북도,의성군,점곡면,소계,1696,1331,1108,194,2,1,1,17,1323,8,365
경상북도,의성군,,점곡면투표소,1696,1331,1108,194,2,1,1,17,1323,8,365
경상북도,의성군,옥산면,소계,1839,1389,1165,195,2,0,1,14,1377,12,450
경상북도,의성군,,옥산면투표소,1839,1389,1165,195,2,0,1,14,1377,12,450
경상북도,의성군,사곡면,소계,1552,1208,1064,128,0,1,0,10,1203,5,344
경상북도,의성군,,사곡면투표소,1552,1208,1064,128,0,1,0,10,1203,5,344
경상북도,의성군,춘산면,소계,1477,1142,987,129,1,0,1,18,1136,6,335
경상북도,의성군,,춘산면투표소,1477,1142,987,129,1,0,1,18,1136,6,335
경상북도,의성군,가음면,소계,1431,1097,962,118,1,0,1,9,1091,6,334
경상북도,의성군,,가음면투표소,1431,1097,962,118,1,0,1,9,1091,6,334
경상북도,의성군,금성면,소계,4229,3304,2896,367,1,1,3,19,3287,17,925
경상북도,의성군,,금성면제1투,2462,1899,1668,210,0,0,3,5,1886,13,563
경상북도,의성군,,금성면제2투,1767,1405,1228,157,1,1,0,14,1401,4,362
경상북도,의성군,봉양면,소계,3529,2773,2419,318,2,2,4,14,2759,14,756
경상북도,의성군,,봉양면제1투,773,632,580,48,0,1,1,1,631,1,141
경상북도,의성군,,봉양면제2투,2756,2141,1839,270,2,1,3,13,2128,13,615
경상북도,의성군,비안면,소계,2413,1851,1634,188,2,2,3,11,1840,11,562
경상북도,의성군,,비안면투표소,2413,1851,1634,188,2,2,3,11,1840,11,562
경상북도,의성군,구천면,소계,1788,1391,1243,122,0,0,2,11,1378,13,397
경상북도,의성군,,구천면투표소,1788,1391,1243,122,0,0,2,11,1378,13,397
경상북도,의성군,단밀면,소계,1874,1474,1302,150,0,0,2,16,1470,4,400
경상북도,의성군,,단밀면투표소,1874,1474,1302,150,0,0,2,16,1470,4,400
경상북도,의성군,단북면,소계,1866,1494,1355,118,1,0,0,8,1482,12,372
경상북도,의성군,,단북면투표소,1866,1494,1355,118,1,0,0,8,1482,12,372
경상북도,의성군,안계면,소계,4145,3228,2842,345,2,0,4,18,3211,17,917
경상북도,의성군,,안계면제1투,2262,1746,1543,190,1,0,1,5,1740,6,516
경상북도,의성군,,안계면제2투,1883,1482,1299,155,1,0,3,13,1471,11,401
경상북도,의성군,다인면,소계,3933,3050,2727,271,3,0,3,25,3029,21,883
경상북도,의성군,,다인면제1투,2019,1547,1401,122,1,0,0,12,1536,11,472
경상북도,의성군,,다인면제2투,1914,1503,1326,149,2,0,3,13,1493,10,411
경상북도,의성군,신평면,소계,808,641,559,66,1,1,1,8,636,5,167
경상북도,의성군,,신평면투표소,808,641,559,66,1,1,1,8,636,5,167
경상북도,의성군,안평면,소계,2127,1649,1429,181,0,0,6,19,1635,14,478
경상북도,의성군,,안평면투표소,2127,1649,1429,181,0,0,6,19,1635,14,478
경상북도,의성군,안사면,소계,862,673,556,84,0,0,3,14,657,16,189
경상북도,의성군,,안사면투표소,862,673,556,84,0,0,3,14,657,16,189
경상북도,청송군,소계,,23445,18310,15054,2946,16,8,19,146,18189,121,5135
경상북도,청송군,재외투표,,176,120,92,27,0,0,0,0,119,1,56
경상북도,청송군,국내부재자투표,,941,841,514,287,4,1,1,8,815,26,100
경상북도,청송군,소계,,22328,17349,14448,2632,12,7,18,138,17255,94,4979
경상북도,청송군,청송읍,소계,4322,3391,2771,578,1,1,5,19,3375,16,931
경상북도,청송군,,청송읍제1투,1416,1108,871,223,0,0,3,5,1102,6,308
경상북도,청송군,,청송읍제2투,667,539,452,78,1,1,0,4,536,3,128
경상북도,청송군,,청송읍제3투,1388,1061,878,168,0,0,2,8,1056,5,327
경상북도,청송군,,청송읍제4투,851,683,570,109,0,0,0,2,681,2,168
경상북도,청송군,부동면,소계,1754,1368,1136,202,1,3,0,16,1358,10,386
경상북도,청송군,,부동면제1투,982,752,633,97,0,2,0,12,744,8,230
경상북도,청송군,,부동면제2투,772,616,503,105,1,1,0,4,614,2,156
경상북도,청송군,부남면,소계,2263,1761,1460,271,2,0,1,17,1751,10,502
경상북도,청송군,,부남면제1투,1126,891,732,142,2,0,0,8,884,7,235
경상북도,청송군,,부남면제2투,1137,870,728,129,0,0,1,9,867,3,267
경상북도,청송군,현동면,소계,1828,1448,1260,169,1,1,1,6,1438,10,380
경상북도,청송군,,현동면투표소,1828,1448,1260,169,1,1,1,6,1438,10,380
경상북도,청송군,현서면,소계,2280,1807,1490,291,1,1,6,9,1798,9,473
경상북도,청송군,,현서면제1투,1630,1265,1056,195,1,1,3,4,1260,5,365
경상북도,청송군,,현서면제2투,650,542,434,96,0,0,3,5,538,4,108
경상북도,청송군,안덕면,소계,2457,1914,1650,237,0,0,3,13,1903,11,543
경상북도,청송군,,안덕면제1투,1902,1457,1249,187,0,0,2,11,1449,8,445
경상북도,청송군,,안덕면제2투,555,457,401,50,0,0,1,2,454,3,98
경상북도,청송군,파천면,소계,1722,1320,1119,161,3,1,1,25,1310,10,402
경상북도,청송군,,파천면제1투,987,756,636,94,2,1,0,15,748,8,231
경상북도,청송군,,파천면제2투,735,564,483,67,1,0,1,10,562,2,171
경상북도,청송군,진보면,소계,5702,4340,3562,723,3,0,1,33,4322,18,1362
경상북도,청송군,,진보면제1투,1942,1461,1236,216,0,0,0,3,1455,6,481
경상북도,청송군,,진보면제2투,1837,1379,1113,247,1,0,0,12,1373,6,458
경상북도,청송군,,진보면제3투,963,743,584,148,1,0,0,8,741,2,220
경상북도,청송군,,진보면제4투,960,757,629,112,1,0,1,10,753,4,203
경상북도,영양군,소계,,15914,12321,9818,2247,9,8,20,109,12211,110,3593
경상북도,영양군,재외투표,,58,43,31,12,0,0,0,0,43,0,15
경상북도,영양군,국내부재자투표,,669,620,357,226,1,1,4,10,599,21,49
경상북도,영양군,소계,,15187,11658,9430,2009,8,7,16,99,11569,89,3529
경상북도,영양군,영양읍,소계,6121,4675,3768,841,1,2,6,31,4649,26,1446
경상북도,영양군,,영양읍제1투,1993,1511,1206,277,0,2,1,14,1500,11,482
경상북도,영양군,,영양읍제2투,2061,1616,1304,293,0,0,3,10,1610,6,445
경상북도,영양군,,영양읍제3투,2067,1548,1258,271,1,0,2,7,1539,9,519
경상북도,영양군,입암면,소계,2081,1612,1367,216,1,1,2,16,1603,9,469
경상북도,영양군,,입암면투표소,2081,1612,1367,216,1,1,2,16,1603,9,469
경상북도,영양군,청기면,소계,1674,1312,1091,185,3,0,2,14,1295,17,362
경상북도,영양군,,청기면제1투,1092,849,714,116,1,0,2,8,841,8,243
경상북도,영양군,,청기면제2투,582,463,377,69,2,0,0,6,454,9,119
경상북도,영양군,일월면,소계,1645,1260,980,247,1,0,2,15,1245,15,385
경상북도,영양군,,일월면투표소,1645,1260,980,247,1,0,2,15,1245,15,385
경상북도,영양군,수비면,소계,1631,1238,934,269,2,4,4,12,1225,13,393
경상북도,영양군,,수비면투표소,1631,1238,934,269,2,4,4,12,1225,13,393
경상북도,영양군,석보면,소계,2035,1561,1290,251,0,0,0,11,1552,9,474
경상북도,영양군,,석보면제1투,1566,1200,994,197,0,0,0,5,1196,4,366
경상북도,영양군,,석보면제2투,469,361,296,54,0,0,0,6,356,5,108
경상북도,영덕군,소계,,35215,27535,23816,3314,11,12,25,161,27339,196,7680
경상북도,영덕군,재외투표,,121,85,49,34,0,1,0,0,84,1,36
경상북도,영덕군,국내부재자투표,,1920,1699,1246,394,3,3,0,2,1648,51,221
경상북도,영덕군,소계,,33174,25751,22521,2886,8,8,25,159,25607,144,7423
경상북도,영덕군,영덕읍,소계,8595,6673,5717,905,2,2,4,14,6644,29,1922
경상북도,영덕군,,영덕읍제1투,2377,1783,1469,302,1,0,4,3,1779,4,594
경상북도,영덕군,,영덕읍제2투,2601,2033,1753,273,0,0,0,0,2026,7,568
경상북도,영덕군,,영덕읍제3투,2333,1831,1581,239,1,0,0,4,1825,6,502
경상북도,영덕군,,영덕읍제4투,1284,1026,914,91,0,2,0,7,1014,12,258
경상북도,영덕군,강구면,소계,6100,4618,4115,455,0,1,1,18,4590,28,1482
경상북도,영덕군,,강구면제1투,2213,1646,1462,164,0,0,1,9,1636,10,567
경상북도,영덕군,,강구면제2투,2286,1791,1612,157,0,0,0,6,1775,16,495
경상북도,영덕군,,강구면제3투,1601,1181,1041,134,0,1,0,3,1179,2,420
경상북도,영덕군,남정면,소계,2311,1862,1655,171,0,1,4,16,1847,15,449
경상북도,영덕군,,남정면제1투,1672,1333,1172,135,0,1,4,10,1322,11,339
경상북도,영덕군,,남정면제2투,639,529,483,36,0,0,0,6,525,4,110
경상북도,영덕군,달산면,소계,1232,931,799,107,0,0,3,17,926,5,301
경상북도,영덕군,,달산면제1투,942,705,608,77,0,0,2,14,701,4,237
경상북도,영덕군,,달산면제2투,290,226,191,30,0,0,1,3,225,1,64
경상북도,영덕군,지품면,소계,2015,1625,1413,183,1,0,5,13,1615,10,390
경상북도,영덕군,,지품면제1투,1423,1160,1031,112,0,0,4,7,1154,6,263
경상북도,영덕군,,지품면제2투,592,465,382,71,1,0,1,6,461,4,127
경상북도,영덕군,축산면,소계,2692,2120,1883,202,0,2,4,18,2109,11,572
경상북도,영덕군,,축산면제1투,850,695,613,64,0,1,0,12,690,5,155
경상북도,영덕군,,축산면제2투,1842,1425,1270,138,0,1,4,6,1419,6,417
경상북도,영덕군,영해면,소계,5832,4451,3846,549,3,1,3,22,4424,27,1381
경상북도,영덕군,,영해면제1투,1826,1357,1154,189,0,0,0,8,1351,6,469
경상북도,영덕군,,영해면제2투,2103,1616,1401,205,3,0,1,3,1613,3,487
경상북도,영덕군,,영해면제3투,1903,1478,1291,155,0,1,2,11,1460,18,425
경상북도,영덕군,병곡면,소계,2714,2115,1911,167,2,1,1,24,2106,9,599
경상북도,영덕군,,병곡면제1투,1317,1027,913,88,1,1,1,17,1021,6,290
경상북도,영덕군,,병곡면제2투,1397,1088,998,79,1,0,0,7,1085,3,309
경상북도,영덕군,창수면,소계,1683,1356,1182,147,0,0,0,17,1346,10,327
경상북도,영덕군,,창수면제1투,1075,856,759,82,0,0,0,10,851,5,219
경상북도,영덕군,,창수면제2투,608,500,423,65,0,0,0,7,495,5,108
경상북도,영덕군,잘못 투입·구분된 투표지,,0,0,0,0,0,0,0,0,0,0,0
경상북도,봉화군,소계,,29457,23006,18408,3989,37,38,60,261,22793,213,6451
경상북도,봉화군,재외투표,,80,47,20,27,0,0,0,0,47,0,33
경상북도,봉화군,국내부재자투표,,1236,1123,723,370,1,0,2,4,1100,23,113
경상북도,봉화군,소계,,28141,21836,17665,3592,36,38,58,257,21646,190,6305
경상북도,봉화군,봉화읍,소계,8182,6382,5149,1159,3,4,7,34,6356,26,1800
경상북도,봉화군,,봉화읍제1투,2934,2278,1774,485,0,2,0,10,2271,7,656
경상북도,봉화군,,봉화읍제2투,2037,1597,1318,257,2,1,5,8,1591,6,440
경상북도,봉화군,,봉화읍제3투,1765,1385,1129,236,1,1,0,10,1377,8,380
경상북도,봉화군,,봉화읍제4투,1446,1122,928,181,0,0,2,6,1117,5,324
경상북도,봉화군,물야면,소계,2910,2266,1882,328,0,0,4,36,2250,16,644
경상북도,봉화군,,물야면제1투,1432,1112,926,162,0,0,2,13,1103,9,320
경상북도,봉화군,,물야면제2투,1478,1154,956,166,0,0,2,23,1147,7,324
경상북도,봉화군,봉성면,소계,2034,1614,1336,230,3,2,5,23,1599,15,420
경상북도,봉화군,,봉성면제1투,956,753,613,112,3,2,3,14,747,6,203
경상북도,봉화군,,봉성면제2투,1078,861,723,118,0,0,2,9,852,9,217
경상북도,봉화군,법전면,소계,1927,1466,1198,199,9,0,9,23,1438,28,461
경상북도,봉화군,,법전면제1투,1190,915,730,138,8,0,6,15,897,18,275
경상북도,봉화군,,법전면제2투,737,551,468,61,1,0,3,8,541,10,186
경상북도,봉화군,춘양면,소계,4136,3228,2667,457,12,3,22,32,3193,35,908
경상북도,봉화군,,춘양면제1투,1414,1122,973,132,3,0,1,5,1114,8,292
경상북도,봉화군,,춘양면제2투,1413,1128,927,161,5,0,12,10,1115,13,285
경상북도,봉화군,,춘양면제3투,1309,978,767,164,4,3,9,17,964,14,331
경상북도,봉화군,소천면,소계,2086,1612,1231,308,5,16,3,24,1587,25,474
경상북도,봉화군,,소천면제1투,788,576,460,96,1,6,2,6,571,5,212
경상북도,봉화군,,소천면제2투,605,484,362,101,3,5,1,6,478,6,121
경상북도,봉화군,,소천면제3투,693,552,409,111,1,5,0,12,538,14,141
경상북도,봉화군,석포면,소계,1661,1249,953,260,1,9,3,12,1238,11,412
경상북도,봉화군,,석포면제1투,1378,1031,781,218,1,8,3,9,1020,11,347
경상북도,봉화군,,석포면제2투,283,218,172,42,0,1,0,3,218,0,65
경상북도,봉화군,재산면,소계,1468,1113,861,219,0,1,0,20,1101,12,355
경상북도,봉화군,,재산면제1투,1343,1017,783,205,0,1,0,19,1008,9,326
경상북도,봉화군,,재산면제2투,125,96,78,14,0,0,0,1,93,3,29
경상북도,봉화군,명호면,소계,2025,1545,1247,262,2,1,3,22,1537,8,480
경상북도,봉화군,,명호면제1투,1549,1156,928,205,2,1,2,14,1152,4,393
경상북도,봉화군,,명호면제2투,476,389,319,57,0,0,1,8,385,4,87
경상북도,봉화군,상운면,소계,1712,1361,1141,170,1,2,2,31,1347,14,351
경상북도,봉화군,,상운면투표소,1712,1361,1141,170,1,2,2,31,1347,14,351
경상북도,봉화군,잘못 투입·구분된 투표지,,0,0,0,0,0,0,0,0,0,0,0
경상북도,울진군,소계,,42919,33221,26387,6341,8,12,49,188,32985,236,9698
경상북도,울진군,재외투표,,150,100,57,43,0,0,0,0,100,0,50
경상북도,울진군,국내부재자투표,,1902,1725,1099,578,1,3,3,2,1686,39,177
경상북도,울진군,소계,,40867,31396,25231,5720,7,9,46,186,31199,197,9471
경상북도,울진군,울진읍,소계,10184,8054,6109,1886,0,1,12,18,8026,28,2130
경상북도,울진군,,울진읍제1투,2521,1922,1510,401,0,0,1,3,1915,7,599
경상북도,울진군,,울진읍제2투,2550,2039,1501,523,0,0,2,6,2032,7,511
경상북도,울진군,,울진읍제3투,2994,2405,1765,624,0,1,2,8,2400,5,589
경상북도,울진군,,울진읍제4투,2119,1688,1333,338,0,0,7,1,1679,9,431
경상북도,울진군,평해읍,소계,2777,2153,1859,255,1,2,1,17,2135,18,624
경상북도,울진군,,평해읍제1투,1377,1054,887,149,0,1,0,8,1045,9,323
경상북도,울진군,,평해읍제2투,1400,1099,972,106,1,1,1,9,1090,9,301
경상북도,울진군,북면,소계,5406,4130,2817,1259,0,2,6,19,4103,27,1276
경상북도,울진군,,북면제1투,2678,1929,1506,399,0,1,2,10,1918,11,749
경상북도,울진군,,북면제2투,628,492,389,85,0,0,2,5,481,11,136
경상북도,울진군,,북면제3투,2100,1709,922,775,0,1,2,4,1704,5,391
경상북도,울진군,서면,소계,1400,1082,913,144,0,0,5,7,1069,13,318
경상북도,울진군,,서면제1투,1131,867,746,106,0,0,3,5,860,7,264
경상북도,울진군,,서면제2투,269,215,167,38,0,0,2,2,209,6,54
경상북도,울진군,근남면,소계,2469,1903,1589,287,0,1,2,13,1892,11,566
경상북도,울진군,,근남면투표소,2469,1903,1589,287,0,1,2,13,1892,11,566
경상북도,울진군,원남면,소계,2020,1571,1302,228,0,1,3,23,1557,14,449
경상북도,울진군,,원남면투표소,2020,1571,1302,228,0,1,3,23,1557,14,449
경상북도,울진군,기성면,소계,2463,1897,1599,239,1,1,5,27,1872,25,566
경상북도,울진군,,기성면투표소,2463,1897,1599,239,1,1,5,27,1872,25,566
경상북도,울진군,온정면,소계,1757,1391,1214,129,3,0,3,22,1371,20,366
경상북도,울진군,,온정면제1투,1177,924,810,86,2,0,3,12,913,11,253
경상북도,울진군,,온정면제2투,580,467,404,43,1,0,0,10,458,9,113
경상북도,울진군,죽변면,소계,5680,4144,3400,700,2,1,2,21,4126,18,1536
경상북도,울진군,,죽변면제1투,2506,1814,1526,269,1,0,0,11,1807,7,692
경상북도,울진군,,죽변면제2투,3174,2330,1874,431,1,1,2,10,2319,11,844
경상북도,울진군,후포면,소계,6711,5071,4429,593,0,0,7,19,5048,23,1640
경상북도,울진군,,후포면제1투,1723,1292,1171,109,0,0,1,7,1288,4,431
경상북도,울진군,,후포면제2투,2536,1912,1680,213,0,0,3,7,1903,9,624
경상북도,울진군,,후포면제3투,2452,1867,1578,271,0,0,3,5,1857,10,585
경상남도,합계,,,2608874,2008683,1259174,724896,1637,1084,2654,5326,1994771,13912,600191
경상남도,창원시의창구,소계,,199932,155306,93834,60126,78,83,216,215,154552,754,44626
경상남도,창원시의창구,재외투표,,720,445,200,238,1,0,1,2,442,3,275
경상남도,창원시의창구,국내부재자투표,,6607,6184,3123,2921,9,8,12,19,6092,92,423
경상남도,창원시의창구,소계,,192605,148673,90509,56965,68,75,203,194,148014,659,43932
경상남도,창원시의창구,동읍,소계,17591,13706,8268,5289,8,10,26,32,13633,73,3885
경상남도,창원시의창구,,동읍제1투,2123,1777,1053,708,1,3,5,4,1774,3,346
경상남도,창원시의창구,,동읍제2투,3441,2552,1559,958,1,3,8,6,2535,17,889
경상남도,창원시의창구,,동읍제3투,2220,1718,1030,667,1,1,5,2,1706,12,502
경상남도,창원시의창구,,동읍제4투,2903,2328,1207,1102,2,0,4,5,2320,8,575
경상남도,창원시의창구,,동읍제5투,3659,2798,1688,1087,0,1,1,4,2781,17,861
경상남도,창원시의창구,,동읍제6투,1822,1418,933,466,1,2,1,9,1412,6,404
경상남도,창원시의창구,,동읍제7투,1423,1115,798,301,2,0,2,2,1105,10,308
경상남도,창원시의창구,북면,소계,9282,7015,5008,1882,9,10,5,22,6936,79,2267
경상남도,창원시의창구,,북면제1투,2073,1604,1179,402,0,0,0,4,1585,19,469
경상남도,창원시의창구,,북면제2투,1616,1238,904,314,3,1,1,2,1225,13,378
경상남도,창원시의창구,,북면제3투,4456,3314,2263,995,2,5,3,9,3277,37,1142
경상남도,창원시의창구,,북면제4투,1137,859,662,171,4,4,1,7,849,10,278
경상남도,창원시의창구,대산면,소계,6372,4835,3130,1623,9,3,5,15,4785,50,1537
경상남도,창원시의창구,,대산면제1투,3163,2406,1540,820,8,1,3,8,2380,26,757
경상남도,창원시의창구,,대산면제2투,3209,2429,1590,803,1,2,2,7,2405,24,780
경상남도,창원시의창구,의창동,소계,29140,22688,14437,8083,15,11,25,27,22598,90,6452
경상남도,창원시의창구,,의창동제1투,2863,2174,1518,636,4,2,3,3,2166,8,689
경상남도,창원시의창구,,의창동제2투,3971,3125,2022,1075,2,2,3,5,3109,16,846
경상남도,창원시의창구,,의창동제3투,3883,3080,1810,1251,1,1,4,4,3071,9,803
경상남도,창원시의창구,,의창동제4투,4136,3200,2034,1149,1,0,2,1,3187,13,936
경상남도,창원시의창구,,의창동제5투,4123,3329,2148,1157,2,1,5,5,3318,11,794
경상남도,창원시의창구,,의창동제6투,5342,3989,2394,1567,0,0,7,5,3973,16,1353
경상남도,창원시의창구,,의창동제7투,2536,1969,1261,688,2,1,1,1,1954,15,567
경상남도,창원시의창구,,의창동제8투,2286,1822,1250,560,3,4,0,3,1820,2,464
경상남도,창원시의창구,팔용동,소계,32680,26333,15300,10875,4,4,42,23,26248,85,6347
경상남도,창원시의창구,,팔용동제1투,4031,3173,1837,1310,2,0,8,4,3161,12,858
경상남도,창원시의창구,,팔용동제2투,3822,2805,1764,1023,1,0,5,1,2794,11,1017
경상남도,창원시의창구,,팔용동제3투,3962,2977,1799,1163,0,1,4,4,2971,6,985
경상남도,창원시의창구,,팔용동제4투,4138,3482,1937,1529,0,1,4,1,3472,10,656
경상남도,창원시의창구,,팔용동제5투,4138,3567,1935,1613,0,0,6,3,3557,10,571
경상남도,창원시의창구,,팔용동제6투,3440,2662,1601,1040,1,0,2,3,2647,15,778
경상남도,창원시의창구,,팔용동제7투,3949,3277,1668,1585,0,1,6,4,3264,13,672
경상남도,창원시의창구,,팔용동제8투,2829,2415,1417,985,0,1,3,2,2408,7,414
경상남도,창원시의창구,,팔용동제9투,2371,1975,1342,627,0,0,4,1,1974,1,396
경상남도,창원시의창구,명곡동,소계,40956,31432,19316,11917,4,12,35,29,31313,119,9524
경상남도,창원시의창구,,명곡동제1투,4438,3536,2145,1358,0,1,2,5,3511,25,902
경상남도,창원시의창구,,명곡동제2투,4419,3541,2093,1430,1,1,4,1,3530,11,878
경상남도,창원시의창구,,명곡동제3투,4331,3542,2172,1342,0,2,6,5,3527,15,789
경상남도,창원시의창구,,명곡동제4투,3759,2617,1575,1021,0,2,4,4,2606,11,1142
경상남도,창원시의창구,,명곡동제5투,5140,4152,2552,1587,2,1,3,0,4145,7,988
경상남도,창원시의창구,,명곡동제6투,3539,2577,1617,946,0,0,4,3,2570,7,962
경상남도,창원시의창구,,명곡동제7투,3926,2934,1928,994,0,0,1,4,2927,7,992
경상남도,창원시의창구,,명곡동제8투,4029,2951,1819,1105,0,2,7,1,2934,17,1078
경상남도,창원시의창구,,명곡동제9투,3698,2715,1714,985,0,3,2,2,2706,9,983
경상남도,창원시의창구,,명곡동제10투,3677,2867,1701,1149,1,0,2,4,2857,10,810
경상남도,창원시의창구,봉림동,소계,29673,21732,12948,8612,8,11,35,27,21641,91,7941
경상남도,창원시의창구,,봉림동제1투,4355,3129,2018,1088,1,3,3,6,3119,10,1226
경상남도,창원시의창구,,봉림동제2투,4113,2962,1744,1191,2,0,9,2,2948,14,1151
경상남도,창원시의창구,,봉림동제3투,3959,2859,1756,1084,0,1,5,4,2850,9,1100
경상남도,창원시의창구,,봉림동제4투,3702,2728,1608,1098,0,1,3,2,2712,16,974
경상남도,창원시의창구,,봉림동제5투,4912,3619,2085,1494,2,1,7,7,3596,23,1293
경상남도,창원시의창구,,봉림동제6투,4794,3457,1999,1435,3,3,5,2,3447,10,1337
경상남도,창원시의창구,,봉림동제7투,3838,2978,1738,1222,0,2,3,4,2969,9,860
경상남도,창원시의창구,용지동,소계,26911,20932,12102,8684,11,14,30,19,20860,72,5979
경상남도,창원시의창구,,용지동제1투,2292,1833,1004,816,0,2,3,1,1826,7,459
경상남도,창원시의창구,,용지동제2투,3536,2826,1632,1171,1,0,5,5,2814,12,710
경상남도,창원시의창구,,용지동제3투,2862,2300,1239,1048,2,1,1,2,2293,7,562
경상남도,창원시의창구,,용지동제4투,3692,2850,1616,1221,0,2,5,1,2845,5,842
경상남도,창원시의창구,,용지동제5투,3649,2686,1653,1007,4,0,5,4,2673,13,963
경상남도,창원시의창구,,용지동제6투,4815,3482,2073,1384,2,6,5,1,3471,11,1333
경상남도,창원시의창구,,용지동제7투,3558,2982,1835,1124,2,2,6,3,2972,10,576
경상남도,창원시의창구,,용지동제8투,2507,1973,1050,913,0,1,0,2,1966,7,534
경상남도,창원시의창구,잘못 투입·구분된 투표지,,0,4,2,2,0,0,0,0,4,0,-4
경상남도,창원시성산구,소계,,186559,150912,82487,67332,82,113,231,149,150394,518,35647
경상남도,창원시성산구,재외투표,,770,519,242,272,1,2,2,0,519,0,251
경상남도,창원시성산구,국내부재자투표,,7005,6530,3162,3227,13,12,24,17,6455,75,475
경상남도,창원시성산구,소계,,178784,143863,79083,63833,68,99,205,132,143420,443,34921
경상남도,창원시성산구,반송동,소계,35248,29234,16706,12367,13,7,40,26,29159,75,6014
경상남도,창원시성산구,,반송동제1투,2865,2421,1424,984,0,0,6,2,2416,5,444
경상남도,창원시성산구,,반송동제2투,3211,2763,1562,1177,2,1,5,3,2750,13,448
경상남도,창원시성산구,,반송동제3투,2871,2480,1349,1118,2,0,5,2,2476,4,391
경상남도,창원시성산구,,반송동제4투,2902,2534,1379,1144,1,0,4,0,2528,6,368
경상남도,창원시성산구,,반송동제5투,3110,2736,1466,1257,1,0,4,2,2730,6,374
경상남도,창원시성산구,,반송동제6투,3077,2555,1429,1120,1,0,2,0,2552,3,522
경상남도,창원시성산구,,반송동제7투,3661,3167,1757,1396,0,0,5,3,3161,6,494
경상남도,창원시성산구,,반송동제8투,3697,2764,1723,1031,1,0,2,2,2759,5,933
경상남도,창원시성산구,,반송동제9투,3223,2409,1486,905,3,2,1,7,2404,5,814
경상남도,창원시성산구,,반송동제10투,3409,2590,1516,1054,2,1,2,1,2576,14,819
경상남도,창원시성산구,,반송동제11투,3222,2815,1615,1181,0,3,4,4,2807,8,407
경상남도,창원시성산구,중앙동,소계,18130,12686,7028,5564,5,8,17,14,12636,50,5444
경상남도,창원시성산구,,중앙동제1투,3215,2098,1226,857,0,2,2,4,2091,7,1117
경상남도,창원시성산구,,중앙동제2투,3229,1914,1099,802,1,3,2,2,1909,5,1315
경상남도,창원시성산구,,중앙동제3투,2993,2085,1322,741,2,0,3,5,2073,12,908
경상남도,창원시성산구,,중앙동제4투,2891,2076,1098,962,0,0,4,0,2064,12,815
경상남도,창원시성산구,,중앙동제5투,3430,2608,1366,1229,0,0,3,1,2599,9,822
경상남도,창원시성산구,,중앙동제6투,2372,1905,917,973,2,3,3,2,1900,5,467
경상남도,창원시성산구,상남동,소계,23596,19147,10717,8319,7,14,36,13,19106,41,4449
경상남도,창원시성산구,,상남동제1투,3735,3136,1615,1502,2,3,5,4,3131,5,599
경상남도,창원시성산구,,상남동제2투,3187,2574,1334,1220,1,2,4,4,2565,9,613
경상남도,창원시성산구,,상남동제3투,3898,3290,1905,1369,1,1,6,0,3282,8,608
경상남도,창원시성산구,,상남동제4투,4161,3440,2057,1364,2,3,9,2,3437,3,721
경상남도,창원시성산구,,상남동제5투,4247,3376,1813,1547,1,1,5,0,3367,9,871
경상남도,창원시성산구,,상남동제6투,4368,3331,1993,1317,0,4,7,3,3324,7,1037
경상남도,창원시성산구,사파동,소계,41203,33506,17934,15329,20,28,47,28,33386,120,7697
경상남도,창원시성산구,,사파동제1투,5170,3906,2205,1679,2,3,5,3,3897,9,1264
경상남도,창원시성산구,,사파동제2투,3499,2677,1611,1039,0,3,6,2,2661,16,822
경상남도,창원시성산구,,사파동제3투,2195,1812,917,874,2,3,4,4,1804,8,383
경상남도,창원시성산구,,사파동제4투,3768,3086,1675,1379,2,6,7,4,3073,13,682
경상남도,창원시성산구,,사파동제5투,4616,3834,1999,1813,1,3,4,6,3826,8,782
경상남도,창원시성산구,,사파동제6투,3512,3004,1584,1398,1,1,8,2,2994,10,508
경상남도,창원시성산구,,사파동제7투,2942,2112,1283,806,4,1,2,0,2096,16,830
경상남도,창원시성산구,,사파동제8투,3986,3308,1728,1557,3,1,5,2,3296,12,678
경상남도,창원시성산구,,사파동제9투,4212,3535,1856,1655,2,3,3,2,3521,14,677
경상남도,창원시성산구,,사파동제10투,3221,2806,1433,1364,0,0,1,2,2800,6,415
경상남도,창원시성산구,,사파동제11투,4082,3426,1643,1765,3,4,2,1,3418,8,656
경상남도,창원시성산구,가음정동,소계,32849,26608,14390,12037,11,24,27,29,26518,90,6241
경상남도,창원시성산구,,가음정동제1투,4405,3359,1669,1671,2,0,9,3,3354,5,1046
경상남도,창원시성산구,,가음정동제2투,2919,2284,1226,1031,0,5,0,3,2265,19,635
경상남도,창원시성산구,,가음정동제3투,2949,2370,1289,1068,1,2,3,3,2366,4,579
경상남도,창원시성산구,,가음정동제4투,4455,3705,1983,1710,0,1,1,1,3696,9,750
경상남도,창원시성산구,,가음정동제5투,3986,3426,1895,1513,1,4,3,3,3419,7,560
경상남도,창원시성산구,,가음정동제6투,3677,3131,1806,1307,0,3,3,4,3123,8,546
경상남도,창원시성산구,,가음정동제7투,3299,2527,1510,995,3,4,2,3,2517,10,772
경상남도,창원시성산구,,가음정동제8투,2934,2406,1151,1235,1,3,2,5,2397,9,528
경상남도,창원시성산구,,가음정동제9투,4225,3400,1861,1507,3,2,4,4,3381,19,825
경상남도,창원시성산구,성주동,소계,19787,16247,8564,7591,3,12,25,11,16206,41,3540
경상남도,창원시성산구,,성주동제1투,2783,2269,1319,942,0,1,2,2,2266,3,514
경상남도,창원시성산구,,성주동제2투,3289,2548,1119,1403,0,8,7,2,2539,9,741
경상남도,창원시성산구,,성주동제3투,4041,3231,1583,1619,3,2,6,2,3215,16,810
경상남도,창원시성산구,,성주동제4투,2643,2278,1136,1133,0,1,2,2,2274,4,365
경상남도,창원시성산구,,성주동제5투,3754,3174,1872,1291,0,0,6,2,3171,3,580
경상남도,창원시성산구,,성주동제6투,3277,2747,1535,1203,0,0,2,1,2741,6,530
경상남도,창원시성산구,웅남동,소계,7971,6435,3744,2626,9,6,13,11,6409,26,1536
경상남도,창원시성산구,,웅남동제1투,1923,1496,937,547,2,2,1,3,1492,4,427
경상남도,창원시성산구,,웅남동제2투,2669,2208,1262,923,3,2,6,1,2197,11,461
경상남도,창원시성산구,,웅남동제3투,2292,1871,1119,730,3,2,6,2,1862,9,421
경상남도,창원시성산구,,웅남동제4투,1087,860,426,426,1,0,0,5,858,2,227
경상남도,창원시성산구,잘못 투입·구분된 투표지,,0,0,0,0,0,0,0,0,0,0,0
경상남도,창원시마산합포구,소계,,153218,118829,82970,34740,72,51,144,224,118201,628,34389
경상남도,창원시마산합포구,재외투표,,905,608,333,265,2,0,3,1,604,4,297
경상남도,창원시마산합포구,국내부재자투표,,4641,4342,2247,1945,10,11,12,29,4254,88,299
경상남도,창원시마산합포구,소계,,147672,113879,80390,32530,60,40,129,194,113343,536,33793
경상남도,창원시마산합포구,구산면,소계,4520,3358,2546,747,2,2,0,23,3320,38,1162
경상남도,창원시마산합포구,,구산면제1투,1790,1351,990,340,1,1,0,7,1339,12,439
경상남도,창원시마산합포구,,구산면제2투,2730,2007,1556,407,1,1,0,16,1981,26,723
경상남도,창원시마산합포구,진동면,소계,8628,6638,4609,1948,5,4,9,14,6589,49,1990
경상남도,창원시마산합포구,,진동면제1투,1142,896,682,203,1,3,0,1,890,6,246
경상남도,창원시마산합포구,,진동면제2투,3317,2529,1784,706,2,1,4,8,2505,24,788
경상남도,창원시마산합포구,,진동면제3투,4169,3213,2143,1039,2,0,5,5,3194,19,956
경상남도,창원시마산합포구,진북면,소계,3495,2609,1971,596,3,0,1,15,2586,23,886
경상남도,창원시마산합포구,,진북면제1투,2568,1922,1426,464,2,0,1,12,1905,17,646
경상남도,창원시마산합포구,,진북면제2투,927,687,545,132,1,0,0,3,681,6,240
경상남도,창원시마산합포구,진전면,소계,3940,3007,2354,563,3,1,2,28,2951,56,933
경상남도,창원시마산합포구,,진전면제1투,2477,1887,1482,364,2,0,1,12,1861,26,590
경상남도,창원시마산합포구,,진전면제2투,1463,1120,872,199,1,1,1,16,1090,30,343
경상남도,창원시마산합포구,현동,소계,1851,1450,1124,306,1,0,3,5,1439,11,401
경상남도,창원시마산합포구,,현동제1투,1344,1043,808,220,0,0,2,4,1034,9,301
경상남도,창원시마산합포구,,현동제2투,507,407,316,86,1,0,1,1,405,2,100
경상남도,창원시마산합포구,가포동,소계,1323,1018,756,256,1,1,0,3,1017,1,305
경상남도,창원시마산합포구,,가포동투표소,1323,1018,756,256,1,1,0,3,1017,1,305
경상남도,창원시마산합포구,월영동,소계,25249,20109,13100,6906,6,1,24,14,20051,58,5140
경상남도,창원시마산합포구,,월영동제1투,2759,1991,1300,677,0,0,2,2,1981,10,768
경상남도,창원시마산합포구,,월영동제2투,3116,2292,1611,672,1,0,1,4,2289,3,824
경상남도,창원시마산합포구,,월영동제3투,3302,2620,1721,883,1,0,3,1,2609,11,682
경상남도,창원시마산합포구,,월영동제4투,3658,2878,1845,1018,1,0,4,2,2870,8,780
경상남도,창원시마산합포구,,월영동제5투,2738,2264,1538,716,0,0,3,0,2257,7,474
경상남도,창원시마산합포구,,월영동제6투,2884,2434,1559,860,2,0,5,2,2428,6,450
경상남도,창원시마산합포구,,월영동제7투,3353,2798,1791,990,1,0,4,3,2789,9,555
경상남도,창원시마산합포구,,월영동제8투,3439,2832,1735,1090,0,1,2,0,2828,4,607
경상남도,창원시마산합포구,문화동,소계,11080,8537,6043,2435,1,4,12,8,8503,34,2543
경상남도,창원시마산합포구,,문화동제1투,3820,2846,2014,810,1,1,4,4,2834,12,974
경상남도,창원시마산합포구,,문화동제2투,3188,2445,1751,675,0,0,4,3,2433,12,743
경상남도,창원시마산합포구,,문화동제3투,4072,3246,2278,950,0,3,4,1,3236,10,826
경상남도,창원시마산합포구,반월동,소계,7234,5757,3958,1757,4,1,7,6,5733,24,1477
경상남도,창원시마산합포구,,반월동제1투,4995,4019,2666,1328,3,1,5,2,4005,14,976
경상남도,창원시마산합포구,,반월동제2투,2239,1738,1292,429,1,0,2,4,1728,10,501
경상남도,창원시마산합포구,중앙동,소계,7015,5603,3881,1687,4,4,5,2,5583,20,1412
경상남도,창원시마산합포구,,중앙동제1투,3188,2492,1742,732,3,2,4,0,2483,9,696
경상남도,창원시마산합포구,,중앙동제2투,3827,3111,2139,955,1,2,1,2,3100,11,716
경상남도,창원시마산합포구,완월동,소계,9433,7336,5149,2122,7,3,10,11,7302,34,2097
경상남도,창원시마산합포구,,완월동제1투,2514,1814,1338,463,0,0,1,4,1806,8,700
경상남도,창원시마산합포구,,완월동제2투,3105,2455,1744,684,3,3,2,5,2441,14,650
경상남도,창원시마산합포구,,완월동제3투,3814,3067,2067,975,4,0,7,2,3055,12,747
경상남도,창원시마산합포구,자산동,소계,11139,8735,6251,2421,4,5,9,10,8700,35,2404
경상남도,창원시마산합포구,,자산동제1투,3810,3113,2224,875,1,1,1,3,3105,8,697
경상남도,창원시마산합포구,,자산동제2투,2247,1597,1201,383,0,2,3,1,1590,7,650
경상남도,창원시마산합포구,,자산동제3투,2304,1799,1300,479,1,0,1,5,1786,13,505
경상남도,창원시마산합포구,,자산동제4투,2778,2226,1526,684,2,2,4,1,2219,7,552
경상남도,창원시마산합포구,동서동,소계,9300,7198,5227,1929,2,2,11,6,7177,21,2102
경상남도,창원시마산합포구,,동서동제1투,3606,2616,2033,568,0,0,4,1,2606,10,990
경상남도,창원시마산합포구,,동서동제2투,3347,2624,1833,776,2,1,3,2,2617,7,723
경상남도,창원시마산합포구,,동서동제3투,2347,1958,1361,585,0,1,4,3,1954,4,389
경상남도,창원시마산합포구,성호동,소계,4028,2987,2235,716,3,2,3,4,2963,24,1041
경상남도,창원시마산합포구,,성호동투표소,4028,2987,2235,716,3,2,3,4,2963,24,1041
경상남도,창원시마산합포구,교방동,소계,9166,7065,4897,2119,2,1,6,13,7038,27,2101
경상남도,창원시마산합포구,,교방동제1투,3066,2294,1666,616,1,0,2,2,2287,7,772
경상남도,창원시마산합포구,,교방동제2투,3738,2979,1870,1091,1,1,2,4,2969,10,759
경상남도,창원시마산합포구,,교방동제3투,2362,1792,1361,412,0,0,2,7,1782,10,570
경상남도,창원시마산합포구,노산동,소계,6397,4901,3602,1259,3,0,4,14,4882,19,1496
경상남도,창원시마산합포구,,노산동제1투,3202,2591,1835,738,1,0,2,6,2582,9,611
경상남도,창원시마산합포구,,노산동제2투,3195,2310,1767,521,2,0,2,8,2300,10,885
경상남도,창원시마산합포구,오동동,소계,4551,3129,2334,775,1,0,2,4,3116,13,1422
경상남도,창원시마산합포구,,오동동제1투,2722,1859,1358,490,0,0,2,2,1852,7,863
경상남도,창원시마산합포구,,오동동제2투,1829,1270,976,285,1,0,0,2,1264,6,559
경상남도,창원시마산합포구,합포동,소계,6862,5076,3752,1284,1,4,6,9,5056,20,1786
경상남도,창원시마산합포구,,합포동제1투,3617,2766,1969,774,1,3,3,6,2756,10,851
경상남도,창원시마산합포구,,합포동제2투,3245,2310,1783,510,0,1,3,3,2300,10,935
경상남도,창원시마산합포구,산호동,소계,12461,9366,6601,2704,7,5,15,5,9337,29,3095
경상남도,창원시마산합포구,,산호동제1투,3194,2469,1739,705,4,2,4,3,2457,12,725
경상남도,창원시마산합포구,,산호동제2투,2681,1907,1338,558,0,0,4,0,1900,7,774
경상남도,창원시마산합포구,,산호동제3투,3569,2782,1929,836,1,3,6,2,2777,5,787
경상남도,창원시마산합포구,,산호동제4투,3017,2208,1595,605,2,0,1,0,2203,5,809
경상남도,창원시마산합포구,잘못 투입·구분된 투표지,,0,0,0,0,0,0,0,0,0,0,0
경상남도,창원시마산회원구,소계,,176017,138388,91940,45353,76,52,154,182,137757,631,37629
경상남도,창원시마산회원구,재외투표,,579,388,162,223,0,0,1,0,386,2,191
경상남도,창원시마산회원구,국내부재자투표,,5009,4692,2445,2117,7,8,10,23,4610,82,317
경상남도,창원시마산회원구,소계,,170429,133308,89333,43013,69,44,143,159,132761,547,37121
경상남도,창원시마산회원구,내서읍,소계,51522,41689,26057,15365,17,11,47,54,41551,138,9833
경상남도,창원시마산회원구,,내서읍제1투,524,423,328,89,0,0,0,1,418,5,101
경상남도,창원시마산회원구,,내서읍제2투,4284,3543,2177,1353,1,0,2,2,3535,8,741
경상남도,창원시마산회원구,,내서읍제3투,2769,2238,1416,804,2,1,3,2,2228,10,531
경상남도,창원시마산회원구,,내서읍제4투,3774,3287,1999,1270,1,0,4,4,3278,9,487
경상남도,창원시마산회원구,,내서읍제5투,3522,2805,1854,936,3,1,3,3,2800,5,717
경상남도,창원시마산회원구,,내서읍제6투,3334,2683,1828,830,1,0,7,4,2670,13,651
경상남도,창원시마산회원구,,내서읍제7투,4303,3352,2253,1078,0,2,1,5,3339,13,951
경상남도,창원시마산회원구,,내서읍제8투,4053,3095,2001,1069,1,0,4,6,3081,14,958
경상남도,창원시마산회원구,,내서읍제9투,3386,2519,1699,792,1,0,3,10,2505,14,867
경상남도,창원시마산회원구,,내서읍제10투,4746,3896,2326,1554,2,2,2,4,3890,6,850
경상남도,창원시마산회원구,,내서읍제11투,3560,2858,1666,1182,0,2,2,0,2852,6,702
경상남도,창원시마산회원구,,내서읍제12투,4856,3912,2358,1529,2,2,4,3,3898,14,944
경상남도,창원시마산회원구,,내서읍제13투,4462,3734,2172,1542,1,1,5,6,3727,7,728
경상남도,창원시마산회원구,,내서읍제14투,3290,2804,1585,1202,0,0,4,2,2793,11,486
경상남도,창원시마산회원구,,내서읍제15투,659,540,395,135,2,0,3,2,537,3,119
경상남도,창원시마산회원구,회원1동,소계,10876,8346,6182,2092,1,1,10,8,8294,52,2530
경상남도,창원시마산회원구,,회원1동제1투,3781,2922,2220,674,1,0,2,2,2899,23,859
경상남도,창원시마산회원구,,회원1동제2투,3915,3007,2187,797,0,0,7,5,2996,11,908
경상남도,창원시마산회원구,,회원1동제3투,3180,2417,1775,621,0,1,1,1,2399,18,763
경상남도,창원시마산회원구,회원2동,소계,11982,9022,6521,2433,7,5,5,12,8983,39,2960
경상남도,창원시마산회원구,,회원2동제1투,2962,2118,1589,512,3,0,2,3,2109,9,844
경상남도,창원시마산회원구,,회원2동제2투,2957,2288,1626,647,2,1,1,3,2280,8,669
경상남도,창원시마산회원구,,회원2동제3투,3333,2547,1868,656,1,4,2,2,2533,14,786
경상남도,창원시마산회원구,,회원2동제4투,2730,2069,1438,618,1,0,0,4,2061,8,661
경상남도,창원시마산회원구,석전1동,소계,6975,5381,3779,1549,3,4,4,9,5348,33,1594
경상남도,창원시마산회원구,,석전1동제1투,2701,2114,1473,626,1,1,2,3,2106,8,587
경상남도,창원시마산회원구,,석전1동제2투,1992,1490,1067,407,1,2,0,2,1479,11,502
경상남도,창원시마산회원구,,석전1동제3투,2282,1777,1239,516,1,1,2,4,1763,14,505
경상남도,창원시마산회원구,석전2동,소계,7970,6089,4338,1700,5,2,6,10,6061,28,1881
경상남도,창원시마산회원구,,석전2동제1투,1998,1607,1159,432,1,0,3,5,1600,7,391
경상남도,창원시마산회원구,,석전2동제2투,2557,1909,1356,530,3,1,1,3,1894,15,648
경상남도,창원시마산회원구,,석전2동제3투,3415,2573,1823,738,1,1,2,2,2567,6,842
경상남도,창원시마산회원구,회성동,소계,7008,5281,3830,1382,7,3,2,13,5237,44,1727
경상남도,창원시마산회원구,,회성동제1투,3142,2337,1701,614,3,1,1,5,2325,12,805
경상남도,창원시마산회원구,,회성동제2투,2834,2168,1583,549,3,0,0,6,2141,27,666
경상남도,창원시마산회원구,,회성동제3투,1032,776,546,219,1,2,1,2,771,5,256
경상남도,창원시마산회원구,양덕1동,소계,11111,8450,5731,2662,5,4,11,8,8421,29,2661
경상남도,창원시마산회원구,,양덕1동제1투,3768,2855,1945,895,2,2,1,3,2848,7,913
경상남도,창원시마산회원구,,양덕1동제2투,3687,2892,1958,912,3,1,5,0,2879,13,795
경상남도,창원시마산회원구,,양덕1동제3투,3656,2703,1828,855,0,1,5,5,2694,9,953
경상남도,창원시마산회원구,양덕2동,소계,22590,18314,12084,6130,10,4,26,9,18263,51,4276
경상남도,창원시마산회원구,,양덕2동제1투,4177,3411,2173,1221,0,2,5,2,3403,8,766
경상남도,창원시마산회원구,,양덕2동제2투,3877,3233,2128,1090,2,0,4,2,3226,7,644
경상남도,창원시마산회원구,,양덕2동제3투,3489,2693,1808,865,3,2,4,1,2683,10,796
경상남도,창원시마산회원구,,양덕2동제4투,2990,2356,1554,789,2,0,3,1,2349,7,634
경상남도,창원시마산회원구,,양덕2동제5투,3180,2415,1561,834,3,0,2,3,2403,12,765
경상남도,창원시마산회원구,,양덕2동제6투,4877,4206,2860,1331,0,0,8,0,4199,7,671
경상남도,창원시마산회원구,합성1동,소계,8744,6594,4597,1942,1,1,10,10,6561,33,2150
경상남도,창원시마산회원구,,합성1동제1투,3160,2353,1602,727,0,0,4,4,2337,16,807
경상남도,창원시마산회원구,,합성1동제2투,2847,2161,1518,627,0,0,4,3,2152,9,686
경상남도,창원시마산회원구,,합성1동제3투,2737,2080,1477,588,1,1,2,3,2072,8,657
경상남도,창원시마산회원구,합성2동,소계,8872,6559,4545,1976,3,1,4,8,6537,22,2313
경상남도,창원시마산회원구,,합성2동제1투,2890,2192,1482,694,1,1,1,3,2182,10,698
경상남도,창원시마산회원구,,합성2동제2투,3199,2305,1649,646,0,0,0,3,2298,7,894
경상남도,창원시마산회원구,,합성2동제3투,2783,2062,1414,636,2,0,3,2,2057,5,721
경상남도,창원시마산회원구,구암1동,소계,9793,7629,5077,2491,6,4,8,8,7594,35,2164
경상남도,창원시마산회원구,,구암1동제1투,3503,2673,1800,853,0,0,1,3,2657,16,830
경상남도,창원시마산회원구,,구암1동제2투,2543,1989,1359,614,3,3,4,2,1985,4,554
경상남도,창원시마산회원구,,구암1동제3투,3747,2967,1918,1024,3,1,3,3,2952,15,780
경상남도,창원시마산회원구,구암2동,소계,9296,7318,4775,2487,3,4,10,8,7287,31,1978
경상남도,창원시마산회원구,,구암2동제1투,3130,2516,1642,855,0,2,6,2,2507,9,614
경상남도,창원시마산회원구,,구암2동제2투,4248,3373,2199,1153,2,1,3,2,3360,13,875
경상남도,창원시마산회원구,,구암2동제3투,1918,1429,934,479,1,1,1,4,1420,9,489
경상남도,창원시마산회원구,봉암동,소계,3690,2636,1817,804,1,0,0,2,2624,12,1054
경상남도,창원시마산회원구,,봉암동제1투,1545,1121,729,385,0,0,0,1,1115,6,424
경상남도,창원시마산회원구,,봉암동제2투,2145,1515,1088,419,1,0,0,1,1509,6,630
경상남도,창원시마산회원구,잘못 투입·구분된 투표지,,0,0,0,0,0,0,0,0,0,0,0
경상남도,창원시진해구,소계,,138512,106832,68464,37511,60,57,122,124,106338,494,31680
경상남도,창원시진해구,재외투표,,771,515,315,193,1,1,2,0,512,3,256
경상남도,창원시진해구,국내부재자투표,,7093,6586,4087,2320,14,18,19,23,6481,105,507
경상남도,창원시진해구,소계,,130648,99728,64059,34998,45,38,101,101,99342,386,30920
경상남도,창원시진해구,중앙동,소계,4957,3874,2721,1134,1,0,8,6,3870,4,1083
경상남도,창원시진해구,,중앙동투표소,4957,3874,2721,1134,1,0,8,6,3870,4,1083
경상남도,창원시진해구,태평동,소계,5325,4040,2853,1148,3,0,11,4,4019,21,1285
경상남도,창원시진해구,,태평동제1투,2821,2114,1496,599,1,0,4,1,2101,13,707
경상남도,창원시진해구,,태평동제2투,2504,1926,1357,549,2,0,7,3,1918,8,578
경상남도,창원시진해구,충무동,소계,3755,2762,2086,656,1,3,1,2,2749,13,993
경상남도,창원시진해구,,충무동투표소,3755,2762,2086,656,1,3,1,2,2749,13,993
경상남도,창원시진해구,여좌동,소계,9629,7370,5303,2010,4,1,10,10,7338,32,2259
경상남도,창원시진해구,,여좌동제1투,2158,1613,1168,428,2,0,2,2,1602,11,545
경상남도,창원시진해구,,여좌동제2투,3740,2871,2053,795,0,0,8,3,2859,12,869
경상남도,창원시진해구,,여좌동제3투,3731,2886,2082,787,2,1,0,5,2877,9,845
경상남도,창원시진해구,태백동,소계,5877,4413,3256,1122,5,2,2,3,4390,23,1464
경상남도,창원시진해구,,태백동제1투,3094,2334,1688,627,3,1,1,0,2320,14,760
경상남도,창원시진해구,,태백동제2투,2783,2079,1568,495,2,1,1,3,2070,9,704
경상남도,창원시진해구,경화동,소계,8666,6717,4445,2228,3,2,9,10,6697,20,1949
경상남도,창원시진해구,,경화동제1투,4085,3022,2121,879,2,1,3,5,3011,11,1063
경상남도,창원시진해구,,경화동제2투,4581,3695,2324,1349,1,1,6,5,3686,9,886
경상남도,창원시진해구,병암동,소계,6663,5097,3341,1724,1,0,3,3,5072,25,1566
경상남도,창원시진해구,,병암동제1투,3297,2547,1671,859,1,0,1,1,2533,14,750
경상남도,창원시진해구,,병암동제2투,3366,2550,1670,865,0,0,2,2,2539,11,816
경상남도,창원시진해구,석동,소계,13575,10959,6491,4420,1,6,8,1,10927,32,2616
경상남도,창원시진해구,,석동제1투,5900,4575,2714,1843,0,2,3,0,4562,13,1325
경상남도,창원시진해구,,석동제2투,3599,2897,1728,1159,1,3,1,1,2893,4,702
경상남도,창원시진해구,,석동제3투,4076,3487,2049,1418,0,1,4,0,3472,15,589
경상남도,창원시진해구,이동,소계,9330,6851,4577,2232,0,3,5,9,6826,25,2479
경상남도,창원시진해구,,이동제1투,3359,2398,1600,785,0,0,0,5,2390,8,961
경상남도,창원시진해구,,이동제2투,2865,2094,1424,655,0,1,2,3,2085,9,771
경상남도,창원시진해구,,이동제3투,3106,2359,1553,792,0,2,3,1,2351,8,747
경상남도,창원시진해구,자은동,소계,8920,6998,4363,2591,1,5,6,4,6970,28,1922
경상남도,창원시진해구,,자은동제1투,3846,3061,1929,1122,0,0,3,1,3055,6,785
경상남도,창원시진해구,,자은동제2투,5074,3937,2434,1469,1,5,3,3,3915,22,1137
경상남도,창원시진해구,덕산동,소계,7828,6096,4045,2003,3,3,6,11,6071,25,1732
경상남도,창원시진해구,,덕산동제1투,4105,3140,2144,965,3,3,4,5,3124,16,965
경상남도,창원시진해구,,덕산동제2투,3723,2956,1901,1038,0,0,2,6,2947,9,767
경상남도,창원시진해구,풍호동,소계,12909,10529,6611,3857,5,4,8,16,10501,28,2380
경상남도,창원시진해구,,풍호동제1투,4709,3799,2394,1386,1,0,3,6,3790,9,910
경상남도,창원시진해구,,풍호동제2투,3852,3237,2017,1201,0,2,3,2,3225,12,615
경상남도,창원시진해구,,풍호동제3투,4348,3493,2200,1270,4,2,2,8,3486,7,855
경상남도,창원시진해구,웅천동,소계,3958,2959,2275,634,3,3,5,7,2927,32,999
경상남도,창원시진해구,,웅천동제1투,2783,2081,1586,458,2,1,5,5,2057,24,702
경상남도,창원시진해구,,웅천동제2투,1175,878,689,176,1,2,0,2,870,8,297
경상남도,창원시진해구,웅동1동,소계,6400,4635,2832,1769,4,1,4,5,4615,20,1765
경상남도,창원시진해구,,웅동1동제1투,3143,2313,1419,879,1,0,2,1,2302,11,830
경상남도,창원시진해구,,웅동1동제2투,3257,2322,1413,890,3,1,2,4,2313,9,935
경상남도,창원시진해구,웅동2동,소계,22856,16428,8860,7470,10,5,15,10,16370,58,6428
경상남도,창원시진해구,,웅동2동제1투,6927,4121,2396,1689,3,0,4,5,4097,24,2806
경상남도,창원시진해구,,웅동2동제2투,4171,3078,1809,1246,4,1,1,3,3064,14,1093
경상남도,창원시진해구,,웅동2동제3투,4411,3580,1823,1746,1,1,5,0,3576,4,831
경상남도,창원시진해구,,웅동2동제4투,4114,3154,1508,1633,1,1,2,0,3145,9,960
경상남도,창원시진해구,,웅동2동제5투,3233,2495,1324,1156,1,2,3,2,2488,7,738
경상남도,창원시진해구,잘못 투입·구분된 투표지,,0,3,3,0,0,0,0,0,3,0,-3
경상남도,진주시,소계,,264401,208886,140404,66038,152,105,294,498,207491,1395,55515
경상남도,진주시,재외투표,,1117,799,408,374,3,1,4,6,796,3,318
경상남도,진주시,국내부재자투표,,8644,7919,3968,3740,18,12,21,25,7784,135,725
경상남도,진주시,소계,,254640,200165,136025,61924,131,92,269,467,198908,1257,54475
경상남도,진주시,문산읍,소계,7032,5529,3740,1673,10,4,8,17,5452,77,1503
경상남도,진주시,,문산읍제1투,4234,3300,2240,979,8,2,4,14,3247,53,934
경상남도,진주시,,문산읍제2투,2798,2229,1500,694,2,2,4,3,2205,24,569
경상남도,진주시,내동면,소계,3212,2607,1727,845,0,3,3,11,2589,18,605
경상남도,진주시,,내동면투표소,3212,2607,1727,845,0,3,3,11,2589,18,605
경상남도,진주시,정촌면,소계,2626,2069,1549,466,2,2,3,12,2034,35,557
경상남도,진주시,,정촌면투표소,2626,2069,1549,466,2,2,3,12,2034,35,557
경상남도,진주시,금곡면,소계,2284,1814,1323,437,2,4,5,11,1782,32,470
경상남도,진주시,,금곡면투표소,2284,1814,1323,437,2,4,5,11,1782,32,470
경상남도,진주시,진성면,소계,2044,1579,1135,405,4,1,5,16,1566,13,465
경상남도,진주시,,진성면투표소,2044,1579,1135,405,4,1,5,16,1566,13,465
경상남도,진주시,일반성면,소계,2615,2009,1494,479,5,1,2,14,1995,14,606
경상남도,진주시,,일반성면투표소,2615,2009,1494,479,5,1,2,14,1995,14,606
경상남도,진주시,이반성면,소계,1616,1264,891,312,2,2,3,17,1227,37,352
경상남도,진주시,,이반성면투표소,1616,1264,891,312,2,2,3,17,1227,37,352
경상남도,진주시,사봉면,소계,1598,1256,887,321,2,0,3,12,1225,31,342
경상남도,진주시,,사봉면투표소,1598,1256,887,321,2,0,3,12,1225,31,342
경상남도,진주시,지수면,소계,1522,1145,802,304,3,0,2,16,1127,18,377
경상남도,진주시,,지수면투표소,1522,1145,802,304,3,0,2,16,1127,18,377
경상남도,진주시,대곡면,소계,3522,2626,1924,628,3,1,2,22,2580,46,896
경상남도,진주시,,대곡면투표소,3522,2626,1924,628,3,1,2,22,2580,46,896
경상남도,진주시,금산면,소계,16132,13041,7878,5054,5,10,15,29,12991,50,3091
경상남도,진주시,,금산면제1투,3658,2873,1920,911,0,4,4,16,2855,18,785
경상남도,진주시,,금산면제2투,4868,3891,2425,1429,4,5,5,10,3878,13,977
경상남도,진주시,,금산면제3투,3254,2657,1547,1100,1,1,2,1,2652,5,597
경상남도,진주시,,금산면제4투,4352,3620,1986,1614,0,0,4,2,3606,14,732
경상남도,진주시,집현면,소계,4331,3311,2282,945,2,4,4,19,3256,55,1020
경상남도,진주시,,집현면투표소,4331,3311,2282,945,2,4,4,19,3256,55,1020
경상남도,진주시,미천면,소계,1702,1322,988,287,2,0,3,19,1299,23,380
경상남도,진주시,,미천면투표소,1702,1322,988,287,2,0,3,19,1299,23,380
경상남도,진주시,명석면,소계,4013,3101,2358,684,1,1,2,14,3060,41,912
경상남도,진주시,,명석면투표소,4013,3101,2358,684,1,1,2,14,3060,41,912
경상남도,진주시,대평면,소계,1039,839,645,176,1,1,1,2,826,13,200
경상남도,진주시,,대평면투표소,1039,839,645,176,1,1,1,2,826,13,200
경상남도,진주시,수곡면,소계,2186,1745,1237,453,2,3,4,13,1712,33,441
경상남도,진주시,,수곡면투표소,2186,1745,1237,453,2,3,4,13,1712,33,441
경상남도,진주시,망경동,소계,13230,10834,7408,3337,5,2,20,9,10781,53,2396
경상남도,진주시,,망경동제1투,3551,2730,2023,673,2,1,5,3,2707,23,821
경상남도,진주시,,망경동제2투,3552,2877,1997,857,3,1,1,4,2863,14,675
경상남도,진주시,,망경동제3투,2971,2548,1731,802,0,0,11,0,2544,4,423
경상남도,진주시,,망경동제4투,3156,2679,1657,1005,0,0,3,2,2667,12,477
경상남도,진주시,강남동,소계,4700,3661,2699,937,0,0,2,4,3642,19,1039
경상남도,진주시,,강남동제1투,2570,1992,1454,528,0,0,2,1,1985,7,578
경상남도,진주시,,강남동제2투,2130,1669,1245,409,0,0,0,3,1657,12,461
경상남도,진주시,칠암동,소계,8154,6470,4299,2113,3,3,14,7,6439,31,1684
경상남도,진주시,,칠암동제1투,2805,2104,1321,760,1,0,5,4,2091,13,701
경상남도,진주시,,칠암동제2투,2783,2212,1608,585,2,1,5,2,2203,9,571
경상남도,진주시,,칠암동제3투,2566,2154,1370,768,0,2,4,1,2145,9,412
경상남도,진주시,성지동,소계,5173,3819,2831,958,2,1,5,6,3803,16,1354
경상남도,진주시,,성지동투표소,5173,3819,2831,958,2,1,5,6,3803,16,1354
경상남도,진주시,중앙동,소계,3673,2709,2115,571,3,1,0,1,2691,18,964
경상남도,진주시,,중앙동투표소,3673,2709,2115,571,3,1,0,1,2691,18,964
경상남도,진주시,봉안동,소계,5573,4053,2980,1026,5,2,8,3,4024,29,1520
경상남도,진주시,,봉안동제1투,2610,1860,1386,450,4,1,3,1,1845,15,750
경상남도,진주시,,봉안동제2투,2963,2193,1594,576,1,1,5,2,2179,14,770
경상남도,진주시,상봉동동,소계,5824,4338,3205,1089,6,1,1,9,4311,27,1486
경상남도,진주시,,상봉동동제1투,2959,2162,1588,551,4,1,0,5,2149,13,797
경상남도,진주시,,상봉동동제2투,2865,2176,1617,538,2,0,1,4,2162,14,689
경상남도,진주시,상봉서동,소계,8362,6424,4652,1713,5,3,6,15,6394,30,1938
경상남도,진주시,,상봉서동제1투,4256,3279,2482,771,3,0,1,8,3265,14,977
경상남도,진주시,,상봉서동제2투,4106,3145,2170,942,2,3,5,7,3129,16,961
경상남도,진주시,봉수동,소계,3729,2825,2170,624,3,2,4,10,2813,12,904
경상남도,진주시,,봉수동투표소,3729,2825,2170,624,3,2,4,10,2813,12,904
경상남도,진주시,옥봉동,소계,5488,4079,3114,908,6,0,7,19,4054,25,1409
경상남도,진주시,,옥봉동제1투,2814,2064,1587,441,5,0,2,12,2047,17,750
경상남도,진주시,,옥봉동제2투,2674,2015,1527,467,1,0,5,7,2007,8,659
경상남도,진주시,상대1동,소계,11630,8798,6143,2577,1,6,8,13,8748,50,2832
경상남도,진주시,,상대1동제1투,3694,2848,1986,843,0,1,2,5,2837,11,846
경상남도,진주시,,상대1동제2투,3944,2974,2037,902,0,3,3,5,2950,24,970
경상남도,진주시,,상대1동제3투,3992,2976,2120,832,1,2,3,3,2961,15,1016
경상남도,진주시,상대2동,소계,9810,7535,5260,2231,1,0,5,9,7506,29,2275
경상남도,진주시,,상대2동제1투,2689,1908,1313,584,0,0,1,2,1900,8,781
경상남도,진주시,,상대2동제2투,3252,2464,1730,722,0,0,1,4,2457,7,788
경상남도,진주시,,상대2동제3투,3869,3163,2217,925,1,0,3,3,3149,14,706
경상남도,진주시,하대1동,소계,11741,9179,6205,2919,4,1,7,11,9147,32,2562
경상남도,진주시,,하대1동제1투,3689,2814,1940,858,2,1,3,1,2805,9,875
경상남도,진주시,,하대1동제2투,4010,3212,2109,1079,1,0,3,4,3196,16,798
경상남도,진주시,,하대1동제3투,4042,3153,2156,982,1,0,1,6,3146,7,889
경상남도,진주시,하대2동,소계,9614,7727,5251,2401,4,6,18,6,7686,41,1887
경상남도,진주시,,하대2동제1투,3368,2807,1824,955,0,1,12,0,2792,15,561
경상남도,진주시,,하대2동제2투,2882,2232,1567,637,2,3,5,3,2217,15,650
경상남도,진주시,,하대2동제3투,3364,2688,1860,809,2,2,1,3,2677,11,676
경상남도,진주시,상평동,소계,10499,8167,5674,2443,5,7,10,8,8147,20,2332
경상남도,진주시,,상평동제1투,3205,2405,1699,691,3,2,3,1,2399,6,800
경상남도,진주시,,상평동제2투,3037,2341,1715,608,0,1,3,6,2333,8,696
경상남도,진주시,,상평동제3투,4257,3421,2260,1144,2,4,4,1,3415,6,836
경상남도,진주시,초장동,소계,10511,8791,5677,3037,3,0,20,19,8756,35,1720
경상남도,진주시,,초장동제1투,3672,2909,1996,887,3,0,6,7,2899,10,763
경상남도,진주시,,초장동제2투,3337,2836,1861,940,0,0,8,8,2817,19,501
경상남도,진주시,,초장동제3투,3502,3046,1820,1210,0,0,6,4,3040,6,456
경상남도,진주시,평거동,소계,20833,16892,10495,6273,6,4,17,22,16817,75,3941
경상남도,진주시,,평거동제1투,3782,2873,1971,869,0,1,1,5,2847,26,909
경상남도,진주시,,평거동제2투,4186,3392,2083,1291,1,0,5,2,3382,10,794
경상남도,진주시,,평거동제3투,3940,3309,2004,1276,2,1,2,6,3291,18,631
경상남도,진주시,,평거동제4투,4603,3681,2186,1473,1,0,6,5,3671,10,922
경상남도,진주시,,평거동제5투,4322,3637,2251,1364,2,2,3,4,3626,11,685
경상남도,진주시,신안동,소계,11180,8973,6097,2806,5,4,13,10,8935,38,2207
경상남도,진주시,,신안동제1투,4447,3650,2392,1231,2,2,3,3,3633,17,797
경상남도,진주시,,신안동제2투,3514,2866,1957,882,1,2,7,6,2855,11,648
경상남도,진주시,,신안동제3투,3219,2457,1748,693,2,0,3,1,2447,10,762
경상남도,진주시,이현동,소계,11585,9107,6198,2847,4,3,11,11,9074,33,2478
경상남도,진주시,,이현동제1투,4076,3391,2259,1110,0,0,4,7,3380,11,685
경상남도,진주시,,이현동제2투,3683,2749,1960,770,3,2,4,4,2743,6,934
경상남도,진주시,,이현동제3투,3826,2967,1979,967,1,1,3,0,2951,16,859
경상남도,진주시,판문동,소계,9844,7851,5053,2719,4,4,11,18,7809,42,1993
경상남도,진주시,,판문동제1투,3537,2723,1828,857,3,3,3,10,2704,19,814
경상남도,진주시,,판문동제2투,3645,2902,1888,985,1,0,6,5,2885,17,743
경상남도,진주시,,판문동제3투,2662,2226,1337,877,0,1,2,3,2220,6,436
경상남도,진주시,가호동,소계,16013,12676,7639,4926,10,5,17,13,12610,66,3337
경상남도,진주시,,가호동제1투,4070,3171,1971,1162,2,2,5,6,3148,23,899
경상남도,진주시,,가호동제2투,4239,3293,1893,1376,2,2,5,0,3278,15,946
경상남도,진주시,,가호동제3투,3695,2910,1911,967,5,1,2,6,2892,18,785
경상남도,진주시,,가호동제4투,4009,3302,1864,1421,1,0,5,1,3292,10,707
경상남도,진주시,잘못 투입·구분된 투표지,,0,3,3,0,0,0,0,0,3,0,-3
경상남도,통영시,소계,,110617,82118,56873,24216,53,42,101,253,81538,580,28499
경상남도,통영시,재외투표,,312,203,98,103,0,0,0,0,201,2,109
경상남도,통영시,국내부재자투표,,3573,3238,1546,1590,5,8,13,9,3171,67,335
경상남도,통영시,소계,,106732,78677,55229,22523,48,34,88,244,78166,511,28055
경상남도,통영시,산양읍,소계,4758,3402,2569,740,5,3,5,34,3356,46,1356
경상남도,통영시,,산양읍제1투,3528,2545,1897,579,5,3,4,24,2512,33,983
경상남도,통영시,,산양읍제2투,827,564,452,102,0,0,0,4,558,6,263
경상남도,통영시,,산양읍제3투,286,205,155,41,0,0,1,5,202,3,81
경상남도,통영시,,산양읍제4투,117,88,65,18,0,0,0,1,84,4,29
경상남도,통영시,용남면,소계,8452,6376,4334,1960,3,3,10,22,6332,44,2076
경상남도,통영시,,용남면제1투,2173,1597,1055,530,1,1,2,2,1591,6,576
경상남도,통영시,,용남면제2투,3269,2418,1710,667,2,1,4,10,2394,24,851
경상남도,통영시,,용남면제3투,322,226,193,25,0,1,0,4,223,3,96
경상남도,통영시,,용남면제4투,2688,2135,1376,738,0,0,4,6,2124,11,553
경상남도,통영시,도산면,소계,2902,2240,1662,512,4,2,9,23,2212,28,662
경상남도,통영시,,도산면제1투,1901,1440,1060,340,2,0,6,15,1423,17,461
경상남도,통영시,,도산면제2투,513,420,331,75,1,1,2,5,415,5,93
경상남도,통영시,,도산면제3투,488,380,271,97,1,1,1,3,374,6,108
경상남도,통영시,광도면,소계,17551,13077,7992,4953,7,2,11,36,13001,76,4474
경상남도,통영시,,광도면제1투,1843,1381,989,363,1,1,1,10,1365,16,462
경상남도,통영시,,광도면제2투,3195,2215,1280,906,2,0,2,10,2200,15,980
경상남도,통영시,,광도면제3투,2093,1547,1115,401,0,0,2,11,1529,18,546
경상남도,통영시,,광도면제4투,5704,4440,2636,1778,2,1,4,3,4424,16,1264
경상남도,통영시,,광도면제5투,4716,3494,1972,1505,2,0,2,2,3483,11,1222
경상남도,통영시,욕지면,소계,1842,1224,981,212,2,1,3,12,1211,13,618
경상남도,통영시,,욕지면제1투,1366,882,690,171,1,0,3,9,874,8,484
경상남도,통영시,,욕지면제2투,189,137,103,27,1,1,0,3,135,2,52
경상남도,통영시,,욕지면제3투,287,205,188,14,0,0,0,0,202,3,82
경상남도,통영시,한산면,소계,2092,1576,1350,177,0,0,0,24,1551,25,516
경상남도,통영시,,한산면제1투,1750,1334,1157,134,0,0,0,19,1310,24,416
경상남도,통영시,,한산면제2투,168,135,119,14,0,0,0,1,134,1,33
경상남도,통영시,,한산면제3투,174,107,74,29,0,0,0,4,107,0,67
경상남도,통영시,사량면,소계,1487,1097,850,215,2,2,1,10,1080,17,390
경상남도,통영시,,사량면제1투,953,694,540,135,2,2,1,5,685,9,259
경상남도,통영시,,사량면제2투,534,403,310,80,0,0,0,5,395,8,131
경상남도,통영시,도천동,소계,9274,6785,4947,1754,3,6,8,11,6729,56,2489
경상남도,통영시,,도천동제1투,2970,2190,1587,569,1,3,5,3,2168,22,780
경상남도,통영시,,도천동제2투,2527,1782,1358,402,0,0,1,2,1763,19,745
경상남도,통영시,,도천동제3투,2238,1645,1142,490,1,3,0,0,1636,9,593
경상남도,통영시,,도천동제4투,1539,1168,860,293,1,0,2,6,1162,6,371
경상남도,통영시,명정동,소계,3734,2655,2075,556,1,0,2,6,2640,15,1079
경상남도,통영시,,명정동제1투,1895,1344,1035,297,1,0,1,1,1335,9,551
경상남도,통영시,,명정동제2투,1839,1311,1040,259,0,0,1,5,1305,6,528
경상남도,통영시,중앙동,소계,5147,3691,2844,810,2,0,5,6,3667,24,1456
경상남도,통영시,,중앙동제1투,3092,2202,1699,480,1,0,4,4,2188,14,890
경상남도,통영시,,중앙동제2투,2055,1489,1145,330,1,0,1,2,1479,10,566
경상남도,통영시,정량동,소계,9125,6512,4870,1596,4,0,2,11,6483,29,2613
경상남도,통영시,,정량동제1투,3061,2113,1596,504,0,0,1,4,2105,8,948
경상남도,통영시,,정량동제2투,3226,2345,1761,570,3,0,1,3,2338,7,881
경상남도,통영시,,정량동제3투,2838,2054,1513,522,1,0,0,4,2040,14,784
경상남도,통영시,북신동,소계,9145,6935,5143,1750,1,1,4,12,6911,24,2210
경상남도,통영시,,북신동제1투,3521,2775,1959,802,0,0,3,3,2767,8,746
경상남도,통영시,,북신동제2투,3076,2306,1771,525,0,0,0,3,2299,7,770
경상남도,통영시,,북신동제3투,2548,1854,1413,423,1,1,1,6,1845,9,694
경상남도,통영시,무전동,소계,10686,8194,5413,2722,5,2,8,12,8162,32,2492
경상남도,통영시,,무전동제1투,3926,2778,1979,773,1,0,2,7,2762,16,1148
경상남도,통영시,,무전동제2투,3328,2638,1663,957,2,2,3,4,2631,7,690
경상남도,통영시,,무전동제3투,3432,2778,1771,992,2,0,3,1,2769,9,654
경상남도,통영시,미수동,소계,9731,7289,4950,2281,2,5,11,8,7257,32,2442
경상남도,통영시,,미수동제1투,2619,1891,1403,471,1,2,2,1,1880,11,728
경상남도,통영시,,미수동제2투,3026,2296,1500,776,1,2,2,1,2282,14,730
경상남도,통영시,,미수동제3투,2019,1455,1038,406,0,0,3,4,1451,4,564
경상남도,통영시,,미수동제4투,2067,1647,1009,628,0,1,4,2,1644,3,420
경상남도,통영시,봉평동,소계,10806,7624,5249,2285,7,7,9,17,7574,50,3182
경상남도,통영시,,봉평동제1투,2548,1804,1235,549,1,2,0,4,1791,13,744
경상남도,통영시,,봉평동제2투,3179,2237,1559,646,1,3,4,4,2217,20,942
경상남도,통영시,,봉평동제3투,2754,1917,1323,569,2,2,4,5,1905,12,837
경상남도,통영시,,봉평동제4투,2325,1666,1132,521,3,0,1,4,1661,5,659
경상남도,통영시,잘못 투입·구분된 투표지,,0,0,0,0,0,0,0,0,0,0,0
경상남도,고성군,소계,,48227,35555,25076,9673,70,27,53,217,35116,439,12672
경상남도,고성군,재외투표,,473,299,194,103,0,0,0,1,298,1,174
경상남도,고성군,국내부재자투표,,1651,1519,769,693,4,3,1,4,1474,45,132
경상남도,고성군,소계,,46103,33737,24113,8877,66,24,52,212,33344,393,12366
경상남도,고성군,고성읍,소계,19923,14468,9790,4492,18,9,19,46,14374,94,5455
경상남도,고성군,,고성읍제1투,4188,2983,2005,957,2,1,3,2,2970,13,1205
경상남도,고성군,,고성읍제2투,5396,4032,2697,1311,4,2,3,3,4020,12,1364
경상남도,고성군,,고성읍제3투,2255,1524,1053,439,1,2,3,9,1507,17,731
경상남도,고성군,,고성읍제4투,2271,1641,1176,444,2,0,3,6,1631,10,630
경상남도,고성군,,고성읍제5투,3431,2524,1611,868,3,2,2,12,2498,26,907
경상남도,고성군,,고성읍제6투,959,737,511,209,2,1,3,4,730,7,222
경상남도,고성군,,고성읍제7투,1423,1027,737,264,4,1,2,10,1018,9,396
경상남도,고성군,삼산면,소계,1683,1193,862,301,3,2,1,8,1177,16,490
경상남도,고성군,,삼산면투표소,1683,1193,862,301,3,2,1,8,1177,16,490
경상남도,고성군,하일면,소계,1788,1300,1030,223,6,1,5,18,1283,17,488
경상남도,고성군,,하일면투표소,1788,1300,1030,223,6,1,5,18,1283,17,488
경상남도,고성군,하이면,소계,2448,1869,1403,403,6,2,5,19,1838,31,579
경상남도,고성군,,하이면투표소,2448,1869,1403,403,6,2,5,19,1838,31,579
경상남도,고성군,상리면,소계,1547,1187,829,334,0,1,1,6,1171,16,360
경상남도,고성군,,상리면투표소,1547,1187,829,334,0,1,1,6,1171,16,360
경상남도,고성군,대가면,소계,1527,1157,869,252,2,1,3,15,1142,15,370
경상남도,고성군,,대가면투표소,1527,1157,869,252,2,1,3,15,1142,15,370
경상남도,고성군,영현면,소계,898,693,492,164,7,1,2,11,677,16,205
경상남도,고성군,,영현면투표소,898,693,492,164,7,1,2,11,677,16,205
경상남도,고성군,영오면,소계,1401,1091,794,250,4,0,1,7,1056,35,310
경상남도,고성군,,영오면투표소,1401,1091,794,250,4,0,1,7,1056,35,310
경상남도,고성군,개천면,소계,1091,859,633,202,0,1,2,8,846,13,232
경상남도,고성군,,개천면제1투,707,560,416,131,0,0,2,4,553,7,147
경상남도,고성군,,개천면제2투,384,299,217,71,0,1,0,4,293,6,85
경상남도,고성군,구만면,소계,1011,757,512,225,2,0,2,3,744,13,254
경상남도,고성군,,구만면투표소,1011,757,512,225,2,0,2,3,744,13,254
경상남도,고성군,회화면,소계,3408,2502,1960,495,3,0,1,14,2473,29,906
경상남도,고성군,,회화면투표소,3408,2502,1960,495,3,0,1,14,2473,29,906
경상남도,고성군,마암면,소계,1656,1237,863,319,5,2,1,14,1204,33,419
경상남도,고성군,,마암면투표소,1656,1237,863,319,5,2,1,14,1204,33,419
경상남도,고성군,동해면,소계,3307,2327,1784,486,5,2,3,16,2296,31,980
경상남도,고성군,,동해면제1투,1775,1239,953,255,3,0,1,9,1221,18,536
경상남도,고성군,,동해면제2투,1532,1088,831,231,2,2,2,7,1075,13,444
경상남도,고성군,거류면,소계,4415,3097,2292,731,5,2,6,27,3063,34,1318
경상남도,고성군,,거류면제1투,2996,2060,1507,505,3,1,6,18,2040,20,936
경상남도,고성군,,거류면제2투,1419,1037,785,226,2,1,0,9,1023,14,382
경상남도,고성군,잘못 투입·구분된 투표지,,0,0,0,0,0,0,0,0,0,0,0
경상남도,사천시,소계,,92267,70371,48033,21237,59,35,81,254,69699,672,21896
경상남도,사천시,재외투표,,425,281,163,115,0,1,1,0,280,1,144
경상남도,사천시,국내부재자투표,,2914,2672,1378,1203,4,4,8,8,2605,67,242
경상남도,사천시,소계,,88928,67418,46492,19919,55,30,72,246,66814,604,21510
경상남도,사천시,사천읍,소계,13158,9902,6449,3344,9,5,10,21,9838,64,3256
경상남도,사천시,,사천읍제1투,4410,3305,1956,1327,1,0,3,3,3290,15,1105
경상남도,사천시,,사천읍제2투,3238,2366,1566,775,1,3,2,8,2355,11,872
경상남도,사천시,,사천읍제3투,2284,1694,1186,488,2,0,0,5,1681,13,590
경상남도,사천시,,사천읍제4투,3226,2537,1741,754,5,2,5,5,2512,25,689
경상남도,사천시,정동면,소계,8375,6651,3986,2580,4,3,8,17,6598,53,1724
경상남도,사천시,,정동면제1투,2197,1783,1172,592,1,0,2,2,1769,14,414
경상남도,사천시,,정동면제2투,2594,2134,1181,931,2,1,4,7,2126,8,460
경상남도,사천시,,정동면제3투,3584,2734,1633,1057,1,2,2,8,2703,31,850
경상남도,사천시,사남면,소계,8637,6848,4129,2645,0,3,3,19,6799,49,1789
경상남도,사천시,,사남면제1투,2724,2083,1526,513,0,2,0,14,2055,28,641
경상남도,사천시,,사남면제2투,2836,2294,1294,989,0,1,0,2,2286,8,542
경상남도,사천시,,사남면제3투,3077,2471,1309,1143,0,0,3,3,2458,13,606
경상남도,사천시,용현면,소계,6583,4827,3336,1432,2,1,3,16,4790,37,1756
경상남도,사천시,,용현면제1투,2700,1948,1320,605,2,0,1,8,1936,12,752
경상남도,사천시,,용현면제2투,3883,2879,2016,827,0,1,2,8,2854,25,1004
경상남도,사천시,축동면,소계,1793,1418,1118,268,1,2,1,10,1400,18,375
경상남도,사천시,,축동면투표소,1793,1418,1118,268,1,2,1,10,1400,18,375
경상남도,사천시,곤양면,소계,3524,2664,1915,677,8,1,4,24,2629,35,860
경상남도,사천시,,곤양면제1투,2613,1937,1372,512,4,1,3,19,1911,26,676
경상남도,사천시,,곤양면제2투,911,727,543,165,4,0,1,5,718,9,184
경상남도,사천시,곤명면,소계,2852,2267,1673,543,4,1,3,17,2241,26,585
경상남도,사천시,,곤명면제1투,1373,1073,793,249,2,0,1,13,1058,15,300
경상남도,사천시,,곤명면제2투,1479,1194,880,294,2,1,2,4,1183,11,285
경상남도,사천시,서포면,소계,3622,2655,1983,585,0,1,4,34,2607,48,967
경상남도,사천시,,서포면투표소,3622,2655,1983,585,0,1,4,34,2607,48,967
경상남도,사천시,동서동,소계,7200,5219,4142,994,3,3,8,21,5171,48,1981
경상남도,사천시,,동서동제1투,2741,1990,1594,367,1,1,4,6,1973,17,751
경상남도,사천시,,동서동제2투,2262,1619,1299,298,2,1,1,5,1606,13,643
경상남도,사천시,,동서동제3투,1894,1408,1078,303,0,1,3,7,1392,16,486
경상남도,사천시,,동서동제4투,303,202,171,26,0,0,0,3,200,2,101
경상남도,사천시,선구동,소계,5312,3939,2834,1061,4,0,4,6,3909,30,1373
경상남도,사천시,,선구동제1투,1818,1303,938,352,0,0,3,2,1295,8,515
경상남도,사천시,,선구동제2투,1564,1168,890,263,2,0,1,2,1158,10,396
경상남도,사천시,,선구동제3투,1930,1468,1006,446,2,0,0,2,1456,12,462
경상남도,사천시,동서금동,소계,4937,3554,2727,784,2,1,3,8,3525,29,1383
경상남도,사천시,,동서금동제1투,3022,2150,1598,530,2,0,3,4,2137,13,872
경상남도,사천시,,동서금동제2투,1915,1404,1129,254,0,1,0,4,1388,16,511
경상남도,사천시,벌용동,소계,12471,9466,6622,2752,11,4,11,14,9414,52,3005
경상남도,사천시,,벌용동제1투,3148,2288,1691,573,2,1,1,5,2273,15,860
경상남도,사천시,,벌용동제2투,2733,2096,1565,512,6,1,3,0,2087,9,637
경상남도,사천시,,벌용동제3투,2998,2271,1593,660,1,1,0,3,2258,13,727
경상남도,사천시,,벌용동제4투,3592,2811,1773,1007,2,1,7,6,2796,15,781
경상남도,사천시,향촌동,소계,5683,4327,3043,1185,5,4,4,21,4262,65,1356
경상남도,사천시,,향촌동제1투,4129,3163,2214,906,3,3,3,11,3140,23,966
경상남도,사천시,,향촌동제2투,1554,1164,829,279,2,1,1,10,1122,42,390
경상남도,사천시,남양동,소계,4781,3681,2535,1069,2,1,6,18,3631,50,1100
경상남도,사천시,,남양동제1투,4124,3166,2142,965,2,1,1,12,3123,43,958
경상남도,사천시,,남양동제2투,657,515,393,104,0,0,5,6,508,7,142
경상남도,사천시,잘못 투입·구분된 투표지,,0,0,0,0,0,0,0,0,0,0,0
경상남도,김해시,소계,,382157,290612,150925,137372,144,112,310,377,289240,1372,91545
경상남도,김해시,재외투표,,1348,907,402,492,1,0,2,1,898,9,441
경상남도,김해시,국내부재자투표,,10111,9478,4312,4933,12,21,14,40,9332,146,633
경상남도,김해시,소계,,370698,280221,146210,131942,131,91,294,336,279004,1217,90477
경상남도,김해시,진영읍,소계,30388,22614,10692,11733,11,6,29,29,22500,114,7774
경상남도,김해시,,진영읍제1투,2326,1771,961,788,0,0,3,7,1759,12,555
경상남도,김해시,,진영읍제2투,4266,3204,1497,1674,1,1,5,0,3178,26,1062
경상남도,김해시,,진영읍제3투,3858,3072,1278,1783,1,2,1,2,3067,5,786
경상남도,김해시,,진영읍제4투,3849,3201,1436,1754,0,0,4,1,3195,6,648
경상남도,김해시,,진영읍제5투,4815,3288,1563,1708,4,1,4,2,3282,6,1527
경상남도,김해시,,진영읍제6투,4453,3082,1514,1525,2,0,8,7,3056,26,1371
경상남도,김해시,,진영읍제7투,4043,3033,1428,1578,2,2,2,3,3015,18,1010
경상남도,김해시,,진영읍제8투,2778,1963,1015,923,1,0,2,7,1948,15,815
경상남도,김해시,장유면,소계,87306,68614,33850,34384,22,16,70,59,68401,213,18692
경상남도,김해시,,장유면제1투,5005,3969,1855,2096,0,1,2,3,3957,12,1036
경상남도,김해시,,장유면제2투,4751,3690,1737,1936,1,1,2,3,3680,10,1061
경상남도,김해시,,장유면제3투,4354,3453,1648,1782,1,0,4,5,3440,13,901
경상남도,김해시,,장유면제4투,4876,3966,1917,2030,0,1,4,2,3954,12,910
경상남도,김해시,,장유면제5투,5014,4105,2161,1916,3,2,6,1,4089,16,909
경상남도,김해시,,장유면제6투,3281,2380,1134,1233,1,0,1,3,2372,8,901
경상남도,김해시,,장유면제7투,3954,3119,1592,1511,0,1,2,4,3110,9,835
경상남도,김해시,,장유면제8투,4303,3539,1672,1852,0,0,2,4,3530,9,764
경상남도,김해시,,장유면제9투,3896,3023,1582,1425,0,1,4,3,3015,8,873
경상남도,김해시,,장유면제10투,3734,2948,1500,1420,3,2,8,1,2934,14,786
경상남도,김해시,,장유면제11투,4290,3458,1674,1768,1,0,3,2,3448,10,832
경상남도,김해시,,장유면제12투,4690,3582,1697,1866,1,0,3,2,3569,13,1108
경상남도,김해시,,장유면제13투,3734,2576,1509,1053,1,0,2,2,2567,9,1158
경상남도,김해시,,장유면제14투,4967,3830,2013,1793,1,0,5,6,3818,12,1137
경상남도,김해시,,장유면제15투,5020,4122,1897,2207,1,1,6,3,4115,7,898
경상남도,김해시,,장유면제16투,3596,2980,1488,1475,2,0,5,2,2972,8,616
경상남도,김해시,,장유면제17투,4790,3601,1810,1770,2,1,4,3,3590,11,1189
경상남도,김해시,,장유면제18투,5195,4220,2140,2056,1,0,6,4,4207,13,975
경상남도,김해시,,장유면제19투,4579,3354,1670,1662,2,2,0,5,3341,13,1225
경상남도,김해시,,장유면제20투,3277,2699,1154,1533,1,3,1,1,2693,6,578
경상남도,김해시,주촌면,소계,3274,2376,1530,818,2,0,4,4,2358,18,898
경상남도,김해시,,주촌면투표소,3274,2376,1530,818,2,0,4,4,2358,18,898
경상남도,김해시,진례면,소계,6565,4807,2999,1745,3,1,6,15,4769,38,1758
경상남도,김해시,,진례면제1투,3121,2289,1462,803,2,0,4,5,2276,13,832
경상남도,김해시,,진례면제2투,3444,2518,1537,942,1,1,2,10,2493,25,926
경상남도,김해시,한림면,소계,8177,5868,3054,2695,9,2,10,28,5798,70,2309
경상남도,김해시,,한림면제1투,1795,1257,687,553,1,0,1,4,1246,11,538
경상남도,김해시,,한림면제2투,2157,1567,870,659,4,1,1,10,1545,22,590
경상남도,김해시,,한림면제3투,2473,1762,854,877,1,0,6,7,1745,17,711
경상남도,김해시,,한림면제4투,1752,1282,643,606,3,1,2,7,1262,20,470
경상남도,김해시,생림면,소계,3887,2935,1817,1079,4,1,3,5,2909,26,952
경상남도,김해시,,생림면제1투,1972,1452,896,539,1,0,1,3,1440,12,520
경상남도,김해시,,생림면제2투,1915,1483,921,540,3,1,2,2,1469,14,432
경상남도,김해시,상동면,소계,3101,2269,1400,809,5,6,4,12,2236,33,832
경상남도,김해시,,상동면제1투,2405,1754,1069,629,5,5,3,10,1721,33,651
경상남도,김해시,,상동면제2투,696,515,331,180,0,1,1,2,515,0,181
경상남도,김해시,대동면,소계,6893,5254,3216,1974,6,4,2,11,5213,41,1639
경상남도,김해시,,대동면제1투,2135,1626,973,636,1,1,0,6,1617,9,509
경상남도,김해시,,대동면제2투,2603,1964,1181,760,3,1,1,1,1947,17,639
경상남도,김해시,,대동면제3투,2155,1664,1062,578,2,2,1,4,1649,15,491
경상남도,김해시,동상동,소계,8133,5916,3570,2300,4,2,5,8,5889,27,2217
경상남도,김해시,,동상동제1투,4763,3537,2043,1471,1,0,5,5,3525,12,1226
경상남도,김해시,,동상동제2투,3370,2379,1527,829,3,2,0,3,2364,15,991
경상남도,김해시,회현동,소계,7484,5417,3318,2054,6,0,5,7,5390,27,2067
경상남도,김해시,,회현동제1투,3594,2710,1652,1037,2,0,2,4,2697,13,884
경상남도,김해시,,회현동제2투,3890,2707,1666,1017,4,0,3,3,2693,14,1183
경상남도,김해시,부원동,소계,6544,4514,2754,1725,3,3,6,4,4495,19,2030
경상남도,김해시,,부원동제1투,3147,2159,1262,878,1,1,4,2,2148,11,988
경상남도,김해시,,부원동제2투,3397,2355,1492,847,2,2,2,2,2347,8,1042
경상남도,김해시,내외동,소계,62367,46943,24108,22509,18,16,46,36,46733,210,15424
경상남도,김해시,,내외동제1투,3814,2882,1389,1478,2,1,0,1,2871,11,932
경상남도,김해시,,내외동제2투,3397,2358,1272,1064,0,2,0,2,2340,18,1039
경상남도,김해시,,내외동제3투,2961,2130,1184,931,0,0,2,1,2118,12,831
경상남도,김해시,,내외동제4투,4289,3132,1628,1488,1,1,3,1,3122,10,1157
경상남도,김해시,,내외동제5투,5452,4234,2199,2003,1,1,8,3,4215,19,1218
경상남도,김해시,,내외동제6투,4987,4137,2020,2095,3,0,5,3,4126,11,850
경상남도,김해시,,내외동제7투,3881,2462,1365,1085,1,0,3,1,2455,7,1419
경상남도,김해시,,내외동제8투,3765,2899,1466,1414,0,0,1,3,2884,15,866
경상남도,김해시,,내외동제9투,4179,3402,1655,1728,3,0,5,2,3393,9,777
경상남도,김해시,,내외동제10투,3666,2927,1410,1496,1,2,7,1,2917,10,739
경상남도,김해시,,내외동제11투,3597,2530,1345,1160,2,3,2,1,2513,17,1067
경상남도,김해시,,내외동제12투,4100,3353,1760,1567,0,1,2,6,3336,17,747
경상남도,김해시,,내외동제13투,4930,3364,1806,1531,3,1,3,5,3349,15,1566
경상남도,김해시,,내외동제14투,4646,3557,1744,1785,1,3,2,0,3535,22,1089
경상남도,김해시,,내외동제15투,4703,3576,1865,1684,0,1,3,6,3559,17,1127
경상남도,김해시,북부동,소계,54122,42040,20970,20830,11,18,41,40,41910,130,12082
경상남도,김해시,,북부동제1투,3707,2562,1495,1051,0,1,2,2,2551,11,1145
경상남도,김해시,,북부동제2투,4389,3526,1655,1851,1,3,2,2,3514,12,863
경상남도,김해시,,북부동제3투,5016,3701,1742,1940,0,0,3,1,3686,15,1315
경상남도,김해시,,북부동제4투,3167,2311,1283,997,2,1,4,9,2296,15,856
경상남도,김해시,,북부동제5투,4465,3344,1758,1568,1,2,3,1,3333,11,1121
경상남도,김해시,,북부동제6투,1482,1070,595,465,0,1,3,0,1064,6,412
경상남도,김해시,,북부동제7투,4340,3410,1768,1628,1,1,4,1,3403,7,930
경상남도,김해시,,북부동제8투,4738,3684,1929,1732,3,1,4,4,3673,11,1054
경상남도,김해시,,북부동제9투,3835,3055,1350,1687,1,0,4,3,3045,10,780
경상남도,김해시,,북부동제10투,4000,3356,1535,1807,0,2,3,2,3349,7,644
경상남도,김해시,,북부동제11투,4722,3780,1782,1978,1,2,2,6,3771,9,942
경상남도,김해시,,북부동제12투,3781,3012,1486,1503,1,4,3,7,3004,8,769
경상남도,김해시,,북부동제13투,4497,3579,1658,1911,0,0,4,2,3575,4,918
경상남도,김해시,,북부동제14투,1983,1650,934,712,0,0,0,0,1646,4,333
경상남도,김해시,칠산서부동,소계,7711,5731,3344,2340,2,4,4,8,5702,29,1980
경상남도,김해시,,칠산서부동제1투,2550,1907,1172,718,2,0,2,2,1896,11,643
경상남도,김해시,,칠산서부동제2투,5161,3824,2172,1622,0,4,2,6,3806,18,1337
경상남도,김해시,활천동,소계,35416,26003,13994,11836,9,3,23,35,25900,103,9413
경상남도,김해시,,활천동제1투,4961,3491,1967,1489,3,1,4,4,3468,23,1470
경상남도,김해시,,활천동제2투,4681,3452,1772,1662,1,0,3,2,3440,12,1229
경상남도,김해시,,활천동제3투,4545,3351,1818,1507,0,0,3,6,3334,17,1194
경상남도,김해시,,활천동제4투,5914,4323,2398,1898,3,1,3,4,4307,16,1591
경상남도,김해시,,활천동제5투,5396,3987,2021,1934,1,0,7,8,3971,16,1409
경상남도,김해시,,활천동제6투,4683,3751,1991,1743,1,0,2,6,3743,8,932
경상남도,김해시,,활천동제7투,5236,3648,2027,1603,0,1,1,5,3637,11,1588
경상남도,김해시,삼안동,소계,32580,23712,12701,10835,13,8,31,27,23615,97,8868
경상남도,김해시,,삼안동제1투,4829,3407,1813,1565,3,0,5,1,3387,20,1422
경상남도,김해시,,삼안동제2투,2836,2149,1243,889,0,0,2,3,2137,12,687
경상남도,김해시,,삼안동제3투,5008,3884,2050,1810,2,0,10,0,3872,12,1124
경상남도,김해시,,삼안동제4투,4203,2833,1563,1246,1,1,6,4,2821,12,1370
경상남도,김해시,,삼안동제5투,4262,3446,1758,1667,2,3,3,3,3436,10,816
경상남도,김해시,,삼안동제6투,3347,2468,1263,1182,2,2,2,8,2459,9,879
경상남도,김해시,,삼안동제7투,3962,2912,1570,1322,1,1,2,2,2898,14,1050
경상남도,김해시,,삼안동제8투,4133,2613,1441,1154,2,1,1,6,2605,8,1520
경상남도,김해시,불암동,소계,6750,5208,2893,2276,3,1,5,8,5186,22,1542
경상남도,김해시,,불암동제1투,5305,4196,2252,1918,2,1,4,4,4181,15,1109
경상남도,김해시,,불암동제2투,1445,1012,641,358,1,0,1,4,1005,7,433
경상남도,김해시,잘못 투입·구분된 투표지,,0,6,1,5,0,0,0,0,6,0,-6
경상남도,밀양시,소계,,91440,69417,47709,20591,76,42,92,243,68753,664,22023
경상남도,밀양시,재외투표,,562,354,194,155,1,0,0,0,350,4,208
경상남도,밀양시,국내부재자투표,,3209,2930,1436,1380,9,14,11,17,2867,63,279
경상남도,밀양시,소계,,87669,66133,46079,19056,66,28,81,226,65536,597,21536
경상남도,밀양시,삼랑진읍,소계,6395,4676,3312,1275,9,2,5,13,4616,60,1719
경상남도,밀양시,,삼랑진읍제1투,2790,2123,1528,552,8,0,3,3,2094,29,667
경상남도,밀양시,,삼랑진읍제2투,2306,1594,1106,460,1,1,2,5,1575,19,712
경상남도,밀양시,,삼랑진읍제3투,1299,959,678,263,0,1,0,5,947,12,340
경상남도,밀양시,하남읍,소계,7144,5154,3667,1386,6,3,5,19,5086,68,1990
경상남도,밀양시,,하남읍제1투,1405,1052,787,246,1,1,0,4,1039,13,353
경상남도,밀양시,,하남읍제2투,1811,1288,914,352,1,1,0,6,1274,14,523
경상남도,밀양시,,하남읍제3투,1658,1246,891,318,3,0,3,7,1222,24,412
경상남도,밀양시,,하남읍제4투,2270,1568,1075,470,1,1,2,2,1551,17,702
경상남도,밀양시,부북면,소계,5360,4118,2965,1083,4,2,5,16,4075,43,1242
경상남도,밀양시,,부북면제1투,1716,1297,927,350,1,1,1,6,1286,11,419
경상남도,밀양시,,부북면제2투,1622,1280,884,368,3,0,4,2,1261,19,342
경상남도,밀양시,,부북면제3투,2022,1541,1154,365,0,1,0,8,1528,13,481
경상남도,밀양시,상동면,소계,2715,2081,1426,601,5,0,4,18,2054,27,634
경상남도,밀양시,,상동면제1투,1910,1455,995,427,2,0,1,12,1437,18,455
경상남도,밀양시,,상동면제2투,805,626,431,174,3,0,3,6,617,9,179
경상남도,밀양시,산외면,소계,2519,1956,1383,541,4,0,5,5,1938,18,563
경상남도,밀양시,,산외면제1투,1399,1097,780,299,2,0,4,3,1088,9,302
경상남도,밀양시,,산외면제2투,1120,859,603,242,2,0,1,2,850,9,261
경상남도,밀양시,산내면,소계,3409,2616,1964,580,6,1,6,15,2572,44,793
경상남도,밀양시,,산내면제1투,2173,1656,1255,350,4,1,4,11,1625,31,517
경상남도,밀양시,,산내면제2투,1236,960,709,230,2,0,2,4,947,13,276
경상남도,밀양시,단장면,소계,3761,2829,2017,729,3,3,2,20,2774,55,932
경상남도,밀양시,,단장면제1투,928,698,508,166,0,0,0,6,680,18,230
경상남도,밀양시,,단장면제2투,1512,1158,791,332,2,1,1,6,1133,25,354
경상남도,밀양시,,단장면제3투,1321,973,718,231,1,2,1,8,961,12,348
경상남도,밀양시,상남면,소계,8288,6206,4321,1792,4,3,10,26,6156,50,2082
경상남도,밀양시,,상남면제1투,2531,1929,1370,521,1,1,3,9,1905,24,602
경상남도,밀양시,,상남면제2투,2600,1980,1285,675,1,0,3,4,1968,12,620
경상남도,밀양시,,상남면제3투,3157,2297,1666,596,2,2,4,13,2283,14,860
경상남도,밀양시,초동면,소계,3225,2434,1786,583,2,2,3,19,2395,39,791
경상남도,밀양시,,초동면투표소,3225,2434,1786,583,2,2,3,19,2395,39,791
경상남도,밀양시,무안면,소계,4923,3787,2804,894,5,2,5,20,3730,57,1136
경상남도,밀양시,,무안면제1투,2670,2049,1538,457,3,1,4,8,2011,38,621
경상남도,밀양시,,무안면제2투,2253,1738,1266,437,2,1,1,12,1719,19,515
경상남도,밀양시,청도면,소계,1679,1319,961,323,2,2,2,6,1296,23,360
경상남도,밀양시,,청도면투표소,1679,1319,961,323,2,2,2,6,1296,23,360
경상남도,밀양시,내일동,소계,3305,2363,1832,514,0,0,2,7,2355,8,942
경상남도,밀양시,,내일동제1투,2654,1866,1430,423,0,0,2,4,1859,7,788
경상남도,밀양시,,내일동제2투,651,497,402,91,0,0,0,3,496,1,154
경상남도,밀양시,내이동,소계,8396,6213,4262,1916,0,1,4,11,6194,19,2183
경상남도,밀양시,,내이동제1투,2829,2184,1490,678,0,0,3,4,2175,9,645
경상남도,밀양시,,내이동제2투,2169,1576,1119,447,0,0,0,3,1569,7,593
경상남도,밀양시,,내이동제3투,3398,2453,1653,791,0,1,1,4,2450,3,945
경상남도,밀양시,교동,소계,5380,4068,2677,1357,3,3,6,5,4051,17,1312
경상남도,밀양시,,교동제1투,1951,1478,966,492,0,2,4,3,1467,11,473
경상남도,밀양시,,교동제2투,3429,2590,1711,865,3,1,2,2,2584,6,839
경상남도,밀양시,삼문동,소계,14268,11223,7203,3946,6,3,13,11,11182,41,3045
경상남도,밀양시,,삼문동제1투,3120,2526,1622,891,3,1,0,2,2519,7,594
경상남도,밀양시,,삼문동제2투,2842,2118,1513,590,1,0,4,2,2110,8,724
경상남도,밀양시,,삼문동제3투,4905,3941,2416,1498,0,1,8,5,3928,13,964
경상남도,밀양시,,삼문동제4투,3401,2638,1652,967,2,1,1,2,2625,13,763
경상남도,밀양시,가곡동,소계,6902,5090,3499,1536,7,1,4,15,5062,28,1812
경상남도,밀양시,,가곡동제1투,3752,2723,1855,840,3,0,2,4,2704,19,1029
경상남도,밀양시,,가곡동제2투,3150,2367,1644,696,4,1,2,11,2358,9,783
경상남도,밀양시,잘못 투입·구분된 투표지,,0,0,0,0,0,0,0,0,0,0,0
경상남도,거제시,소계,,176499,130166,71757,57003,61,82,165,288,129356,810,46333
경상남도,거제시,재외투표,,541,371,156,213,0,1,0,0,370,1,170
경상남도,거제시,국내부재자투표,,4531,4162,1778,2294,4,4,9,7,4096,66,369
경상남도,거제시,소계,,171427,125633,69823,54496,57,77,156,281,124890,743,45794
경상남도,거제시,일운면,소계,5705,4105,2684,1378,1,4,5,11,4083,22,1600
경상남도,거제시,,일운면제1투,4359,3103,1962,1104,1,4,4,7,3082,21,1256
경상남도,거제시,,일운면제2투,1346,1002,722,274,0,0,1,4,1001,1,344
경상남도,거제시,동부면,소계,3049,2304,1637,589,1,1,3,20,2251,53,745
경상남도,거제시,,동부면투표소,3049,2304,1637,589,1,1,3,20,2251,53,745
경상남도,거제시,남부면,소계,1645,1240,923,275,3,0,3,13,1217,23,405
경상남도,거제시,,남부면투표소,1645,1240,923,275,3,0,3,13,1217,23,405
경상남도,거제시,거제면,소계,5679,4246,2912,1246,3,1,8,23,4193,53,1433
경상남도,거제시,,거제면제1투,3502,2612,1734,835,1,1,5,11,2587,25,890
경상남도,거제시,,거제면제2투,2177,1634,1178,411,2,0,3,12,1606,28,543
경상남도,거제시,둔덕면,소계,2984,2212,1623,543,0,1,3,11,2181,31,772
경상남도,거제시,,둔덕면투표소,2984,2212,1623,543,0,1,3,11,2181,31,772
경상남도,거제시,사등면,소계,7560,5471,3854,1524,7,3,8,31,5427,44,2089
경상남도,거제시,,사등면제1투,4062,2866,1953,876,4,2,4,11,2850,16,1196
경상남도,거제시,,사등면제2투,2496,1831,1295,498,3,1,3,9,1809,22,665
경상남도,거제시,,사등면제3투,1002,774,606,150,0,0,1,11,768,6,228
경상남도,거제시,연초면,소계,7817,5282,3227,2003,1,4,5,10,5250,32,2535
경상남도,거제시,,연초면제1투,4089,2832,1749,1058,1,3,3,4,2818,14,1257
경상남도,거제시,,연초면제2투,2814,1789,1056,716,0,0,2,3,1777,12,1025
경상남도,거제시,,연초면제3투,914,661,422,229,0,1,0,3,655,6,253
경상남도,거제시,하청면,소계,4095,2981,2169,753,1,2,4,23,2952,29,1114
경상남도,거제시,,하청면제1투,2977,2177,1531,607,1,2,3,11,2155,22,800
경상남도,거제시,,하청면제2투,1118,804,638,146,0,0,1,12,797,7,314
경상남도,거제시,장목면,소계,4455,3141,2418,657,6,3,2,18,3104,37,1314
경상남도,거제시,,장목면제1투,3203,2261,1734,475,5,3,2,14,2233,28,942
경상남도,거제시,,장목면제2투,1252,880,684,182,1,0,0,4,871,9,372
경상남도,거제시,장승포동,소계,3397,2268,1269,919,3,0,2,14,2207,61,1129
경상남도,거제시,,장승포동투표소,3397,2268,1269,919,3,0,2,14,2207,61,1129
경상남도,거제시,마전동,소계,4262,2967,1233,1703,1,3,7,7,2954,13,1295
경상남도,거제시,,마전동투표소,4262,2967,1233,1703,1,3,7,7,2954,13,1295
경상남도,거제시,능포동,소계,9619,7079,3401,3607,2,7,11,10,7038,41,2540
경상남도,거제시,,능포동제1투,3379,2237,1123,1087,1,2,3,4,2220,17,1142
경상남도,거제시,,능포동제2투,3127,2596,1019,1557,1,5,5,3,2590,6,531
경상남도,거제시,,능포동제3투,3113,2246,1259,963,0,0,3,3,2228,18,867
경상남도,거제시,아주동,소계,8872,6569,2688,3836,2,15,5,6,6552,17,2303
경상남도,거제시,,아주동제1투,3660,2597,1080,1494,2,8,2,4,2590,7,1063
경상남도,거제시,,아주동제2투,3256,2365,984,1367,0,4,1,2,2358,7,891
경상남도,거제시,,아주동제3투,1956,1607,624,975,0,3,2,0,1604,3,349
경상남도,거제시,옥포1동,소계,6764,4674,2393,2245,3,5,5,8,4659,15,2090
경상남도,거제시,,옥포1동제1투,3835,2628,1365,1241,2,3,2,5,2618,10,1207
경상남도,거제시,,옥포1동제2투,2929,2046,1028,1004,1,2,3,3,2041,5,883
경상남도,거제시,옥포2동,소계,21655,15642,7761,7752,6,6,24,18,15567,75,6013
경상남도,거제시,,옥포2동제1투,3470,2429,1247,1164,2,0,5,3,2421,8,1041
경상남도,거제시,,옥포2동제2투,3767,2733,1370,1339,1,0,5,5,2720,13,1034
경상남도,거제시,,옥포2동제3투,3252,2375,1161,1205,0,1,2,0,2369,6,877
경상남도,거제시,,옥포2동제4투,3519,2491,1329,1136,3,1,4,2,2475,16,1028
경상남도,거제시,,옥포2동제5투,3412,2528,1199,1310,0,2,4,2,2517,11,884
경상남도,거제시,,옥포2동제6투,3555,2613,1162,1429,0,2,4,2,2599,14,942
경상남도,거제시,,옥포2동제7투,680,473,293,169,0,0,0,4,466,7,207
경상남도,거제시,장평동,소계,20398,14563,7723,6742,1,6,17,16,14505,58,5835
경상남도,거제시,,장평동제1투,2278,1597,674,912,1,2,2,1,1592,5,681
경상남도,거제시,,장평동제2투,3774,2805,1477,1307,0,2,6,1,2793,12,969
경상남도,거제시,,장평동제3투,3314,2182,1220,949,0,0,2,6,2177,5,1132
경상남도,거제시,,장평동제4투,3208,2302,1291,989,0,1,3,4,2288,14,906
경상남도,거제시,,장평동제5투,3819,2686,1513,1156,0,1,0,4,2674,12,1133
경상남도,거제시,,장평동제6투,4005,2991,1548,1429,0,0,4,0,2981,10,1014
경상남도,거제시,고현동,소계,28277,21113,11930,9051,11,6,23,19,21040,73,7164
경상남도,거제시,,고현동제1투,2286,1595,986,600,1,0,0,3,1590,5,691
경상남도,거제시,,고현동제2투,3903,2780,1797,963,1,0,5,1,2767,13,1123
경상남도,거제시,,고현동제3투,2410,1808,1089,705,0,1,4,3,1802,6,602
경상남도,거제시,,고현동제4투,1560,1106,640,457,0,2,1,1,1101,5,454
경상남도,거제시,,고현동제5투,2888,2044,1191,833,3,0,2,2,2031,13,844
경상남도,거제시,,고현동제6투,2345,1586,1052,525,2,0,2,1,1582,4,759
경상남도,거제시,,고현동제7투,3463,2622,1413,1200,0,1,0,1,2615,7,841
경상남도,거제시,,고현동제8투,3174,2583,1327,1245,1,1,2,4,2580,3,591
경상남도,거제시,,고현동제9투,3164,2563,1266,1278,2,0,2,2,2550,13,601
경상남도,거제시,,고현동제10투,3084,2426,1169,1245,1,1,5,1,2422,4,658
경상남도,거제시,상문동,소계,13928,10785,5396,5318,4,5,13,14,10750,35,3143
경상남도,거제시,,상문동제1투,2685,1990,1158,815,0,0,7,1,1981,9,695
경상남도,거제시,,상문동제2투,3569,2974,1362,1596,1,2,1,4,2966,8,595
경상남도,거제시,,상문동제3투,2624,1954,968,972,1,3,2,1,1947,7,670
경상남도,거제시,,상문동제4투,2146,1608,756,845,1,0,1,1,1604,4,538
경상남도,거제시,,상문동제5투,2904,2259,1152,1090,1,0,2,7,2252,7,645
경상남도,거제시,수양동,소계,11266,8991,4582,4355,1,5,8,9,8960,31,2275
경상남도,거제시,,수양동제1투,4837,3959,1957,1984,1,3,3,4,3952,7,878
경상남도,거제시,,수양동제2투,2841,2056,1153,881,0,2,3,2,2041,15,785
경상남도,거제시,,수양동제3투,3588,2976,1472,1490,0,0,2,3,2967,9,612
경상남도,거제시,잘못 투입·구분된 투표지,,0,0,0,0,0,0,0,0,0,0,0
경상남도,의령군,소계,,25763,19431,13848,4904,50,11,43,199,19055,376,6332
경상남도,의령군,재외투표,,415,275,190,82,1,0,0,1,274,1,140
경상남도,의령군,국내부재자투표,,1093,998,502,466,1,1,2,3,975,23,95
경상남도,의령군,소계,,24255,18158,13156,4356,48,10,41,195,17806,352,6097
경상남도,의령군,의령읍,소계,7118,5335,3545,1697,9,1,9,23,5284,51,1783
경상남도,의령군,,의령읍제1투,3165,2393,1590,763,5,0,2,11,2371,22,772
경상남도,의령군,,의령읍제2투,3953,2942,1955,934,4,1,7,12,2913,29,1011
경상남도,의령군,가례면,소계,1696,1214,851,281,5,4,5,12,1158,56,482
경상남도,의령군,,가례면투표소,1696,1214,851,281,5,4,5,12,1158,56,482
경상남도,의령군,칠곡면,소계,1079,832,595,212,1,1,2,6,817,15,247
경상남도,의령군,,칠곡면투표소,1079,832,595,212,1,1,2,6,817,15,247
경상남도,의령군,대의면,소계,1015,780,533,202,1,0,3,13,752,28,235
경상남도,의령군,,대의면투표소,1015,780,533,202,1,0,3,13,752,28,235
경상남도,의령군,화정면,소계,1418,1105,826,241,2,0,4,13,1086,19,313
경상남도,의령군,,화정면투표소,1418,1105,826,241,2,0,4,13,1086,19,313
경상남도,의령군,용덕면,소계,1542,1153,876,235,6,1,3,12,1133,20,389
경상남도,의령군,,용덕면제1투,771,591,480,92,3,1,1,5,582,9,180
경상남도,의령군,,용덕면제2투,771,562,396,143,3,0,2,7,551,11,209
경상남도,의령군,정곡면,소계,1452,1053,781,227,7,0,4,17,1036,17,399
경상남도,의령군,,정곡면투표소,1452,1053,781,227,7,0,4,17,1036,17,399
경상남도,의령군,지정면,소계,1821,1367,1001,317,3,1,1,19,1342,25,454
경상남도,의령군,,지정면투표소,1821,1367,1001,317,3,1,1,19,1342,25,454
경상남도,의령군,낙서면,소계,831,588,463,94,0,0,2,6,565,23,243
경상남도,의령군,,낙서면투표소,831,588,463,94,0,0,2,6,565,23,243
경상남도,의령군,부림면,소계,2850,2138,1652,425,5,1,3,16,2102,36,712
경상남도,의령군,,부림면투표소,2850,2138,1652,425,5,1,3,16,2102,36,712
경상남도,의령군,봉수면,소계,998,735,582,114,2,0,3,20,721,14,263
경상남도,의령군,,봉수면투표소,998,735,582,114,2,0,3,20,721,14,263
경상남도,의령군,궁류면,소계,1208,898,697,147,3,0,1,23,871,27,310
경상남도,의령군,,궁류면투표소,1208,898,697,147,3,0,1,23,871,27,310
경상남도,의령군,유곡면,소계,1227,960,754,164,4,1,1,15,939,21,267
경상남도,의령군,,유곡면제1투,624,499,399,80,4,1,0,8,492,7,125
경상남도,의령군,,유곡면제2투,603,461,355,84,0,0,1,7,447,14,142
경상남도,의령군,잘못 투입·구분된 투표지,,0,0,0,0,0,0,0,0,0,0,0
경상남도,함안군,소계,,55076,42208,28741,12748,56,27,68,167,41807,401,12868
경상남도,함안군,재외투표,,543,361,250,104,3,1,1,1,360,1,182
경상남도,함안군,국내부재자투표,,1640,1518,773,714,2,1,7,3,1500,18,122
경상남도,함안군,소계,,52893,40329,27718,11930,51,25,60,163,39947,382,12564
경상남도,함안군,가야읍,소계,13924,10592,6996,3476,8,4,17,25,10526,66,3332
경상남도,함안군,,가야읍제1투,3159,2376,1564,789,2,0,2,6,2363,13,783
경상남도,함안군,,가야읍제2투,3555,2701,1758,909,2,2,4,5,2680,21,854
경상남도,함안군,,가야읍제3투,3571,2748,1796,932,1,1,6,0,2736,12,823
경상남도,함안군,,가야읍제4투,3639,2767,1878,846,3,1,5,14,2747,20,872
경상남도,함안군,함안면,소계,2373,1828,1330,457,1,3,1,11,1803,25,545
경상남도,함안군,,함안면투표소,2373,1828,1330,457,1,3,1,11,1803,25,545
경상남도,함안군,군북면,소계,5726,4209,3125,965,5,3,10,34,4142,67,1517
경상남도,함안군,,군북면제1투,2927,2106,1555,502,0,3,3,11,2074,32,821
경상남도,함안군,,군북면제2투,934,706,528,156,1,0,4,8,697,9,228
경상남도,함안군,,군북면제3투,1097,794,594,181,2,0,0,6,783,11,303
경상남도,함안군,,군북면제4투,768,603,448,126,2,0,3,9,588,15,165
경상남도,함안군,법수면,소계,2813,2062,1487,514,7,0,6,9,2023,39,751
경상남도,함안군,,법수면투표소,2813,2062,1487,514,7,0,6,9,2023,39,751
경상남도,함안군,대산면,소계,3619,2632,1890,664,9,1,3,18,2585,47,987
경상남도,함안군,,대산면투표소,3619,2632,1890,664,9,1,3,18,2585,47,987
경상남도,함안군,칠서면,소계,5062,3849,2726,1059,4,2,4,18,3813,36,1213
경상남도,함안군,,칠서면제1투,2733,2087,1354,709,2,1,1,7,2074,13,646
경상남도,함안군,,칠서면제2투,968,719,560,140,1,1,1,3,706,13,249
경상남도,함안군,,칠서면제3투,1361,1043,812,210,1,0,2,8,1033,10,318
경상남도,함안군,칠북면,소계,1971,1555,1222,294,2,1,2,14,1535,20,416
경상남도,함안군,,칠북면투표소,1971,1555,1222,294,2,1,2,14,1535,20,416
경상남도,함안군,칠원면,소계,14130,11088,7142,3850,10,5,13,17,11037,51,3042
경상남도,함안군,,칠원면제1투,4572,3436,2393,1004,4,2,5,10,3418,18,1136
경상남도,함안군,,칠원면제2투,1230,908,686,209,1,0,1,1,898,10,322
경상남도,함안군,,칠원면제3투,3592,3063,1669,1379,2,1,4,2,3057,6,529
경상남도,함안군,,칠원면제4투,2874,2167,1463,688,2,1,1,2,2157,10,707
경상남도,함안군,,칠원면제5투,1862,1514,931,570,1,1,2,2,1507,7,348
경상남도,함안군,산인면,소계,2511,1897,1335,514,5,2,4,12,1872,25,614
경상남도,함안군,,산인면투표소,2511,1897,1335,514,5,2,4,12,1872,25,614
경상남도,함안군,여항면,소계,764,617,465,137,0,4,0,5,611,6,147
경상남도,함안군,,여항면투표소,764,617,465,137,0,4,0,5,611,6,147
경상남도,함안군,잘못 투입·구분된 투표지,,0,0,0,0,0,0,0,0,0,0,0
경상남도,창녕군,소계,,53970,40692,29793,10046,50,19,54,238,40200,492,13278
경상남도,창녕군,재외투표,,391,272,171,96,1,0,0,2,270,2,119
경상남도,창녕군,국내부재자투표,,1756,1630,882,698,3,3,3,7,1596,34,126
경상남도,창녕군,소계,,51823,38789,28739,9252,46,16,51,229,38333,456,13034
경상남도,창녕군,창녕읍,소계,13060,9768,7053,2589,4,2,12,34,9694,74,3292
경상남도,창녕군,,창녕읍제1투,2740,2083,1497,561,0,0,2,3,2063,20,657
경상남도,창녕군,,창녕읍제2투,3524,2540,1776,739,2,1,1,8,2527,13,984
경상남도,창녕군,,창녕읍제3투,3333,2595,1923,642,1,0,5,9,2580,15,738
경상남도,창녕군,,창녕읍제4투,3463,2550,1857,647,1,1,4,14,2524,26,913
경상남도,창녕군,남지읍,소계,9687,7140,5141,1880,4,3,11,28,7067,73,2547
경상남도,창녕군,,남지읍제1투,4191,3123,2173,909,1,3,7,8,3101,22,1068
경상남도,창녕군,,남지읍제2투,4437,3222,2339,839,2,0,3,7,3190,32,1215
경상남도,창녕군,,남지읍제3투,1059,795,629,132,1,0,1,13,776,19,264
경상남도,창녕군,고암면,소계,1805,1353,1064,241,2,0,1,15,1323,30,452
경상남도,창녕군,,고암면투표소,1805,1353,1064,241,2,0,1,15,1323,30,452
경상남도,창녕군,성산면,소계,1406,1101,891,177,4,0,2,12,1086,15,305
경상남도,창녕군,,성산면투표소,1406,1101,891,177,4,0,2,12,1086,15,305
경상남도,창녕군,대합면,소계,3509,2628,2063,499,5,3,4,22,2596,32,881
경상남도,창녕군,,대합면투표소,3509,2628,2063,499,5,3,4,22,2596,32,881
경상남도,창녕군,이방면,소계,2360,1818,1482,284,4,0,3,15,1788,30,542
경상남도,창녕군,,이방면투표소,2360,1818,1482,284,4,0,3,15,1788,30,542
경상남도,창녕군,유어면,소계,1763,1368,1009,309,7,2,1,12,1340,28,395
경상남도,창녕군,,유어면투표소,1763,1368,1009,309,7,2,1,12,1340,28,395
경상남도,창녕군,대지면,소계,2094,1618,1236,350,1,2,1,11,1601,17,476
경상남도,창녕군,,대지면투표소,2094,1618,1236,350,1,2,1,11,1601,17,476
경상남도,창녕군,계성면,소계,2243,1634,1197,393,3,2,1,15,1611,23,609
경상남도,창녕군,,계성면투표소,2243,1634,1197,393,3,2,1,15,1611,23,609
경상남도,창녕군,영산면,소계,4993,3666,2666,935,6,0,2,19,3628,38,1327
경상남도,창녕군,,영산면제1투,3980,2906,2119,740,6,0,2,13,2880,26,1074
경상남도,창녕군,,영산면제2투,1013,760,547,195,0,0,0,6,748,12,253
경상남도,창녕군,장마면,소계,1726,1339,1000,303,2,0,3,9,1317,22,387
경상남도,창녕군,,장마면투표소,1726,1339,1000,303,2,0,3,9,1317,22,387
경상남도,창녕군,도천면,소계,2446,1812,1361,411,0,0,4,12,1788,24,634
경상남도,창녕군,,도천면투표소,2446,1812,1361,411,0,0,4,12,1788,24,634
경상남도,창녕군,길곡면,소계,1357,1043,755,257,0,1,2,11,1026,17,314
경상남도,창녕군,,길곡면투표소,1357,1043,755,257,0,1,2,11,1026,17,314
경상남도,창녕군,부곡면,소계,3374,2501,1821,624,4,1,4,14,2468,33,873
경상남도,창녕군,,부곡면투표소,3374,2501,1821,624,4,1,4,14,2468,33,873
경상남도,창녕군,잘못 투입·구분된 투표지,,0,1,1,0,0,0,0,0,1,0,-1
경상남도,양산시,소계,,207478,158887,93167,64467,91,61,170,199,158155,732,48591
경상남도,양산시,재외투표,,750,477,202,271,0,1,0,1,475,2,273
경상남도,양산시,국내부재자투표,,5913,5452,2562,2729,12,8,11,22,5344,108,461
경상남도,양산시,소계,,200815,152958,90403,61467,79,52,159,176,152336,622,47857
경상남도,양산시,물금읍,소계,33848,26482,14817,11461,15,16,38,20,26367,115,7366
경상남도,양산시,,물금읍제1투,2461,1743,1238,487,2,0,4,2,1733,10,718
경상남도,양산시,,물금읍제2투,2881,2184,1365,803,0,1,1,3,2173,11,697
경상남도,양산시,,물금읍제3투,4521,3513,2058,1385,6,4,6,7,3466,47,1008
경상남도,양산시,,물금읍제4투,3386,2486,1499,969,1,1,2,1,2473,13,900
경상남도,양산시,,물금읍제5투,4830,4046,2092,1939,2,1,3,0,4037,9,784
경상남도,양산시,,물금읍제6투,3056,2266,1276,976,0,2,2,2,2258,8,790
경상남도,양산시,,물금읍제7투,2333,1835,1017,804,1,1,4,3,1830,5,498
경상남도,양산시,,물금읍제8투,2565,2070,1139,922,0,1,5,1,2068,2,495
경상남도,양산시,,물금읍제9투,4355,3459,1691,1755,1,5,4,0,3456,3,896
경상남도,양산시,,물금읍제10투,3460,2880,1442,1421,2,0,7,1,2873,7,580
경상남도,양산시,동면,소계,11302,8736,5248,3443,4,1,6,7,8709,27,2566
경상남도,양산시,,동면제1투,3859,2896,1762,1119,1,1,1,3,2887,9,963
경상남도,양산시,,동면제2투,3138,2441,1375,1057,1,0,3,1,2437,4,697
경상남도,양산시,,동면제3투,3084,2419,1400,1005,1,0,2,3,2411,8,665
경상남도,양산시,,동면제4투,1221,980,711,262,1,0,0,0,974,6,241
경상남도,양산시,원동면,소계,3280,2452,1802,602,3,0,3,8,2418,34,828
경상남도,양산시,,원동면제1투,1482,1094,807,266,1,0,1,1,1076,18,388
경상남도,양산시,,원동면제2투,1176,930,677,236,2,0,2,3,920,10,246
경상남도,양산시,,원동면제3투,622,428,318,100,0,0,0,4,422,6,194
경상남도,양산시,상북면,소계,13049,9896,6560,3247,6,5,9,13,9840,56,3153
경상남도,양산시,,상북면제1투,1980,1502,994,497,1,0,2,3,1497,5,478
경상남도,양산시,,상북면제2투,1917,1466,993,459,1,1,0,2,1456,10,451
경상남도,양산시,,상북면제3투,2068,1642,1106,522,1,1,0,2,1632,10,426
경상남도,양산시,,상북면제4투,3116,2342,1514,810,1,0,4,2,2331,11,774
경상남도,양산시,,상북면제5투,2425,1821,1137,668,1,2,1,2,1811,10,604
경상남도,양산시,,상북면제6투,1543,1123,816,291,1,1,2,2,1113,10,420
경상남도,양산시,하북면,소계,8009,5896,4068,1766,6,1,2,20,5863,33,2113
경상남도,양산시,,하북면제1투,3118,2331,1628,679,2,0,1,11,2321,10,787
경상남도,양산시,,하북면제2투,1131,862,588,270,0,0,1,3,862,0,269
경상남도,양산시,,하북면제3투,1477,1092,769,308,2,1,0,3,1083,9,385
경상남도,양산시,,하북면제4투,2283,1611,1083,509,2,0,0,3,1597,14,672
경상남도,양산시,중앙동,소계,10648,7520,4977,2489,4,0,6,11,7487,33,3128
경상남도,양산시,,중앙동제1투,2755,1935,1239,682,2,0,1,2,1926,9,820
경상남도,양산시,,중앙동제2투,3214,2222,1511,690,0,0,3,5,2209,13,992
경상남도,양산시,,중앙동제3투,2246,1619,1052,562,0,0,1,1,1616,3,627
경상남도,양산시,,중앙동제4투,2433,1744,1175,555,2,0,1,3,1736,8,689
경상남도,양산시,양주동,소계,26353,21598,11450,10036,5,5,33,11,21540,58,4755
경상남도,양산시,,양주동제1투,2047,1426,828,587,0,0,3,0,1418,8,621
경상남도,양산시,,양주동제2투,2770,2292,1243,1035,1,1,2,2,2284,8,478
경상남도,양산시,,양주동제3투,2717,2287,1230,1046,0,0,4,3,2283,4,430
경상남도,양산시,,양주동제4투,2081,1697,948,738,1,1,0,1,1689,8,384
경상남도,양산시,,양주동제5투,2373,1923,1024,892,1,0,1,0,1918,5,450
경상남도,양산시,,양주동제6투,3445,2877,1463,1406,1,0,4,0,2874,3,568
경상남도,양산시,,양주동제7투,3429,2881,1407,1461,0,1,6,2,2877,4,548
경상남도,양산시,,양주동제8투,3021,2534,1316,1210,0,0,3,0,2529,5,487
경상남도,양산시,,양주동제9투,2243,1938,949,974,1,2,6,1,1933,5,305
경상남도,양산시,,양주동제10투,2227,1743,1042,687,0,0,4,2,1735,8,484
경상남도,양산시,삼성동,소계,17973,13312,7778,5447,9,4,13,17,13268,44,4661
경상남도,양산시,,삼성동제1투,2774,1957,1147,793,3,1,2,1,1947,10,817
경상남도,양산시,,삼성동제2투,2684,2102,1302,796,0,0,1,1,2100,2,582
경상남도,양산시,,삼성동제3투,2973,2073,1227,826,1,1,4,6,2065,8,900
경상남도,양산시,,삼성동제4투,3083,2285,1343,930,2,0,0,2,2277,8,798
경상남도,양산시,,삼성동제5투,2974,2347,1278,1060,1,1,0,4,2344,3,627
경상남도,양산시,,삼성동제6투,3485,2548,1481,1042,2,1,6,3,2535,13,937
경상남도,양산시,강서동,소계,7676,5808,3292,2482,2,1,5,5,5787,21,1868
경상남도,양산시,,강서동제1투,4292,3335,1839,1479,1,0,4,3,3326,9,957
경상남도,양산시,,강서동제2투,3384,2473,1453,1003,1,1,1,2,2461,12,911
경상남도,양산시,서창동,소계,20295,14994,8761,6127,6,4,11,27,14936,58,5301
경상남도,양산시,,서창동제1투,2749,2042,1363,655,3,2,1,4,2028,14,707
경상남도,양산시,,서창동제2투,3467,2673,1524,1131,1,0,5,3,2664,9,794
경상남도,양산시,,서창동제3투,5190,3381,2072,1285,0,2,2,10,3371,10,1809
경상남도,양산시,,서창동제4투,5060,4069,2131,1915,0,0,3,7,4056,13,991
경상남도,양산시,,서창동제5투,3829,2829,1671,1141,2,0,0,3,2817,12,1000
경상남도,양산시,소주동,소계,15146,11080,6684,4294,7,5,17,14,11021,59,4066
경상남도,양산시,,소주동제1투,3280,2507,1528,957,1,2,5,4,2497,10,773
경상남도,양산시,,소주동제2투,2889,2106,1250,837,1,1,0,3,2092,14,783
경상남도,양산시,,소주동제3투,2567,1910,1093,800,1,2,4,2,1902,8,657
경상남도,양산시,,소주동제4투,2032,1577,938,627,1,0,2,2,1570,7,455
경상남도,양산시,,소주동제5투,4378,2980,1875,1073,3,0,6,3,2960,20,1398
경상남도,양산시,평산동,소계,24120,18321,10789,7432,5,9,12,14,18261,60,5799
경상남도,양산시,,평산동제1투,2681,2036,1096,926,0,1,3,2,2028,8,645
경상남도,양산시,,평산동제2투,3124,2403,1362,1012,1,0,5,7,2387,16,721
경상남도,양산시,,평산동제3투,3181,2455,1456,991,0,0,0,1,2448,7,726
경상남도,양산시,,평산동제4투,2141,1702,1049,650,0,0,0,1,1700,2,439
경상남도,양산시,,평산동제5투,4263,2983,1850,1117,2,2,1,1,2973,10,1280
경상남도,양산시,,평산동제6투,2535,1916,1155,752,0,3,2,0,1912,4,619
경상남도,양산시,,평산동제7투,2773,2122,1403,709,0,1,0,1,2114,8,651
경상남도,양산시,,평산동제8투,3422,2704,1418,1275,2,2,1,1,2699,5,718
경상남도,양산시,덕계동,소계,9116,6863,4177,2641,7,1,4,9,6839,24,2253
경상남도,양산시,,덕계동제1투,2772,2105,1227,862,2,1,1,3,2096,9,667
경상남도,양산시,,덕계동제2투,3079,2291,1396,881,4,0,1,3,2285,6,788
경상남도,양산시,,덕계동제3투,3265,2467,1554,898,1,0,2,3,2458,9,798
경상남도,양산시,잘못 투입·구분된 투표지,,0,0,0,0,0,0,0,0,0,0,0
경상남도,하동군,소계,,43515,34056,21848,11193,70,50,56,248,33465,591,9459
경상남도,하동군,재외투표,,259,181,99,78,2,0,0,0,179,2,78
경상남도,하동군,국내부재자투표,,3478,2774,1476,1186,7,3,5,4,2681,93,704
경상남도,하동군,소계,,39778,31101,20273,9929,61,47,51,244,30605,496,8677
경상남도,하동군,하동읍,소계,8165,6289,3931,2259,5,6,9,20,6230,59,1876
경상남도,하동군,,하동읍제1투,2352,1821,1163,629,1,2,2,8,1805,16,531
경상남도,하동군,,하동읍제2투,2329,1799,1043,735,1,1,4,3,1787,12,530
경상남도,하동군,,하동읍제3투,1089,840,580,244,0,1,0,5,830,10,249
경상남도,하동군,,하동읍제4투,2395,1829,1145,651,3,2,3,4,1808,21,566
경상남도,하동군,화개면,소계,2761,2117,1284,779,3,2,3,15,2086,31,644
경상남도,하동군,,화개면제1투,1857,1412,853,521,1,1,1,11,1388,24,445
경상남도,하동군,,화개면제2투,904,705,431,258,2,1,2,4,698,7,199
경상남도,하동군,악양면,소계,3149,2415,1565,781,4,5,3,22,2380,35,734
경상남도,하동군,,악양면투표소,3149,2415,1565,781,4,5,3,22,2380,35,734
경상남도,하동군,적량면,소계,1821,1433,919,460,6,2,5,16,1408,25,388
경상남도,하동군,,적량면투표소,1821,1433,919,460,6,2,5,16,1408,25,388
경상남도,하동군,횡천면,소계,1699,1397,949,404,1,0,6,10,1370,27,302
경상남도,하동군,,횡천면투표소,1699,1397,949,404,1,0,6,10,1370,27,302
경상남도,하동군,고전면,소계,2073,1689,1100,522,4,2,2,21,1651,38,384
경상남도,하동군,,고전면제1투,1240,1001,654,307,3,1,1,11,977,24,239
경상남도,하동군,,고전면제2투,833,688,446,215,1,1,1,10,674,14,145
경상남도,하동군,금남면,소계,3414,2599,1743,772,4,1,3,35,2558,41,815
경상남도,하동군,,금남면제1투,2177,1667,1105,505,4,0,2,25,1641,26,510
경상남도,하동군,,금남면제2투,1237,932,638,267,0,1,1,10,917,15,305
경상남도,하동군,금성면,소계,2848,2174,1435,678,2,2,4,21,2142,32,674
경상남도,하동군,,금성면제1투,1764,1367,868,455,2,1,1,18,1345,22,397
경상남도,하동군,,금성면제2투,1084,807,567,223,0,1,3,3,797,10,277
경상남도,하동군,진교면,소계,5446,4237,2759,1390,5,4,3,16,4177,60,1209
경상남도,하동군,,진교면제1투,3167,2449,1617,790,4,2,2,9,2424,25,718
경상남도,하동군,,진교면제2투,2279,1788,1142,600,1,2,1,7,1753,35,491
경상남도,하동군,양보면,소계,1692,1374,958,354,13,3,1,12,1341,33,318
경상남도,하동군,,양보면투표소,1692,1374,958,354,13,3,1,12,1341,33,318
경상남도,하동군,북천면,소계,1628,1278,925,290,2,6,5,22,1250,28,350
경상남도,하동군,,북천면투표소,1628,1278,925,290,2,6,5,22,1250,28,350
경상남도,하동군,청암면,소계,1288,1025,654,325,6,1,4,12,1002,23,263
경상남도,하동군,,청암면제1투,780,649,469,149,4,1,2,8,633,16,131
경상남도,하동군,,청암면제2투,508,376,185,176,2,0,2,4,369,7,132
경상남도,하동군,옥종면,소계,3794,3074,2051,915,6,13,3,22,3010,64,720
경상남도,하동군,,옥종면투표소,3794,3074,2051,915,6,13,3,22,3010,64,720
경상남도,하동군,잘못 투입·구분된 투표지,,0,0,0,0,0,0,0,0,0,0,0
경상남도,남해군,소계,,42153,32090,21551,9756,75,17,51,186,31636,454,10063
경상남도,남해군,재외투표,,312,222,128,93,0,0,0,1,222,0,90
경상남도,남해군,국내부재자투표,,1750,1585,750,802,3,1,1,2,1559,26,165
경상남도,남해군,소계,,40091,30283,20673,8861,72,16,50,183,29855,428,9808
경상남도,남해군,남해읍,소계,10411,7841,4916,2822,12,1,12,20,7783,58,2570
경상남도,남해군,,남해읍제1투,2424,1807,1101,689,2,0,1,5,1798,9,617
경상남도,남해군,,남해읍제2투,1563,1176,829,330,1,0,5,3,1168,8,387
경상남도,남해군,,남해읍제3투,3329,2554,1531,995,3,0,3,8,2540,14,775
경상남도,남해군,,남해읍제4투,3095,2304,1455,808,6,1,3,4,2277,27,791
경상남도,남해군,이동면,소계,3900,2979,2201,724,7,1,4,17,2954,25,921
경상남도,남해군,,이동면제1투,1664,1289,948,322,2,0,0,8,1280,9,375
경상남도,남해군,,이동면제2투,1112,867,621,228,3,1,0,4,857,10,245
경상남도,남해군,,이동면제3투,1124,823,632,174,2,0,4,5,817,6,301
경상남도,남해군,상주면,소계,1592,1198,836,316,4,0,2,12,1170,28,394
경상남도,남해군,,상주면투표소,1592,1198,836,316,4,0,2,12,1170,28,394
경상남도,남해군,삼동면,소계,3688,2789,1869,849,11,0,6,22,2757,32,899
경상남도,남해군,,삼동면제1투,1827,1418,971,410,4,0,3,12,1400,18,409
경상남도,남해군,,삼동면제2투,1861,1371,898,439,7,0,3,10,1357,14,490
경상남도,남해군,미조면,소계,2262,1660,1176,446,1,0,5,11,1639,21,602
경상남도,남해군,,미조면투표소,2262,1660,1176,446,1,0,5,11,1639,21,602
경상남도,남해군,남면,소계,3593,2653,1898,674,5,3,1,18,2599,54,940
경상남도,남해군,,남면제1투,1991,1489,1047,404,2,2,1,13,1469,20,502
경상남도,남해군,,남면제2투,1602,1164,851,270,3,1,0,5,1130,34,438
경상남도,남해군,서면,소계,2787,2135,1522,535,6,3,3,17,2086,49,652
경상남도,남해군,,서면제1투,1917,1471,1045,376,5,2,1,11,1440,31,446
경상남도,남해군,,서면제2투,870,664,477,159,1,1,2,6,646,18,206
경상남도,남해군,고현면,소계,3733,2892,1824,988,7,3,6,16,2844,48,841
경상남도,남해군,,고현면제1투,2192,1699,1148,497,5,3,5,13,1671,28,493
경상남도,남해군,,고현면제2투,1541,1193,676,491,2,0,1,3,1173,20,348
경상남도,남해군,설천면,소계,2895,2226,1428,724,10,1,3,13,2179,47,669
경상남도,남해군,,설천면제1투,2041,1543,977,516,7,0,2,9,1511,32,498
경상남도,남해군,,설천면제2투,854,683,451,208,3,1,1,4,668,15,171
경상남도,남해군,창선면,소계,5230,3910,3003,783,9,4,8,37,3844,66,1320
경상남도,남해군,,창선면제1투,2632,1977,1480,444,3,2,7,19,1955,22,655
경상남도,남해군,,창선면제2투,1445,1060,842,186,1,2,0,10,1041,19,385
경상남도,남해군,,창선면제3투,1153,873,681,153,5,0,1,8,848,25,280
경상남도,남해군,잘못 투입·구분된 투표지,,0,0,0,0,0,0,0,0,0,0,0
경상남도,함양군,소계,,34326,26500,18736,7014,40,26,59,250,26125,375,7826
경상남도,함양군,재외투표,,233,144,99,45,0,0,0,0,144,0,89
경상남도,함양군,국내부재자투표,,1539,1430,745,589,7,7,5,12,1365,65,109
경상남도,함양군,소계,,32554,24926,17892,6380,33,19,54,238,24616,310,7628
경상남도,함양군,함양읍,소계,13936,10644,7314,3162,9,5,22,54,10566,78,3292
경상남도,함양군,,함양읍제1투,1874,1350,970,352,0,1,2,7,1332,18,524
경상남도,함양군,,함양읍제2투,2463,1906,1379,504,2,0,3,5,1893,13,557
경상남도,함양군,,함양읍제3투,3222,2486,1573,879,2,2,4,13,2473,13,736
경상남도,함양군,,함양읍제4투,1036,782,576,176,1,2,1,13,769,13,254
경상남도,함양군,,함양읍제5투,2781,2273,1438,817,0,0,8,3,2266,7,508
경상남도,함양군,,함양읍제6투,1760,1240,909,310,3,0,2,6,1230,10,520
경상남도,함양군,,함양읍제7투,800,607,469,124,1,0,2,7,603,4,193
경상남도,함양군,마천면,소계,1984,1452,971,423,2,0,6,24,1426,26,532
경상남도,함양군,,마천면투표소,1984,1452,971,423,2,0,6,24,1426,26,532
경상남도,함양군,휴천면,소계,1400,1061,764,256,5,3,2,16,1046,15,339
경상남도,함양군,,휴천면투표소,1400,1061,764,256,5,3,2,16,1046,15,339
경상남도,함양군,유림면,소계,1593,1227,965,227,2,1,0,18,1213,14,366
경상남도,함양군,,유림면투표소,1593,1227,965,227,2,1,0,18,1213,14,366
경상남도,함양군,수동면,소계,2207,1715,1325,354,3,1,6,7,1696,19,492
경상남도,함양군,,수동면투표소,2207,1715,1325,354,3,1,6,7,1696,19,492
경상남도,함양군,지곡면,소계,1853,1418,1053,313,2,2,7,16,1393,25,435
경상남도,함양군,,지곡면투표소,1853,1418,1053,313,2,2,7,16,1393,25,435
경상남도,함양군,안의면,소계,4197,3189,2439,653,6,2,3,34,3137,52,1008
경상남도,함양군,,안의면제1투,2178,1672,1280,357,1,0,1,14,1653,19,506
경상남도,함양군,,안의면제2투,2019,1517,1159,296,5,2,2,20,1484,33,502
경상남도,함양군,서하면,소계,1235,990,725,232,1,1,2,11,972,18,245
경상남도,함양군,,서하면투표소,1235,990,725,232,1,1,2,11,972,18,245
경상남도,함양군,서상면,소계,1623,1250,923,280,0,2,0,22,1227,23,373
경상남도,함양군,,서상면투표소,1623,1250,923,280,0,2,0,22,1227,23,373
경상남도,함양군,백전면,소계,1329,1027,734,246,2,0,3,22,1007,20,302
경상남도,함양군,,백전면투표소,1329,1027,734,246,2,0,3,22,1007,20,302
경상남도,함양군,병곡면,소계,1197,953,679,234,1,2,3,14,933,20,244
경상남도,함양군,,병곡면투표소,1197,953,679,234,1,2,3,14,933,20,244
경상남도,함양군,잘못 투입·구분된 투표지,,0,0,0,0,0,0,0,0,0,0,0
경상남도,산청군,소계,,30993,23738,16979,5996,91,30,51,189,23336,402,7255
경상남도,산청군,재외투표,,251,154,102,46,0,0,0,1,149,5,97
경상남도,산청군,국내부재자투표,,1010,929,503,402,1,0,3,2,911,18,81
경상남도,산청군,소계,,29732,22655,16374,5548,90,30,48,186,22276,379,7077
경상남도,산청군,산청읍,소계,5263,4014,2851,1066,10,0,7,29,3963,51,1249
경상남도,산청군,,산청읍제1투,4175,3164,2262,835,7,0,6,23,3133,31,1011
경상남도,산청군,,산청읍제2투,1088,850,589,231,3,0,1,6,830,20,238
경상남도,산청군,차황면,소계,1361,1045,808,203,3,1,4,6,1025,20,316
경상남도,산청군,,차황면투표소,1361,1045,808,203,3,1,4,6,1025,20,316
경상남도,산청군,오부면,소계,1000,794,559,167,9,13,4,15,767,27,206
경상남도,산청군,,오부면투표소,1000,794,559,167,9,13,4,15,767,27,206
경상남도,산청군,생초면,소계,2077,1602,1240,303,5,5,3,15,1571,31,475
경상남도,산청군,,생초면투표소,2077,1602,1240,303,5,5,3,15,1571,31,475
경상남도,산청군,금서면,소계,2389,1832,1289,449,27,3,3,18,1789,43,557
경상남도,산청군,,금서면제1투,1593,1200,853,278,24,1,1,12,1169,31,393
경상남도,산청군,,금서면제2투,796,632,436,171,3,2,2,6,620,12,164
경상남도,산청군,삼장면,소계,1595,1238,964,245,2,1,2,8,1222,16,357
경상남도,산청군,,삼장면투표소,1595,1238,964,245,2,1,2,8,1222,16,357
경상남도,산청군,시천면,소계,3494,2684,1927,704,2,0,6,16,2655,29,810
경상남도,산청군,,시천면제1투,1919,1485,1071,383,1,0,4,8,1467,18,434
경상남도,산청군,,시천면제2투,1575,1199,856,321,1,0,2,8,1188,11,376
경상남도,산청군,단성면,소계,4892,3553,2603,832,15,3,6,36,3495,58,1339
경상남도,산청군,,단성면제1투,3957,2863,2091,675,14,3,3,28,2814,49,1094
경상남도,산청군,,단성면제2투,935,690,512,157,1,0,3,8,681,9,245
경상남도,산청군,신안면,소계,4603,3515,2355,1085,8,2,6,15,3471,44,1088
경상남도,산청군,,신안면제1투,3281,2525,1644,839,4,2,5,8,2502,23,756
경상남도,산청군,,신안면제2투,1322,990,711,246,4,0,1,7,969,21,332
경상남도,산청군,생비량면,소계,1145,894,688,165,4,0,2,11,870,24,251
경상남도,산청군,,생비량면투표소,1145,894,688,165,4,0,2,11,870,24,251
경상남도,산청군,신등면,소계,1913,1484,1090,329,5,2,5,17,1448,36,429
경상남도,산청군,,신등면투표소,1913,1484,1090,329,5,2,5,17,1448,36,429
경상남도,산청군,잘못 투입·구분된 투표지,,0,0,0,0,0,0,0,0,0,0,0
경상남도,거창군,소계,,51773,40103,28726,10466,61,22,75,244,39594,509,11670
경상남도,거창군,재외투표,,420,290,175,114,0,0,0,0,289,1,130
경상남도,거창군,국내부재자투표,,1962,1764,890,839,0,2,2,2,1735,29,198
경상남도,거창군,소계,,49391,38046,27658,9513,61,20,73,242,37567,479,11345
경상남도,거창군,거창읍,소계,29175,22204,15449,6484,17,11,34,57,22052,152,6971
경상남도,거창군,,거창읍제1투,3170,2466,1582,849,4,3,3,8,2449,17,704
경상남도,거창군,,거창읍제2투,3266,2450,1774,651,1,1,3,3,2433,17,816
경상남도,거창군,,거창읍제3투,3585,2766,1903,836,1,0,6,9,2755,11,819
경상남도,거창군,,거창읍제4투,4171,3173,2130,1009,1,2,7,6,3155,18,998
경상남도,거창군,,거창읍제5투,2665,1971,1483,469,2,0,2,5,1961,10,694
경상남도,거창군,,거창읍제6투,2944,2187,1538,621,1,1,1,5,2167,20,757
경상남도,거창군,,거창읍제7투,1648,1200,868,304,3,2,0,12,1189,11,448
경상남도,거창군,,거창읍제8투,1661,1305,1002,264,1,1,4,6,1278,27,356
경상남도,거창군,,거창읍제9투,2426,2046,1289,739,3,1,5,1,2038,8,380
경상남도,거창군,,거창읍제10투,3639,2640,1880,742,0,0,3,2,2627,13,999
경상남도,거창군,주상면,소계,1525,1205,945,233,3,0,2,10,1193,12,320
경상남도,거창군,,주상면투표소,1525,1205,945,233,3,0,2,10,1193,12,320
경상남도,거창군,웅양면,소계,1826,1426,1042,331,4,0,5,19,1401,25,400
경상남도,거창군,,웅양면투표소,1826,1426,1042,331,4,0,5,19,1401,25,400
경상남도,거창군,고제면,소계,1297,988,714,229,9,1,3,11,967,21,309
경상남도,거창군,,고제면투표소,1297,988,714,229,9,1,3,11,967,21,309
경상남도,거창군,북상면,소계,1412,1106,819,239,2,0,2,18,1080,26,306
경상남도,거창군,,북상면투표소,1412,1106,819,239,2,0,2,18,1080,26,306
경상남도,거창군,위천면,소계,1969,1552,1162,341,3,1,7,13,1527,25,417
경상남도,거창군,,위천면투표소,1969,1552,1162,341,3,1,7,13,1527,25,417
경상남도,거창군,마리면,소계,1961,1523,1174,298,6,1,1,14,1494,29,438
경상남도,거창군,,마리면투표소,1961,1523,1174,298,6,1,1,14,1494,29,438
경상남도,거창군,남상면,소계,2354,1869,1441,335,2,1,7,28,1814,55,485
경상남도,거창군,,남상면투표소,2354,1869,1441,335,2,1,7,28,1814,55,485
경상남도,거창군,남하면,소계,1518,1187,927,222,4,1,1,11,1166,21,331
경상남도,거창군,,남하면투표소,1518,1187,927,222,4,1,1,11,1166,21,331
경상남도,거창군,신원면,소계,1537,1185,924,208,4,0,3,25,1164,21,352
경상남도,거창군,,신원면투표소,1537,1185,924,208,4,0,3,25,1164,21,352
경상남도,거창군,가조면,소계,3541,2797,2274,430,4,1,7,18,2734,63,744
경상남도,거창군,,가조면투표소,3541,2797,2274,430,4,1,7,18,2734,63,744
경상남도,거창군,가북면,소계,1276,1004,787,163,3,3,1,18,975,29,272
경상남도,거창군,,가북면투표소,1276,1004,787,163,3,3,1,18,975,29,272
경상남도,거창군,잘못 투입·구분된 투표지,,0,3,3,0,0,0,0,0,3,0,-3
경상남도,합천군,소계,,43981,33586,25313,7114,70,20,64,382,32963,623,10395
경상남도,합천군,재외투표,,501,331,210,113,2,1,0,2,328,3,170
경상남도,합천군,국내부재자투표,,1956,1799,1057,665,5,3,6,5,1741,58,157
경상남도,합천군,소계,,41524,31456,24046,6336,63,16,58,375,30894,562,10068
경상남도,합천군,합천읍,소계,8752,6714,4943,1690,7,1,9,26,6676,38,2038
경상남도,합천군,,합천읍제1투,2598,2008,1432,565,1,1,1,1,2001,7,590
경상남도,합천군,,합천읍제2투,3561,2754,2090,630,3,0,3,17,2743,11,807
경상남도,합천군,,합천읍제3투,2593,1952,1421,495,3,0,5,8,1932,20,641
경상남도,합천군,봉산면,소계,1461,1040,837,146,4,0,2,24,1013,27,421
경상남도,합천군,,봉산면투표소,1461,1040,837,146,4,0,2,24,1013,27,421
경상남도,합천군,묘산면,소계,1666,1271,1023,197,4,1,4,17,1246,25,395
경상남도,합천군,,묘산면투표소,1666,1271,1023,197,4,1,4,17,1246,25,395
경상남도,합천군,가야면,소계,4327,3188,2389,734,3,1,1,26,3154,34,1139
경상남도,합천군,,가야면제1투,1949,1468,1115,332,0,0,0,9,1456,12,481
경상남도,합천군,,가야면제2투,1515,1161,890,236,2,1,1,16,1146,15,354
경상남도,합천군,,가야면제3투,863,559,384,166,1,0,0,1,552,7,304
경상남도,합천군,야로면,소계,2439,1863,1457,346,2,1,6,20,1832,31,576
경상남도,합천군,,야로면투표소,2439,1863,1457,346,2,1,6,20,1832,31,576
경상남도,합천군,율곡면,소계,2435,1843,1461,318,2,2,0,28,1811,32,592
경상남도,합천군,,율곡면제1투,1903,1432,1122,257,1,1,0,24,1405,27,471
경상남도,합천군,,율곡면제2투,532,411,339,61,1,1,0,4,406,5,121
경상남도,합천군,초계면,소계,2474,1847,1452,346,3,0,2,15,1818,29,627
경상남도,합천군,,초계면투표소,2474,1847,1452,346,3,0,2,15,1818,29,627
경상남도,합천군,쌍책면,소계,1317,1052,857,145,0,1,5,15,1023,29,265
경상남도,합천군,,쌍책면제1투,838,667,551,89,0,1,3,9,653,14,171
경상남도,합천군,,쌍책면제2투,479,385,306,56,0,0,2,6,370,15,94
경상남도,합천군,덕곡면,소계,847,686,561,100,2,0,1,9,673,13,161
경상남도,합천군,,덕곡면투표소,847,686,561,100,2,0,1,9,673,13,161
경상남도,합천군,청덕면,소계,1709,1261,992,199,4,0,1,22,1218,43,448
경상남도,합천군,,청덕면제1투,1156,852,650,148,3,0,1,18,820,32,304
경상남도,합천군,,청덕면제2투,553,409,342,51,1,0,0,4,398,11,144
경상남도,합천군,적중면,소계,1484,1141,885,205,1,1,2,24,1118,23,343
경상남도,합천군,,적중면투표소,1484,1141,885,205,1,1,2,24,1118,23,343
경상남도,합천군,대양면,소계,1551,1150,878,205,4,2,2,22,1113,37,401
경상남도,합천군,,대양면투표소,1551,1150,878,205,4,2,2,22,1113,37,401
경상남도,합천군,쌍백면,소계,1803,1372,1061,226,6,1,3,31,1328,44,431
경상남도,합천군,,쌍백면투표소,1803,1372,1061,226,6,1,3,31,1328,44,431
경상남도,합천군,삼가면,소계,3346,2523,1863,570,8,2,7,29,2479,44,823
경상남도,합천군,,삼가면제1투,1830,1355,1008,311,2,2,3,11,1337,18,475
경상남도,합천군,,삼가면제2투,1516,1168,855,259,6,0,4,18,1142,26,348
경상남도,합천군,가회면,소계,1758,1339,953,319,7,2,4,17,1302,37,419
경상남도,합천군,,가회면투표소,1758,1339,953,319,7,2,4,17,1302,37,419
경상남도,합천군,대병면,소계,1945,1454,1103,278,4,1,5,32,1423,31,491
경상남도,합천군,,대병면투표소,1945,1454,1103,278,4,1,5,32,1423,31,491
경상남도,합천군,용주면,소계,2210,1712,1331,312,2,0,4,18,1667,45,498
경상남도,합천군,,용주면투표소,2210,1712,1331,312,2,0,4,18,1667,45,498
경상남도,합천군,잘못 투입·구분된 투표지,,0,0,0,0,0,0,0,0,0,0,0
제주특별자치도,합계,,,451731,330967,166184,161235,148,240,667,861,329335,1632,120764
제주특별자치도,제주시,소계,,328450,241552,119563,119622,94,164,473,570,240486,1066,86898
제주특별자치도,제주시,재외투표,,3768,2675,1513,1114,7,3,5,6,2648,27,1093
제주특별자치도,제주시,국내부재자투표,,10771,10050,4197,5578,13,21,30,43,9882,168,721
제주특별자치도,제주시,소계,,313911,228827,113853,112930,74,140,438,521,227956,871,85084
제주특별자치도,제주시,한림읍,소계,15252,10821,5924,4759,6,7,20,54,10770,51,4431
제주특별자치도,제주시,,한림읍제1투,1582,1165,658,488,1,1,2,5,1155,10,417
제주특별자치도,제주시,,한림읍제2투,1405,1021,595,415,0,1,0,5,1016,5,384
제주특별자치도,제주시,,한림읍제3투,2229,1469,827,632,1,0,3,3,1466,3,760
제주특별자치도,제주시,,한림읍제4투,865,652,260,381,0,0,3,6,650,2,213
제주특별자치도,제주시,,한림읍제5투,908,668,393,265,1,1,2,4,666,2,240
제주특별자치도,제주시,,한림읍제6투,1153,834,482,342,1,0,0,6,831,3,319
제주특별자치도,제주시,,한림읍제7투,1291,947,490,444,1,0,2,4,941,6,344
제주특별자치도,제주시,,한림읍제8투,1209,846,509,329,0,1,1,2,842,4,363
제주특별자치도,제주시,,한림읍제9투,1482,1032,543,472,0,2,5,6,1028,4,450
제주특별자치도,제주시,,한림읍제10투,1807,1191,649,532,0,0,2,6,1189,2,616
제주특별자치도,제주시,,한림읍제11투,135,98,80,17,0,0,0,1,98,0,37
제주특별자치도,제주시,,한림읍제12투,541,400,218,176,0,1,0,1,396,4,141
제주특별자치도,제주시,,한림읍제13투,645,498,220,266,1,0,0,5,492,6,147
제주특별자치도,제주시,애월읍,소계,22134,16307,8001,8087,9,7,39,67,16210,97,5827
제주특별자치도,제주시,,애월읍제1투,2412,1596,938,638,0,0,3,7,1586,10,816
제주특별자치도,제주시,,애월읍제2투,1221,912,431,467,1,3,0,5,907,5,309
제주특별자치도,제주시,,애월읍제3투,2331,1697,921,749,0,0,3,8,1681,16,634
제주특별자치도,제주시,,애월읍제4투,3054,2280,1114,1138,1,0,8,3,2264,16,774
제주특별자치도,제주시,,애월읍제5투,820,653,332,313,1,0,2,3,651,2,167
제주특별자치도,제주시,,애월읍제6투,2866,2093,998,1082,0,1,2,3,2086,7,773
제주특별자치도,제주시,,애월읍제7투,1010,758,361,381,0,0,3,4,749,9,252
제주특별자치도,제주시,,애월읍제8투,1310,987,432,534,1,0,4,10,981,6,323
제주특별자치도,제주시,,애월읍제9투,907,680,345,324,0,0,1,7,677,3,227
제주특별자치도,제주시,,애월읍제10투,878,704,352,339,1,1,0,5,698,6,174
제주특별자치도,제주시,,애월읍제11투,3193,2455,1101,1341,1,2,5,2,2452,3,738
제주특별자치도,제주시,,애월읍제12투,814,596,262,311,2,0,6,4,585,11,218
제주특별자치도,제주시,,애월읍제13투,1318,896,414,470,1,0,2,6,893,3,422
제주특별자치도,제주시,구좌읍,소계,11623,8302,4929,3211,6,10,17,52,8225,77,3321
제주특별자치도,제주시,,구좌읍제1투,2303,1715,1004,687,1,0,3,3,1698,17,588
제주특별자치도,제주시,,구좌읍제2투,1342,967,647,295,0,1,2,10,955,12,375
제주특별자치도,제주시,,구좌읍제3투,1155,848,476,353,0,2,2,6,839,9,307
제주특별자치도,제주시,,구좌읍제4투,987,717,349,347,2,2,1,6,707,10,270
제주특별자치도,제주시,,구좌읍제5투,1883,1211,731,457,2,2,3,7,1202,9,672
제주특별자치도,제주시,,구좌읍제6투,1490,1037,633,384,0,2,2,7,1028,9,453
제주특별자치도,제주시,,구좌읍제7투,959,724,395,318,1,1,2,4,721,3,235
제주특별자치도,제주시,,구좌읍제8투,469,344,227,110,0,0,0,3,340,4,125
제주특별자치도,제주시,,구좌읍제9투,1035,739,467,260,0,0,2,6,735,4,296
제주특별자치도,제주시,조천읍,소계,15716,11385,6251,4984,4,10,25,47,11321,64,4331
제주특별자치도,제주시,,조천읍제1투,2908,2176,1216,934,0,3,1,9,2163,13,732
제주특별자치도,제주시,,조천읍제2투,2117,1442,857,562,0,3,2,11,1435,7,675
제주특별자치도,제주시,,조천읍제3투,1804,1322,724,577,1,1,5,5,1313,9,482
제주특별자치도,제주시,,조천읍제4투,916,688,353,329,0,1,2,1,686,2,228
제주특별자치도,제주시,,조천읍제5투,1133,813,412,394,0,0,1,2,809,4,320
제주특별자치도,제주시,,조천읍제6투,1812,1316,717,580,1,1,6,5,1310,6,496
제주특별자치도,제주시,,조천읍제7투,2227,1570,860,689,1,1,4,4,1559,11,657
제주특별자치도,제주시,,조천읍제8투,2799,2058,1112,919,1,0,4,10,2046,12,741
제주특별자치도,제주시,한경면,소계,6669,4841,2483,2259,4,7,20,32,4805,36,1828
제주특별자치도,제주시,,한경면제1투,552,411,234,169,1,0,1,3,408,3,141
제주특별자치도,제주시,,한경면제2투,857,633,302,318,0,0,5,6,631,2,224
제주특별자치도,제주시,,한경면제3투,2152,1577,793,754,1,6,3,7,1564,13,575
제주특별자치도,제주시,,한경면제4투,1524,1071,636,411,0,0,1,12,1060,11,453
제주특별자치도,제주시,,한경면제5투,1584,1149,518,607,2,1,10,4,1142,7,435
제주특별자치도,제주시,추자면,소계,1939,1013,565,420,0,1,7,12,1005,8,926
제주특별자치도,제주시,,추자면제1투,1252,627,347,268,0,0,2,7,624,3,625
제주특별자치도,제주시,,추자면제2투,687,386,218,152,0,1,5,5,381,5,301
제주특별자치도,제주시,우도면,소계,1332,933,588,332,0,1,0,6,927,6,399
제주특별자치도,제주시,,우도면투표소,1332,933,588,332,0,1,0,6,927,6,399
제주특별자치도,제주시,일도1동,소계,3113,2026,1125,884,0,1,2,5,2017,9,1087
제주특별자치도,제주시,,일도1동투표소,3113,2026,1125,884,0,1,2,5,2017,9,1087
제주특별자치도,제주시,일도2동,소계,26754,20319,10105,10093,5,7,32,26,20268,51,6435
제주특별자치도,제주시,,일도2동제1투,2556,1854,943,894,1,2,5,3,1848,6,702
제주특별자치도,제주시,,일도2동제2투,3232,2268,1243,1005,1,0,3,5,2257,11,964
제주특별자치도,제주시,,일도2동제3투,2805,2146,1111,1029,0,0,3,0,2143,3,659
제주특별자치도,제주시,,일도2동제4투,3052,2124,1167,940,0,0,5,7,2119,5,928
제주특별자치도,제주시,,일도2동제5투,2056,1569,812,747,0,0,2,3,1564,5,487
제주특별자치도,제주시,,일도2동제6투,3229,2501,1258,1232,2,1,3,1,2497,4,728
제주특별자치도,제주시,,일도2동제7투,3637,2885,1299,1571,1,1,4,3,2879,6,752
제주특별자치도,제주시,,일도2동제8투,3217,2575,1122,1441,0,1,2,4,2570,5,642
제주특별자치도,제주시,,일도2동제9투,2970,2397,1150,1234,0,2,5,0,2391,6,573
제주특별자치도,제주시,이도1동,소계,5999,4202,2232,1938,1,4,10,6,4191,11,1797
제주특별자치도,제주시,,이도1동제1투,2036,1353,719,628,0,0,1,0,1348,5,683
제주특별자치도,제주시,,이도1동제2투,2043,1478,774,688,1,2,5,4,1474,4,565
제주특별자치도,제주시,,이도1동제3투,1920,1371,739,622,0,2,4,2,1369,2,549
제주특별자치도,제주시,이도2동,소계,33699,25254,11893,13195,4,16,59,27,25194,60,8445
제주특별자치도,제주시,,이도2동제1투,3561,2610,1300,1285,0,1,4,8,2598,12,951
제주특별자치도,제주시,,이도2동제2투,4489,3468,1468,1981,1,0,10,3,3463,5,1021
제주특별자치도,제주시,,이도2동제3투,4047,2800,1391,1388,0,4,9,3,2795,5,1247
제주특별자치도,제주시,,이도2동제4투,5134,3897,1724,2147,1,3,8,1,3884,13,1237
제주특별자치도,제주시,,이도2동제5투,3331,2332,1263,1060,0,2,3,2,2330,2,999
제주특별자치도,제주시,,이도2동제6투,3794,2842,1374,1442,1,2,8,4,2831,11,952
제주특별자치도,제주시,,이도2동제7투,3040,2415,1206,1195,0,1,5,2,2409,6,625
제주특별자치도,제주시,,이도2동제8투,2967,2254,967,1271,1,0,7,4,2250,4,713
제주특별자치도,제주시,,이도2동제9투,3336,2636,1200,1426,0,3,5,0,2634,2,700
제주특별자치도,제주시,삼도1동,소계,10671,7830,4174,3607,1,2,12,12,7808,22,2841
제주특별자치도,제주시,,삼도1동제1투,2690,2029,1089,929,0,1,2,4,2025,4,661
제주특별자치도,제주시,,삼도1동제2투,1934,1428,771,644,0,0,4,3,1422,6,506
제주특별자치도,제주시,,삼도1동제3투,3070,2209,1154,1038,1,1,5,2,2201,8,861
제주특별자치도,제주시,,삼도1동제4투,2977,2164,1160,996,0,0,1,3,2160,4,813
제주특별자치도,제주시,삼도2동,소계,7468,5203,2752,2419,0,2,9,7,5189,14,2265
제주특별자치도,제주시,,삼도2동제1투,2670,1863,945,903,0,1,5,4,1858,5,807
제주특별자치도,제주시,,삼도2동제2투,2305,1529,834,689,0,0,1,2,1526,3,776
제주특별자치도,제주시,,삼도2동제3투,2493,1811,973,827,0,1,3,1,1805,6,682
제주특별자치도,제주시,용담1동,소계,6586,4570,2415,2117,0,2,11,7,4552,18,2016
제주특별자치도,제주시,,용담1동제1투,2528,1687,895,774,0,0,6,4,1679,8,841
제주특별자치도,제주시,,용담1동제2투,2183,1476,799,664,0,1,3,2,1469,7,707
제주특별자치도,제주시,,용담1동제3투,1875,1407,721,679,0,1,2,1,1404,3,468
제주특별자치도,제주시,용담2동,소계,12956,9472,4850,4549,3,6,11,21,9440,32,3484
제주특별자치도,제주시,,용담2동제1투,2849,2050,1069,967,0,2,2,3,2043,7,799
제주특별자치도,제주시,,용담2동제2투,2842,1990,1038,937,1,0,2,6,1984,6,852
제주특별자치도,제주시,,용담2동제3투,2190,1638,811,814,1,1,2,6,1635,3,552
제주특별자치도,제주시,,용담2동제4투,2454,1831,953,862,1,1,1,4,1822,9,623
제주특별자치도,제주시,,용담2동제5투,2621,1963,979,969,0,2,4,2,1956,7,658
제주특별자치도,제주시,건입동,소계,8225,5953,3051,2844,0,1,9,15,5920,33,2272
제주특별자치도,제주시,,건입동제1투,1030,603,343,255,0,0,0,0,598,5,427
제주특별자치도,제주시,,건입동제2투,2398,1767,913,830,0,1,3,7,1754,13,631
제주특별자치도,제주시,,건입동제3투,2487,1842,928,902,0,0,3,1,1834,8,645
제주특별자치도,제주시,,건입동제4투,2310,1741,867,857,0,0,3,7,1734,7,569
제주특별자치도,제주시,화북동,소계,16094,12035,5580,6338,4,9,27,27,11985,50,4059
제주특별자치도,제주시,,화북동제1투,2373,1765,857,891,0,1,2,6,1757,8,608
제주특별자치도,제주시,,화북동제2투,1849,1316,645,639,1,0,7,5,1297,19,533
제주특별자치도,제주시,,화북동제3투,1606,1171,605,548,2,3,3,6,1167,4,435
제주특별자치도,제주시,,화북동제4투,2858,2040,1018,1010,1,0,4,2,2035,5,818
제주특별자치도,제주시,,화북동제5투,2289,1885,805,1067,0,2,3,2,1879,6,404
제주특별자치도,제주시,,화북동제6투,2743,2135,874,1245,0,2,6,3,2130,5,608
제주특별자치도,제주시,,화북동제7투,2376,1723,776,938,0,1,2,3,1720,3,653
제주특별자치도,제주시,삼양동,소계,7932,5879,2909,2916,2,7,8,16,5858,21,2053
제주특별자치도,제주시,,삼양동제1투,2024,1529,755,759,0,1,2,6,1523,6,495
제주특별자치도,제주시,,삼양동제2투,3330,2464,1248,1194,2,6,2,4,2456,8,866
제주특별자치도,제주시,,삼양동제3투,1994,1465,701,756,0,0,3,2,1462,3,529
제주특별자치도,제주시,,삼양동제4투,584,421,205,207,0,0,1,4,417,4,163
제주특별자치도,제주시,봉개동,소계,2340,1678,886,764,0,1,2,13,1666,12,662
제주특별자치도,제주시,,봉개동제1투,1602,1147,599,529,0,1,2,11,1142,5,455
제주특별자치도,제주시,,봉개동제2투,426,295,153,137,0,0,0,0,290,5,131
제주특별자치도,제주시,,봉개동제3투,312,236,134,98,0,0,0,2,234,2,76
제주특별자치도,제주시,아라동,소계,11248,8261,3838,4335,8,6,19,20,8226,35,2987
제주특별자치도,제주시,,아라동제1투,2881,2023,892,1118,1,2,5,4,2022,1,858
제주특별자치도,제주시,,아라동제2투,2533,2005,871,1120,1,0,5,2,1999,6,528
제주특별자치도,제주시,,아라동제3투,1943,1289,636,632,1,1,1,4,1275,14,654
제주특별자치도,제주시,,아라동제4투,1303,980,422,549,1,1,1,1,975,5,323
제주특별자치도,제주시,,아라동제5투,2588,1964,1017,916,4,2,7,9,1955,9,624
제주특별자치도,제주시,오라동,소계,5041,3707,1782,1900,0,2,8,4,3696,11,1334
제주특별자치도,제주시,,오라동제1투,2717,2026,1017,997,0,1,4,2,2021,5,691
제주특별자치도,제주시,,오라동제2투,2324,1681,765,903,0,1,4,2,1675,6,643
제주특별자치도,제주시,연동,소계,31002,21361,10258,11006,6,8,24,17,21319,42,9641
제주특별자치도,제주시,,연동제1투,3904,2552,1299,1244,1,0,2,2,2548,4,1352
제주특별자치도,제주시,,연동제2투,4362,3135,1512,1606,2,0,2,3,3125,10,1227
제주특별자치도,제주시,,연동제3투,3838,2609,1240,1348,0,2,7,4,2601,8,1229
제주특별자치도,제주시,,연동제4투,3568,2149,1128,1013,0,0,3,0,2144,5,1419
제주특별자치도,제주시,,연동제5투,3968,2936,1318,1605,0,2,4,3,2932,4,1032
제주특별자치도,제주시,,연동제6투,3451,2502,1132,1361,1,2,2,1,2499,3,949
제주특별자치도,제주시,,연동제7투,3381,2241,1134,1101,1,0,3,0,2239,2,1140
제주특별자치도,제주시,,연동제8투,4530,3237,1495,1728,1,2,1,4,3231,6,1293
제주특별자치도,제주시,노형동,소계,34333,25637,11699,13795,6,14,44,14,25572,65,8696
제주특별자치도,제주시,,노형동제1투,2559,1954,910,1032,0,1,3,5,1951,3,605
제주특별자치도,제주시,,노형동제2투,3239,2458,1191,1250,0,1,4,3,2449,9,781
제주특별자치도,제주시,,노형동제3투,4194,2754,1289,1450,0,4,2,0,2745,9,1440
제주특별자치도,제주시,,노형동제4투,4202,3375,1514,1850,0,1,6,1,3372,3,827
제주특별자치도,제주시,,노형동제5투,4212,3040,1311,1716,0,4,3,1,3035,5,1172
제주특별자치도,제주시,,노형동제6투,4532,3231,1522,1694,3,0,5,1,3225,6,1301
제주특별자치도,제주시,,노형동제7투,923,694,289,396,2,0,2,0,689,5,229
제주특별자치도,제주시,,노형동제8투,2402,1784,903,864,0,2,6,1,1776,8,618
제주특별자치도,제주시,,노형동제9투,3949,3073,1291,1765,0,0,5,1,3062,11,876
제주특별자치도,제주시,,노형동제10투,4121,3274,1479,1778,1,1,8,1,3268,6,847
제주특별자치도,제주시,외도동,소계,10717,8092,3606,4424,4,8,14,6,8062,30,2625
제주특별자치도,제주시,,외도동제1투,3154,2265,1129,1121,0,1,3,1,2255,10,889
제주특별자치도,제주시,,외도동제2투,993,735,365,359,0,1,1,2,728,7,258
제주특별자치도,제주시,,외도동제3투,3062,2335,1116,1199,4,2,6,0,2327,8,727
제주특별자치도,제주시,,외도동제4투,3508,2757,996,1745,0,4,4,3,2752,5,751
제주특별자치도,제주시,이호동,소계,2990,2210,1174,1015,1,1,7,4,2202,8,780
제주특별자치도,제주시,,이호동제1투,1100,780,462,310,0,0,2,3,777,3,320
제주특별자치도,제주시,,이호동제2투,1890,1430,712,705,1,1,5,1,1425,5,460
제주특별자치도,제주시,도두동,소계,2078,1536,783,739,0,0,2,4,1528,8,542
제주특별자치도,제주시,,도두동제1투,1420,1031,544,475,0,0,2,2,1023,8,389
제주특별자치도,제주시,,도두동제2투,658,505,239,264,0,0,0,2,505,0,153
제주특별자치도,서귀포시,소계,,123281,89415,46621,41613,54,76,194,291,88849,566,33866
제주특별자치도,서귀포시,재외투표,,1304,909,524,366,3,4,1,2,900,9,395
제주특별자치도,서귀포시,국내부재자투표,,4059,3710,1511,2078,9,9,11,14,3632,78,349
제주특별자치도,서귀포시,소계,,117918,84796,44586,39169,42,63,182,275,84317,479,33122
제주특별자치도,서귀포시,대정읍,소계,13037,9486,5135,4212,4,5,13,36,9405,81,3551
제주특별자치도,서귀포시,,대정읍제1투,2724,2013,1122,869,0,0,1,6,1998,15,711
제주특별자치도,서귀포시,,대정읍제2투,2141,1529,852,658,1,1,1,3,1516,13,612
제주특별자치도,서귀포시,,대정읍제3투,1334,986,458,517,0,0,1,6,982,4,348
제주특별자치도,서귀포시,,대정읍제4투,575,429,244,180,0,0,1,1,426,3,146
제주특별자치도,서귀포시,,대정읍제5투,1188,884,520,350,1,0,1,4,876,8,304
제주특별자치도,서귀포시,,대정읍제6투,214,141,90,49,0,0,1,0,140,1,73
제주특별자치도,서귀포시,,대정읍제7투,696,547,270,258,0,0,1,4,533,14,149
제주특별자치도,서귀포시,,대정읍제8투,2465,1684,924,739,0,3,4,4,1674,10,781
제주특별자치도,서귀포시,,대정읍제9투,439,343,203,134,2,0,0,2,341,2,96
제주특별자치도,서귀포시,,대정읍제10투,517,388,179,204,0,1,0,2,386,2,129
제주특별자치도,서귀포시,,대정읍제11투,354,261,119,136,0,0,0,2,257,4,93
제주특별자치도,서귀포시,,대정읍제12투,390,281,154,118,0,0,2,2,276,5,109
제주특별자치도,서귀포시,남원읍,소계,14155,10304,5369,4786,3,4,23,45,10230,74,3851
제주특별자치도,서귀포시,,남원읍제1투,692,501,291,196,0,1,2,6,496,5,191
제주특별자치도,서귀포시,,남원읍제2투,1370,984,518,456,0,0,1,1,976,8,386
제주특별자치도,서귀포시,,남원읍제3투,862,654,365,282,1,0,1,1,650,4,208
제주특별자치도,서귀포시,,남원읍제4투,2677,1890,958,912,1,0,4,6,1881,9,787
제주특별자치도,서귀포시,,남원읍제5투,1333,969,541,410,1,1,3,3,959,10,364
제주특별자치도,서귀포시,,남원읍제6투,1562,1146,590,538,0,1,2,5,1136,10,416
제주특별자치도,서귀포시,,남원읍제7투,927,673,360,303,0,1,0,4,668,5,254
제주특별자치도,서귀포시,,남원읍제8투,2147,1561,772,772,0,0,5,7,1556,5,586
제주특별자치도,서귀포시,,남원읍제9투,420,292,147,138,0,0,1,3,289,3,128
제주특별자치도,서귀포시,,남원읍제10투,638,483,255,215,0,0,1,4,475,8,155
제주특별자치도,서귀포시,,남원읍제11투,299,229,119,104,0,0,1,2,226,3,70
제주특별자치도,서귀포시,,남원읍제12투,447,327,174,151,0,0,1,1,327,0,120
제주특별자치도,서귀포시,,남원읍제13투,439,344,159,182,0,0,0,1,342,2,95
제주특별자치도,서귀포시,,남원읍제14투,342,251,120,127,0,0,1,1,249,2,91
제주특별자치도,서귀포시,성산읍,소계,11202,7865,4717,3019,7,9,18,37,7807,58,3337
제주특별자치도,서귀포시,,성산읍제1투,1422,971,600,366,0,0,1,0,967,4,451
제주특별자치도,서귀포시,,성산읍제2투,873,637,392,234,0,2,0,4,632,5,236
제주특별자치도,서귀포시,,성산읍제3투,2526,1591,875,701,0,1,4,2,1583,8,935
제주특별자치도,서귀포시,,성산읍제4투,953,689,411,267,0,0,1,3,682,7,264
제주특별자치도,서귀포시,,성산읍제5투,1095,788,480,293,4,0,4,1,782,6,307
제주특별자치도,서귀포시,,성산읍제6투,931,684,395,277,1,1,0,4,678,6,247
제주특별자치도,서귀포시,,성산읍제7투,541,396,255,131,1,1,1,5,394,2,145
제주특별자치도,서귀포시,,성산읍제8투,365,280,180,93,0,0,0,4,277,3,85
제주특별자치도,서귀포시,,성산읍제9투,772,553,351,189,1,1,0,8,550,3,219
제주특별자치도,서귀포시,,성산읍제10투,480,360,200,152,0,0,1,1,354,6,120
제주특별자치도,서귀포시,,성산읍제11투,796,584,412,162,0,3,2,0,579,5,212
제주특별자치도,서귀포시,,성산읍제12투,448,332,166,154,0,0,4,5,329,3,116
제주특별자치도,서귀포시,안덕면,소계,7457,5521,2901,2540,2,10,16,27,5496,25,1936
제주특별자치도,서귀포시,,안덕면제1투,1857,1344,728,594,2,2,5,6,1337,7,513
제주특별자치도,서귀포시,,안덕면제2투,1679,1243,698,529,0,2,4,4,1237,6,436
제주특별자치도,서귀포시,,안덕면제3투,742,568,302,258,0,1,2,3,566,2,174
제주특별자치도,서귀포시,,안덕면제4투,943,672,337,326,0,2,0,4,669,3,271
제주특별자치도,서귀포시,,안덕면제5투,657,492,238,247,0,2,1,3,491,1,165
제주특별자치도,서귀포시,,안덕면제6투,429,306,169,131,0,0,0,3,303,3,123
제주특별자치도,서귀포시,,안덕면제7투,685,532,251,273,0,1,3,2,530,2,153
제주특별자치도,서귀포시,,안덕면제8투,465,364,178,182,0,0,1,2,363,1,101
제주특별자치도,서귀포시,표선면,소계,8418,6056,3343,2626,6,4,21,28,6028,28,2362
제주특별자치도,서귀포시,,표선면제1투,3611,2487,1401,1062,2,1,4,9,2479,8,1124
제주특별자치도,서귀포시,,표선면제2투,745,557,353,194,0,1,2,3,553,4,188
제주특별자치도,서귀포시,,표선면제3투,995,755,491,250,1,1,3,4,750,5,240
제주특별자치도,서귀포시,,표선면제4투,595,436,234,196,1,0,1,3,435,1,159
제주특별자치도,서귀포시,,표선면제5투,935,695,294,391,1,0,3,3,692,3,240
제주특별자치도,서귀포시,,표선면제6투,323,247,94,146,0,1,2,2,245,2,76
제주특별자치도,서귀포시,,표선면제7투,524,385,237,141,1,0,3,0,382,3,139
제주특별자치도,서귀포시,,표선면제8투,468,340,163,171,0,0,2,3,339,1,128
제주특별자치도,서귀포시,,표선면제9투,222,154,76,75,0,0,1,1,153,1,68
제주특별자치도,서귀포시,송산동,소계,3915,2654,1547,1079,1,1,5,6,2639,15,1261
제주특별자치도,서귀포시,,송산동제1투,2033,1300,764,524,1,0,2,2,1293,7,733
제주특별자치도,서귀포시,,송산동제2투,1882,1354,783,555,0,1,3,4,1346,8,528
제주특별자치도,서귀포시,정방동,소계,2334,1426,844,574,0,2,3,1,1424,2,908
제주특별자치도,서귀포시,,정방동투표소,2334,1426,844,574,0,2,3,1,1424,2,908
제주특별자치도,서귀포시,중앙동,소계,3536,2341,1341,986,1,0,1,4,2333,8,1195
제주특별자치도,서귀포시,,중앙동투표소,3536,2341,1341,986,1,0,1,4,2333,8,1195
제주특별자치도,서귀포시,천지동,소계,3185,2180,1275,887,0,2,4,2,2170,10,1005
제주특별자치도,서귀포시,,천지동제1투,2930,1977,1165,794,0,2,4,2,1967,10,953
제주특별자치도,서귀포시,,천지동제2투,255,203,110,93,0,0,0,0,203,0,52
제주특별자치도,서귀포시,효돈동,소계,3916,2974,1601,1339,3,0,6,7,2956,18,942
제주특별자치도,서귀포시,,효돈동제1투,1413,1080,539,530,1,0,1,3,1074,6,333
제주특별자치도,서귀포시,,효돈동제2투,2503,1894,1062,809,2,0,5,4,1882,12,609
제주특별자치도,서귀포시,영천동,소계,3837,2699,1369,1296,2,3,4,10,2684,15,1138
제주특별자치도,서귀포시,,영천동제1투,2747,1898,938,941,2,0,2,6,1889,9,849
제주특별자치도,서귀포시,,영천동제2투,585,439,231,199,0,3,2,3,438,1,146
제주특별자치도,서귀포시,,영천동제3투,505,362,200,156,0,0,0,1,357,5,143
제주특별자치도,서귀포시,동홍동,소계,14746,10616,4972,5558,1,8,17,18,10574,42,4130
제주특별자치도,서귀포시,,동홍동제1투,3745,2649,1193,1440,1,2,3,3,2642,7,1096
제주특별자치도,서귀포시,,동홍동제2투,3799,2707,1273,1411,0,0,4,7,2695,12,1092
제주특별자치도,서귀포시,,동홍동제3투,4299,3159,1447,1691,0,2,6,3,3149,10,1140
제주특별자치도,서귀포시,,동홍동제4투,2903,2101,1059,1016,0,4,4,5,2088,13,802
제주특별자치도,서귀포시,서홍동,소계,6322,4484,2195,2238,1,8,8,5,4455,29,1838
제주특별자치도,서귀포시,,서홍동제1투,3876,2773,1304,1428,1,3,8,5,2749,24,1103
제주특별자치도,서귀포시,,서홍동제2투,2446,1711,891,810,0,5,0,0,1706,5,735
제주특별자치도,서귀포시,대륜동,소계,7070,5175,2759,2375,3,2,12,9,5160,15,1895
제주특별자치도,서귀포시,,대륜동제1투,1963,1407,835,558,1,0,3,5,1402,5,556
제주특별자치도,서귀포시,,대륜동제2투,1022,736,412,318,1,0,3,0,734,2,286
제주특별자치도,서귀포시,,대륜동제3투,1501,1073,543,519,0,1,4,3,1070,3,428
제주특별자치도,서귀포시,,대륜동제4투,2584,1959,969,980,1,1,2,1,1954,5,625
제주특별자치도,서귀포시,대천동,소계,5342,4018,1887,2098,3,1,9,7,4005,13,1324
제주특별자치도,서귀포시,,대천동제1투,1438,1107,450,644,1,1,3,3,1102,5,331
제주특별자치도,서귀포시,,대천동제2투,772,565,298,263,0,0,2,0,563,2,207
제주특별자치도,서귀포시,,대천동제3투,758,556,315,236,0,0,2,0,553,3,202
제주특별자치도,서귀포시,,대천동제4투,524,396,166,224,0,0,2,2,394,2,128
제주특별자치도,서귀포시,,대천동제5투,1850,1394,658,731,2,0,0,2,1393,1,456
제주특별자치도,서귀포시,중문동,소계,6655,4915,2279,2556,3,3,15,27,4883,32,1740
제주특별자치도,서귀포시,,중문동제1투,3739,2725,1296,1395,0,0,8,11,2710,15,1014
제주특별자치도,서귀포시,,중문동제2투,1227,901,443,426,1,2,4,10,886,15,326
제주특별자치도,서귀포시,,중문동제3투,1161,891,335,546,2,1,2,3,889,2,270
제주특별자치도,서귀포시,,중문동제4투,528,398,205,189,0,0,1,3,398,0,130
제주특별자치도,서귀포시,예래동,소계,2791,2082,1052,1000,2,1,7,6,2068,14,709
제주특별자치도,서귀포시,,예래동제1투,629,480,256,218,0,0,1,3,478,2,149
제주특별자치도,서귀포시,,예래동제2투,1760,1302,658,625,1,1,4,2,1291,11,458
제주특별자치도,서귀포시,,예래동제3투,402,300,138,157,1,0,2,1,299,1,102
